# First value is number of nodes (N)
30 
# Next N numbers describe the node locations
12 294
55 266
89 293
10 251
118 177
24 211
147 159
11 127
21 70
86 94
63 291
171 287
161 202
152 37
175 45
188 77
103 8
111 147
88 241
104 75
80 42
62 43
149 114
189 156
102 183
142 292
33 286
64 217
19 181
90 266
# Remaining lines are the edges.
# The first value is the source node index.
# The second value is the target node index.
0 1
0 2
0 3
1 27
1 29
2 25
2 29
3 26
3 28
4 5
4 6
4 29
5 24
5 28
6 22
6 23
7 8
7 9
7 28
8 18
8 21
9 19
9 20
10 25
10 26
10 27
11 12
11 25
11 26
12 23
12 24
13 14
13 16
13 22
14 15
14 20
15 19
15 23
16 20
16 21
17 19
17 21
17 22
18 24
18 27
