# First value is number of nodes (N)
32 
# Next N numbers describe the node locations
94 305
145 351
161 296
64 276
222 304
227 251
199 261
186 204
8 170
184 203
8 107
127 27
85 52
124 154
23 33
72 82
74 8
112 84
75 114
108 124
8 25
48 187
162 79
128 160
198 93
94 296
154 214
199 331
110 253
34 224
104 264
145 303
# Remaining lines are the edges.
# The first value is the source node index.
# The second value is the target node index.
0 1
0 2
0 3
1 27
1 31
2 28
2 31
3 29
3 30
4 5
4 27
4 31
5 6
5 7
6 26
6 27
7 24
7 25
8 9
8 10
8 29
9 19
9 21
10 18
10 20
11 15
11 16
11 22
12 14
12 15
12 16
13 14
13 18
13 23
14 20
15 19
16 20
17 18
17 19
17 22
21 26
21 29
22 24
23 24
23 28
25 26
25 30
28 30
