# First value is number of nodes (N)
34 
# Next N numbers describe the node locations
209 245
196 197
182 246
184 275
89 60
155 61
142 56
72 279
89 108
8 136
143 120
192 68
206 62
66 120
61 90
27 124
125 17
254 94
224 99
225 17
61 58
21 69
77 49
165 29
254 153
109 103
146 132
170 137
110 205
248 229
91 300
129 304
186 315
225 301
# Remaining lines are the edges.
# The first value is the source node index.
# The second value is the target node index.
0 1
0 2
0 3
1 30
1 33
2 29
2 31
3 28
3 32
4 5
4 6
4 27
5 24
5 25
6 22
6 23
7 8
7 9
7 25
8 14
8 20
9 15
9 21
10 11
10 12
10 26
11 16
11 18
12 17
12 19
13 14
13 15
13 26
14 21
15 20
16 19
16 24
17 18
17 24
18 23
19 23
20 22
21 22
25 30
26 28
27 28
27 29
29 33
30 31
31 32
32 33
