# First value is number of nodes (N)
34 
# Next N numbers describe the node locations
150 256
139 241
139 309
231 281
262 85
234 133
216 108
216 58
196 88
184 9
178 81
49 165
162 138
163 90
22 27
262 125
38 208
8 214
281 260
255 173
144 156
151 76
114 167
21 278
19 245
42 231
261 318
233 225
206 315
237 260
254 307
124 83
83 226
77 302
# Remaining lines are the edges.
# The first value is the source node index.
# The second value is the target node index.
0 1
0 2
0 3
1 31
1 32
2 28
2 33
3 29
3 30
4 5
4 6
4 7
5 12
5 15
6 8
6 13
7 9
7 14
8 10
8 14
9 10
9 13
10 12
11 16
11 17
11 20
12 20
13 21
14 21
15 18
15 19
16 22
16 24
17 23
17 25
18 26
18 29
19 27
19 30
20 31
21 31
22 25
22 33
23 24
23 33
24 32
25 32
26 28
26 30
27 28
27 29
