# First value is number of nodes (N)
30 
# Next N numbers describe the node locations
152 203
89 192
149 177
204 184
288 55
263 67
250 9
10 100
91 25
10 48
70 47
116 47
48 27
128 9
107 78
170 61
192 25
49 123
91 85
72 98
125 19
228 80
225 94
245 186
246 148
197 131
155 131
93 158
56 187
113 121
# Remaining lines are the edges.
# The first value is the source node index.
# The second value is the target node index.
0 1
0 2
0 3
1 28
1 29
2 25
2 27
3 24
3 26
4 5
4 6
4 23
5 21
5 22
6 15
6 16
7 9
7 17
7 19
8 10
8 18
8 20
9 10
9 11
10 12
11 14
11 18
12 13
12 17
13 16
13 20
14 15
14 19
15 22
16 21
17 28
18 29
19 27
20 26
21 25
22 24
23 24
23 25
26 29
27 28
