# First value is number of nodes (N)
28 
# Next N numbers describe the node locations
199 254
248 283
273 227
183 264
306 203
319 126
278 93
216 36
167 8
134 87
43 98
39 145
148 170
23 188
49 217
83 55
130 46
123 29
266 67
203 155
311 98
59 328
159 330
79 279
134 323
115 294
286 249
225 308
# Remaining lines are the edges.
# The first value is the source node index.
# The second value is the target node index.
0 1
0 2
0 3
1 26
1 27
2 26
2 27
3 24
3 25
4 5
4 6
4 26
5 19
5 20
6 19
6 20
7 8
7 9
7 18
8 16
8 17
9 16
9 17
10 11
10 12
10 15
11 13
11 14
12 13
12 14
13 21
14 21
15 16
15 17
18 19
18 20
21 23
22 24
22 25
22 27
23 24
23 25
