# First value is number of nodes (N)
34 
# Next N numbers describe the node locations
121 186
143 237
144 251
19 223
242 154
244 151
146 56
275 124
290 72
281 80
41 78
20 82
62 21
32 58
292 16
231 75
195 118
235 11
23 86
29 8
250 76
276 38
259 61
50 16
231 83
256 173
18 118
69 127
45 207
124 277
187 196
164 272
101 282
91 256
# Remaining lines are the edges.
# The first value is the source node index.
# The second value is the target node index.
0 1
0 2
0 3
1 30
1 33
2 29
2 31
3 28
3 32
4 5
4 6
4 27
5 24
5 25
6 22
6 23
7 8
7 9
7 25
8 14
8 20
9 15
9 21
10 12
10 18
10 26
11 13
11 19
11 26
12 16
12 19
13 16
13 18
14 17
14 21
15 17
15 20
16 24
17 24
18 23
19 23
20 22
21 22
25 30
26 28
27 28
27 29
29 33
30 31
31 32
32 33
