# First value is number of nodes (N)
30 
# Next N numbers describe the node locations
173 301
207 265
158 371
223 317
145 57
61 52
100 58
18 67
131 8
131 34
30 51
34 18
130 330
62 256
66 95
39 310
104 92
12 217
40 233
66 145
122 142
53 310
40 327
223 351
88 219
92 217
46 333
122 418
195 339
253 339
# Remaining lines are the edges.
# The first value is the source node index.
# The second value is the target node index.
0 1
0 2
0 3
1 24
1 25
2 26
2 27
3 28
3 29
4 8
4 9
4 16
5 10
5 11
5 16
6 8
6 9
6 14
7 10
7 11
7 14
8 9
10 11
12 15
12 22
12 23
13 15
13 17
13 18
14 19
15 21
16 20
17 18
17 19
18 25
19 24
20 21
20 25
21 24
22 26
22 27
23 28
23 29
26 27
28 29
