# First value is number of nodes (N)
34 
# Next N numbers describe the node locations
159 294
166 251
215 321
102 259
202 130
250 91
114 145
17 43
71 147
45 15
41 23
296 200
117 8
179 16
296 154
275 80
198 34
204 36
259 25
47 75
8 107
129 149
122 252
64 166
48 184
24 167
294 268
255 257
9 226
127 261
252 238
234 268
274 317
276 292
# Remaining lines are the edges.
# The first value is the source node index.
# The second value is the target node index.
0 1
0 2
0 3
1 30
1 33
2 31
2 32
3 28
3 29
4 5
4 6
4 21
5 15
5 17
6 16
6 18
7 9
7 10
7 20
8 9
8 10
8 19
9 12
10 12
11 14
11 26
11 27
12 13
13 17
13 18
14 15
14 16
15 18
16 17
19 20
19 24
20 25
21 22
21 23
22 24
22 29
23 25
23 28
24 28
25 29
26 30
26 32
27 31
27 33
30 31
32 33
