# First value is number of nodes (N)
38 
# Next N numbers describe the node locations
188 236
152 180
226 245
225 278
228 147
193 83
154 73
93 28
38 30
77 314
77 290
21 46
132 236
145 277
66 256
14 124
10 104
42 115
16 215
8 175
52 185
42 296
81 61
74 58
99 59
201 190
61 190
67 71
74 82
146 298
86 140
261 218
62 94
120 128
224 258
248 266
197 309
191 238
# Remaining lines are the edges.
# The first value is the source node index.
# The second value is the target node index.
0 1
0 2
0 3
1 32
1 33
2 35
2 37
3 34
3 36
4 5
4 25
4 31
5 6
5 7
6 24
6 30
7 22
7 23
8 11
8 22
8 24
9 14
9 21
9 29
10 13
10 20
10 29
11 16
11 23
12 13
12 14
12 25
13 21
14 20
15 16
15 22
15 27
16 19
17 18
17 26
17 28
18 19
18 21
19 20
23 27
24 28
25 37
26 30
26 33
27 33
28 32
29 36
30 32
31 34
31 35
34 37
35 36
