# First value is number of nodes (N)
34 
# Next N numbers describe the node locations
295 267
237 224
269 266
214 275
288 105
292 27
266 78
65 97
8 115
45 80
76 185
44 119
162 79
39 80
39 103
41 54
118 90
118 34
171 131
248 83
189 30
240 8
231 98
284 55
235 39
133 255
168 214
265 177
192 122
296 229
215 244
264 254
267 288
299 268
# Remaining lines are the edges.
# The first value is the source node index.
# The second value is the target node index.
0 1
0 2
0 3
1 30
1 33
2 29
2 31
3 28
3 32
4 5
4 6
4 27
5 21
5 23
6 22
6 24
7 8
7 9
7 16
8 11
8 13
9 12
9 14
10 11
10 12
10 26
11 14
12 13
13 15
14 15
15 17
16 17
16 18
17 20
18 19
18 25
19 23
19 24
20 21
20 22
21 24
22 23
25 26
25 30
26 28
27 28
27 29
29 33
30 31
31 32
32 33
