# First value is number of nodes (N)
34 
# Next N numbers describe the node locations
155 375
96 366
207 391
156 350
191 204
208 160
197 280
35 223
13 231
34 278
36 230
144 58
143 25
191 84
195 13
45 259
40 169
113 68
143 101
162 21
181 45
206 48
53 83
152 110
165 172
118 343
19 271
212 270
52 320
222 307
193 311
125 361
181 364
154 275
# Remaining lines are the edges.
# The first value is the source node index.
# The second value is the target node index.
0 1
0 2
0 3
1 28
1 31
2 29
2 32
3 30
3 33
4 5
4 6
4 27
5 21
5 24
6 22
6 23
7 9
7 16
7 25
8 10
8 16
8 26
9 15
9 26
10 15
10 25
11 13
11 17
11 19
12 14
12 17
12 20
13 18
13 20
14 18
14 19
15 24
16 22
17 22
18 23
19 21
20 21
23 24
25 28
26 28
27 29
27 30
29 33
30 32
31 32
31 33
