# First value is number of nodes (N)
34 
# Next N numbers describe the node locations
114 316
58 298
121 289
340 298
296 36
297 8
323 27
329 103
308 60
350 165
338 50
314 55
360 41
283 108
234 139
228 85
237 236
197 114
28 143
46 171
81 173
81 199
107 190
74 121
171 70
43 215
159 194
133 164
46 244
149 297
127 245
118 296
53 264
102 284
# Remaining lines are the edges.
# The first value is the source node index.
# The second value is the target node index.
0 1
0 2
0 3
1 28
1 31
2 30
2 33
3 29
3 32
4 5
4 6
4 15
5 9
5 11
6 10
6 12
7 11
7 12
7 14
8 9
8 10
8 13
9 12
10 11
13 14
13 17
14 16
15 16
15 17
16 26
17 27
18 20
18 23
18 24
19 21
19 23
19 25
20 22
20 25
21 22
21 24
22 26
23 27
24 28
25 28
26 29
27 30
29 33
30 32
31 32
31 33
