# First value is number of nodes (N)
28 
# Next N numbers describe the node locations
249 309
147 307
254 273
215 303
249 162
301 149
216 152
502 75
375 103
48 30
63 61
12 53
53 51
512 120
472 82
447 69
85 21
21 240
466 136
342 98
409 148
233 16
130 69
367 143
360 118
154 93
142 114
243 222
# Remaining lines are the edges.
# The first value is the source node index.
# The second value is the target node index.
0 1
0 2
0 3
1 3
1 27
2 3
2 27
4 5
4 6
4 27
5 23
5 24
6 25
6 26
7 13
7 14
7 15
8 13
8 14
8 15
9 11
9 12
9 16
10 11
10 12
10 16
11 17
12 17
13 18
14 18
15 19
16 21
17 22
18 20
19 23
19 24
20 23
20 24
21 25
21 26
22 25
22 26
