# First value is number of nodes (N)
34 
# Next N numbers describe the node locations
90 314
187 258
105 339
287 369
249 15
234 51
297 19
314 32
299 227
261 65
196 27
305 54
322 84
81 151
280 121
130 141
89 255
44 183
187 112
103 307
61 249
165 241
228 133
8 242
34 246
151 190
202 215
29 298
60 334
240 138
179 352
175 376
164 368
100 378
# Remaining lines are the edges.
# The first value is the source node index.
# The second value is the target node index.
0 1
0 2
0 3
1 29
1 32
2 30
2 33
3 28
3 31
4 6
4 8
4 10
5 7
5 9
5 10
6 7
6 11
7 12
8 9
8 12
9 11
10 18
11 14
12 14
13 15
13 16
13 17
14 22
15 18
15 25
16 19
16 23
17 20
17 24
18 22
19 21
19 24
20 21
20 23
21 25
22 26
23 27
24 27
25 26
26 29
27 28
28 33
29 30
30 31
31 32
32 33
