# First value is number of nodes (N)
30 
# Next N numbers describe the node locations
161 236
90 268
111 221
203 208
126 11
62 26
134 8
86 130
56 178
122 48
165 25
97 90
38 58
60 143
162 176
194 33
187 42
201 84
121 154
8 151
86 183
96 227
94 143
157 182
186 164
151 123
106 241
26 230
81 244
121 193
# Remaining lines are the edges.
# The first value is the source node index.
# The second value is the target node index.
0 1
0 2
0 3
1 26
1 27
2 28
2 29
3 24
3 25
4 6
4 10
4 11
5 6
5 9
5 12
6 15
7 11
7 13
7 20
8 12
8 14
8 21
9 10
9 17
10 16
11 18
12 19
13 19
13 22
14 18
14 23
15 16
15 17
16 25
17 24
18 29
19 28
20 23
20 27
21 22
21 26
22 25
23 24
26 29
27 28
