# First value is number of nodes (N)
28 
# Next N numbers describe the node locations
62 141
151 142
86 181
208 168
525 25
502 24
481 85
529 44
469 8
494 87
413 105
438 89
360 140
407 71
90 133
342 87
113 25
53 80
8 102
91 110
279 99
138 59
197 18
425 31
129 107
235 167
37 150
142 192
# Remaining lines are the edges.
# The first value is the source node index.
# The second value is the target node index.
0 1
0 2
0 3
1 24
1 27
2 26
2 27
3 25
3 27
4 6
4 7
4 8
5 6
5 7
5 8
6 9
7 9
8 10
9 11
10 12
10 13
11 12
11 13
12 15
13 15
14 16
14 17
14 21
15 20
16 18
16 19
17 18
17 19
18 26
19 26
20 23
20 25
21 22
21 24
22 23
22 25
23 24
