# First value is number of nodes (N)
32 
# Next N numbers describe the node locations
69 281
12 272
88 323
147 220
43 247
89 234
47 159
197 262
204 210
238 234
163 44
146 115
80 73
111 98
123 23
197 66
200 16
218 113
166 70
209 8
214 198
167 126
195 228
120 84
32 107
8 159
70 144
171 218
16 223
79 226
137 295
31 311
# Remaining lines are the edges.
# The first value is the source node index.
# The second value is the target node index.
0 1
0 2
0 3
1 28
1 31
2 30
2 31
3 27
3 29
4 5
4 6
4 31
5 29
5 30
6 25
6 26
7 8
7 9
7 30
8 21
8 22
9 20
9 22
10 15
10 16
10 23
11 13
11 17
11 23
12 13
12 14
12 24
13 21
14 18
14 19
15 17
15 19
16 18
16 19
17 20
18 21
20 27
22 27
23 26
24 25
24 26
25 28
28 29
