# First value is number of nodes (N)
34 
# Next N numbers describe the node locations
159 219
124 230
164 229
134 136
225 20
169 17
225 20
74 61
214 169
236 90
70 61
268 37
278 34
57 58
186 86
88 51
259 153
152 134
167 28
72 136
38 103
207 52
101 86
267 80
118 138
135 85
232 163
180 151
186 184
122 197
178 103
35 44
198 235
259 209
# Remaining lines are the edges.
# The first value is the source node index.
# The second value is the target node index.
0 1
0 2
0 3
1 29
1 32
2 28
2 33
3 30
3 31
4 12
4 14
4 18
5 13
5 15
5 19
6 11
6 14
6 16
7 10
7 15
7 17
8 9
8 26
8 27
9 16
9 17
10 13
10 20
11 12
11 21
12 23
13 22
14 24
15 25
16 23
17 22
18 21
18 25
19 20
19 24
20 31
21 30
22 31
23 30
24 29
25 28
26 29
26 33
27 28
27 32
32 33
