# First value is number of nodes (N)
32 
# Next N numbers describe the node locations
19 174
102 221
123 210
97 193
244 230
154 165
144 131
184 130
210 77
178 97
194 29
60 155
27 95
24 15
152 25
53 81
47 112
52 98
146 46
207 69
177 8
117 77
233 124
239 58
76 140
177 46
172 153
127 106
146 184
61 155
139 114
205 231
# Remaining lines are the edges.
# The first value is the source node index.
# The second value is the target node index.
0 1
0 2
0 3
1 30
1 31
2 28
2 31
3 27
3 29
4 5
4 6
4 31
5 24
5 30
6 25
6 26
7 8
7 27
7 30
8 9
8 10
9 21
9 22
10 20
10 23
11 12
11 16
11 29
12 13
12 17
13 14
13 15
14 18
14 25
15 16
15 24
16 21
17 21
17 24
18 20
18 27
19 20
19 23
19 25
22 23
22 26
26 28
28 29
