# First value is number of nodes (N)
30 
# Next N numbers describe the node locations
102 221
140 245
69 185
102 133
223 13
227 36
236 113
142 13
66 21
141 14
275 91
247 149
47 46
53 58
55 54
57 49
139 108
305 170
191 108
258 156
79 99
10 92
191 211
242 170
206 232
38 71
8 158
103 240
151 161
30 217
# Remaining lines are the edges.
# The first value is the source node index.
# The second value is the target node index.
0 1
0 2
0 3
1 24
1 27
2 25
2 29
3 26
3 28
4 5
4 6
4 7
5 6
5 10
6 11
7 8
7 9
8 12
8 14
9 13
9 15
10 16
10 17
11 18
11 19
12 15
12 21
13 14
13 21
14 20
15 20
16 18
16 22
17 19
17 23
18 23
19 22
20 25
21 26
22 24
23 24
25 28
26 29
27 28
27 29
