# First value is number of nodes (N)
30 
# Next N numbers describe the node locations
62 306
83 291
60 307
61 275
8 129
46 109
13 63
195 100
252 146
184 130
260 198
190 177
153 50
117 73
95 19
72 78
94 108
36 8
49 32
147 106
237 181
236 275
164 267
181 207
105 264
45 217
122 242
141 271
20 195
120 308
# Remaining lines are the edges.
# The first value is the source node index.
# The second value is the target node index.
0 1
0 2
0 3
1 26
1 27
2 3
2 29
3 28
4 5
4 6
4 28
5 15
5 16
6 17
6 18
7 8
7 9
7 12
8 10
8 19
9 11
9 20
10 20
10 21
11 19
11 21
12 13
12 14
13 15
13 16
14 17
14 18
15 16
17 18
19 23
20 23
21 22
22 26
22 29
23 27
24 25
24 27
24 29
25 26
25 28
