# First value is number of nodes (N)
32 
# Next N numbers describe the node locations
152 334
99 324
221 328
167 281
133 195
150 249
95 209
226 206
212 149
189 98
151 169
105 129
131 70
100 58
120 8
8 39
59 66
31 79
65 15
15 47
83 138
163 46
50 146
116 93
182 121
45 215
123 148
179 220
72 278
115 293
214 262
98 294
# Remaining lines are the edges.
# The first value is the source node index.
# The second value is the target node index.
0 1
0 2
0 3
1 28
1 31
2 30
2 31
3 27
3 29
4 5
4 6
4 31
5 29
5 30
6 25
6 26
7 8
7 27
7 30
8 9
8 10
9 21
9 24
10 20
10 27
11 20
11 22
11 24
12 13
12 14
12 23
13 17
13 19
14 18
14 21
15 17
15 18
15 19
16 18
16 19
16 20
17 22
21 23
22 25
23 26
24 26
25 28
28 29
