# First value is number of nodes (N)
34 
# Next N numbers describe the node locations
138 186
139 106
189 194
115 242
284 107
191 41
167 14
235 8
208 27
276 27
283 228
110 115
282 229
273 291
110 149
37 137
224 76
233 54
114 50
271 163
94 220
8 122
233 295
244 268
230 269
215 320
8 160
42 182
69 104
168 289
56 223
216 276
210 142
142 152
# Remaining lines are the edges.
# The first value is the source node index.
# The second value is the target node index.
0 1
0 2
0 3
1 28
1 33
2 31
2 32
3 29
3 30
4 8
4 9
4 19
5 6
5 7
5 18
6 8
6 16
7 9
7 17
8 17
9 16
10 12
10 13
10 19
11 14
11 15
11 18
12 22
12 24
13 23
13 25
14 20
14 26
15 21
15 27
16 33
17 33
18 32
19 32
20 27
20 28
21 26
21 28
22 25
22 31
23 24
23 31
24 29
25 29
26 30
27 30
