# First value is number of nodes (N)
34 
# Next N numbers describe the node locations
68 284
43 273
32 319
108 271
175 225
165 184
214 187
12 121
180 147
84 50
287 199
197 30
202 22
72 63
56 65
128 20
110 59
108 119
302 160
273 133
298 102
256 131
261 168
238 140
98 178
47 146
211 230
254 306
169 269
84 322
20 207
21 219
126 181
46 210
# Remaining lines are the edges.
# The first value is the source node index.
# The second value is the target node index.
0 1
0 2
0 3
1 30
1 33
2 29
2 31
3 28
3 32
4 5
4 6
4 27
5 24
5 26
6 22
6 23
7 8
7 9
7 25
8 13
8 15
9 14
9 16
10 18
10 19
10 26
11 12
11 20
11 21
12 15
12 16
13 16
13 17
14 15
14 17
17 24
18 20
18 22
19 21
19 23
20 23
21 22
24 25
25 30
26 28
27 28
27 29
29 33
30 31
31 32
32 33
