# First value is number of nodes (N)
32 
# Next N numbers describe the node locations
83 289
126 292
129 254
42 250
192 132
102 20
74 167
88 122
9 78
50 71
220 161
207 95
173 39
108 114
68 8
46 85
43 31
173 149
191 83
77 41
128 15
146 140
81 167
18 129
113 177
196 222
71 208
33 206
153 242
177 264
186 228
91 246
# Remaining lines are the edges.
# The first value is the source node index.
# The second value is the target node index.
0 1
0 2
0 3
1 29
1 31
2 28
2 30
3 26
3 27
4 17
4 18
4 21
5 19
5 20
5 21
6 7
6 22
6 24
7 8
7 13
8 16
8 23
9 14
9 15
9 23
10 11
10 17
10 25
11 12
11 18
12 15
12 20
13 18
13 22
14 16
14 20
15 19
16 19
17 24
21 30
22 26
23 27
24 26
25 28
25 29
27 31
28 31
29 30
