# First value is number of nodes (N)
38 
# Next N numbers describe the node locations
98 257
99 270
50 281
86 247
225 41
169 12
266 99
41 26
49 44
46 16
230 70
176 53
255 190
213 80
23 55
84 37
108 58
248 171
178 108
45 121
61 152
272 210
242 216
161 209
219 216
233 254
90 102
159 152
191 293
201 181
116 220
8 164
157 185
158 269
21 231
131 297
91 282
65 232
# Remaining lines are the edges.
# The first value is the source node index.
# The second value is the target node index.
0 1
0 2
0 3
1 33
1 36
2 34
2 35
3 32
3 37
4 5
4 6
4 13
5 7
5 11
6 10
6 12
7 8
7 9
8 15
8 19
9 14
9 20
10 11
10 17
11 18
12 21
12 22
13 17
13 18
14 16
14 19
15 16
15 20
16 26
17 26
18 27
19 31
20 30
21 25
21 29
22 24
22 28
23 24
23 25
23 27
24 29
25 28
26 32
27 33
28 35
29 32
30 31
30 33
31 34
34 37
35 36
36 37
