# First value is number of nodes (N)
30 
# Next N numbers describe the node locations
250 334
269 386
208 337
228 286
226 156
229 183
364 42
388 26
53 66
56 33
61 164
8 73
430 45
386 75
354 34
55 105
68 158
389 83
334 85
110 100
131 63
276 102
254 140
229 156
203 397
208 442
248 409
397 326
226 223
190 390
# Remaining lines are the edges.
# The first value is the source node index.
# The second value is the target node index.
0 1
0 2
0 3
1 26
1 27
2 3
2 29
3 28
4 20
4 21
4 28
5 22
5 23
5 28
6 12
6 13
6 14
7 12
7 13
7 14
8 9
8 10
8 15
9 11
9 16
10 11
10 16
11 15
12 17
13 17
14 18
15 19
16 19
17 18
18 21
19 20
20 23
21 22
22 23
24 26
24 27
24 29
25 26
25 27
25 29
