# First value is number of nodes (N)
34 
# Next N numbers describe the node locations
113 402
138 314
26 395
66 377
229 182
172 224
40 182
17 49
14 121
85 24
27 8
39 25
59 194
63 85
86 11
35 80
61 111
185 115
120 48
221 71
116 120
123 132
201 161
237 127
129 263
55 275
182 232
28 341
127 269
49 305
20 365
21 266
16 408
104 301
# Remaining lines are the edges.
# The first value is the source node index.
# The second value is the target node index.
0 1
0 2
0 3
1 28
1 31
2 29
2 32
3 30
3 33
4 21
4 23
4 26
5 22
5 24
5 26
6 8
6 12
6 25
7 8
7 9
7 10
8 16
9 11
9 14
10 11
10 14
11 13
12 13
12 15
13 17
14 18
15 16
15 18
16 17
17 20
18 19
19 23
19 24
20 21
20 22
21 24
22 23
25 27
25 28
26 28
27 29
27 30
29 33
30 32
31 32
31 33
