# First value is number of nodes (N)
32 
# Next N numbers describe the node locations
153 233
194 174
191 183
102 216
182 121
26 98
38 116
190 129
219 49
224 56
145 45
213 74
252 60
250 19
187 14
183 11
241 52
126 122
85 18
143 180
165 161
251 89
61 113
32 116
94 114
208 226
88 196
60 157
230 237
257 179
245 183
175 191
# Remaining lines are the edges.
# The first value is the source node index.
# The second value is the target node index.
0 1
0 2
0 3
1 29
1 31
2 28
2 30
3 26
3 27
4 7
4 19
4 20
5 18
5 23
5 24
6 17
6 22
6 24
7 10
7 11
8 14
8 15
8 21
9 13
9 16
9 21
10 15
10 18
11 16
11 17
12 13
12 14
12 20
13 15
14 16
17 23
18 22
19 25
19 26
20 31
21 30
22 27
23 27
24 26
25 28
25 29
28 31
29 30
