# First value is number of nodes (N)
32 
# Next N numbers describe the node locations
194 286
257 283
157 115
128 288
281 138
246 83
266 35
181 101
156 8
161 49
170 73
165 63
101 33
237 43
82 109
49 64
20 119
61 138
22 187
75 201
15 252
76 174
47 243
80 231
278 189
285 220
72 271
188 270
224 236
254 211
262 240
305 252
# Remaining lines are the edges.
# The first value is the source node index.
# The second value is the target node index.
0 1
0 2
0 3
1 28
1 31
2 29
2 30
3 26
3 27
4 5
4 24
4 25
5 6
5 7
6 8
6 10
7 9
7 11
8 9
8 12
9 13
10 11
10 13
11 12
12 15
13 14
14 16
14 17
15 16
15 17
16 18
17 19
18 20
18 21
19 22
19 23
20 22
20 26
21 23
21 27
22 27
23 26
24 28
24 30
25 29
25 31
28 29
30 31
