# First value is number of nodes (N)
30 
# Next N numbers describe the node locations
28 275
167 263
191 288
58 238
233 86
243 151
222 13
188 59
168 55
162 27
177 161
143 8
120 47
157 38
137 156
87 41
20 87
80 191
66 165
40 192
112 240
14 145
244 215
165 299
13 195
97 244
172 215
215 280
229 271
203 217
# Remaining lines are the edges.
# The first value is the source node index.
# The second value is the target node index.
0 1
0 2
0 3
1 26
1 28
2 27
2 29
3 24
3 25
4 5
4 6
4 7
5 10
5 22
6 8
6 11
7 9
7 12
8 12
8 13
9 11
9 13
10 14
10 23
11 15
12 15
13 14
14 17
15 16
16 20
16 21
17 18
17 19
18 20
18 24
19 21
19 25
20 25
21 24
22 28
22 29
23 26
23 27
26 29
27 28
