# First value is number of nodes (N)
30 
# Next N numbers describe the node locations
170 196
173 147
125 180
201 223
125 119
124 149
37 32
60 8
8 46
58 59
89 27
19 87
17 92
117 22
77 158
158 129
63 199
168 93
54 145
149 113
128 219
156 136
176 52
30 178
148 160
151 153
74 223
192 116
229 164
139 246
# Remaining lines are the edges.
# The first value is the source node index.
# The second value is the target node index.
0 1
0 2
0 3
1 25
1 27
2 24
2 26
3 28
3 29
4 5
4 14
4 17
5 15
5 16
6 9
6 10
6 11
7 8
7 10
7 13
8 11
8 12
9 12
9 13
10 21
11 20
12 23
13 22
14 18
14 20
15 19
15 21
16 18
16 23
17 19
17 22
18 29
19 28
20 25
21 24
22 27
23 26
24 25
26 29
27 28
