# First value is number of nodes (N)
32 
# Next N numbers describe the node locations
110 305
167 266
95 296
54 243
116 212
124 231
125 132
8 250
267 107
271 51
228 45
186 8
158 57
246 167
215 108
227 69
234 10
147 39
109 176
137 179
202 149
97 90
216 121
62 288
112 90
161 157
148 176
39 204
226 217
36 307
41 262
163 233
# Remaining lines are the edges.
# The first value is the source node index.
# The second value is the target node index.
0 1
0 2
0 3
1 28
1 31
2 29
2 31
3 27
3 30
4 5
4 6
4 31
5 23
5 26
6 24
6 25
7 27
7 29
7 30
8 9
8 13
8 15
9 10
9 16
10 11
10 14
11 16
11 17
12 14
12 15
12 17
13 20
13 28
14 20
15 22
16 22
17 21
18 19
18 21
18 27
19 25
19 28
20 26
21 24
22 24
23 29
23 30
25 26
