# First value is number of nodes (N)
34 
# Next N numbers describe the node locations
276 252
305 190
338 243
206 259
306 64
92 52
152 24
256 20
258 45
210 8
165 23
64 122
49 93
246 38
227 28
40 137
8 136
71 161
86 107
105 207
43 187
203 186
229 166
89 234
98 111
143 218
339 122
217 155
195 211
139 247
338 204
316 205
342 140
360 183
# Remaining lines are the edges.
# The first value is the source node index.
# The second value is the target node index.
0 1
0 2
0 3
1 30
1 32
2 31
2 33
3 28
3 29
4 7
4 8
4 26
5 6
5 11
5 12
6 9
6 10
7 9
7 13
8 10
8 14
9 14
10 13
11 15
11 17
12 16
12 18
13 21
14 21
15 16
15 19
16 20
17 18
17 20
18 19
19 24
20 23
21 22
22 27
22 28
23 25
23 29
24 25
24 29
25 28
26 32
26 33
27 30
27 31
30 33
31 32
