# First value is number of nodes (N)
34 
# Next N numbers describe the node locations
137 251
273 239
113 248
80 278
279 12
247 63
103 12
51 40
51 8
318 88
267 93
262 76
293 75
227 32
37 63
90 82
159 56
74 78
299 138
144 154
34 44
19 66
131 120
103 138
54 205
247 144
63 216
99 190
183 175
73 146
71 256
33 242
128 225
110 250
# Remaining lines are the edges.
# The first value is the source node index.
# The second value is the target node index.
0 1
0 2
0 3
1 28
1 29
2 30
2 32
3 31
3 33
4 9
4 11
4 13
5 10
5 12
5 13
6 7
6 8
6 16
7 14
7 20
8 15
8 21
9 10
9 18
10 19
11 12
11 19
12 18
13 16
14 17
14 21
15 17
15 20
16 22
17 23
18 25
19 25
20 24
21 24
22 27
22 29
23 26
23 28
24 29
25 28
26 30
26 31
27 32
27 33
30 33
31 32
