# First value is number of nodes (N)
32 
# Next N numbers describe the node locations
73 292
12 280
56 251
128 274
15 175
55 199
23 116
198 209
125 169
222 188
160 25
138 8
146 48
105 37
150 98
212 71
179 121
268 174
244 224
258 121
252 56
134 108
134 57
84 15
94 99
79 151
70 44
233 222
44 209
107 107
56 226
8 230
# Remaining lines are the edges.
# The first value is the source node index.
# The second value is the target node index.
0 1
0 2
0 3
1 28
1 31
2 30
2 31
3 27
3 29
4 5
4 6
4 31
5 29
5 30
6 25
6 26
7 8
7 9
7 30
8 20
8 21
9 18
9 19
10 11
10 13
10 15
11 12
11 23
12 16
12 22
13 23
13 24
14 15
14 22
14 24
15 19
16 20
16 21
17 18
17 19
17 20
18 27
21 27
22 26
23 26
24 25
25 28
28 29
