# First value is number of nodes (N)
34 
# Next N numbers describe the node locations
181 148
120 140
179 95
207 143
265 93
19 57
48 57
394 160
408 168
456 205
466 224
451 190
464 44
429 253
446 211
385 235
413 158
57 28
57 35
47 80
8 91
71 55
319 81
300 122
288 250
358 133
73 26
208 65
172 73
42 148
288 188
305 161
159 78
105 98
# Remaining lines are the edges.
# The first value is the source node index.
# The second value is the target node index.
0 1
0 2
0 3
1 29
1 33
2 28
2 32
3 30
3 31
4 22
4 23
4 27
5 17
5 19
5 20
6 18
6 19
6 21
7 8
7 11
7 13
8 12
8 14
9 10
9 11
9 14
10 12
10 13
11 16
12 16
13 15
14 15
15 24
16 25
17 21
17 26
18 20
18 26
19 33
20 29
21 29
22 24
22 31
23 25
23 30
24 30
25 31
26 28
27 28
27 32
32 33
