# First value is number of nodes (N)
32 
# Next N numbers describe the node locations
454 466
414 468
476 441
487 467
353 376
425 384
343 308
292 290
386 250
203 207
210 193
424 77
52 72
59 325
29 324
49 318
40 484
128 122
142 15
206 63
63 338
41 311
145 77
177 93
321 374
183 308
195 207
317 335
384 345
390 418
472 417
475 485
# Remaining lines are the edges.
# The first value is the source node index.
# The second value is the target node index.
0 1
0 2
0 3
1 29
1 31
2 30
2 31
3 30
3 31
4 27
4 28
4 29
5 28
5 29
5 30
6 7
6 27
6 28
7 8
7 27
8 9
8 10
9 25
9 26
10 25
10 26
11 17
11 18
11 19
12 17
12 18
12 19
13 14
13 15
13 20
14 16
14 21
15 16
15 21
16 20
17 22
18 22
19 23
20 24
21 24
22 23
23 26
24 25
