# First value is number of nodes (N)
36 
# Next N numbers describe the node locations
143 230
201 276
174 265
177 207
138 89
134 221
292 33
167 77
135 54
173 38
184 13
136 12
106 127
79 56
49 194
34 115
45 173
203 62
306 180
275 150
236 159
253 125
309 185
282 204
71 144
26 258
137 127
212 96
121 215
311 119
271 255
189 149
31 217
228 200
105 264
169 274
# Remaining lines are the edges.
# The first value is the source node index.
# The second value is the target node index.
0 1
0 2
0 3
1 30
1 35
2 32
2 34
3 31
3 33
4 9
4 12
4 26
5 14
5 24
5 26
6 10
6 17
6 27
7 8
7 9
7 17
8 12
8 13
9 11
10 11
10 12
11 13
13 15
14 25
14 28
15 16
15 25
16 24
16 28
17 21
18 21
18 23
18 29
19 20
19 22
19 29
20 23
20 27
21 22
22 30
23 30
24 32
25 32
26 31
27 31
28 34
29 33
33 35
34 35
