# First value is number of nodes (N)
34 
# Next N numbers describe the node locations
246 291
158 242
162 277
233 208
244 388
208 370
39 172
123 60
8 98
138 119
173 42
140 172
204 8
133 55
149 17
34 29
71 69
13 81
79 117
45 77
24 33
257 341
263 385
191 366
139 67
203 53
273 301
77 227
258 121
246 245
112 212
94 290
148 323
191 253
# Remaining lines are the edges.
# The first value is the source node index.
# The second value is the target node index.
0 1
0 2
0 3
1 31
1 33
2 30
2 32
3 28
3 29
4 21
4 22
4 23
5 21
5 22
5 23
6 7
6 8
6 27
7 17
7 19
8 18
8 20
9 10
9 13
9 24
10 14
10 25
11 12
11 13
11 25
12 14
12 24
13 16
14 15
15 19
15 20
16 17
16 18
17 20
18 19
21 26
22 26
23 32
24 28
25 28
26 29
27 30
27 31
29 33
30 33
31 32
