# First value is number of nodes (N)
32 
# Next N numbers describe the node locations
119 269
122 258
173 273
80 347
159 96
153 173
165 39
122 74
177 55
22 42
210 34
158 183
48 92
119 168
19 151
192 59
134 183
144 124
181 128
59 143
12 327
86 357
80 319
107 333
151 247
8 210
59 153
17 271
73 258
191 212
113 283
144 327
# Remaining lines are the edges.
# The first value is the source node index.
# The second value is the target node index.
0 1
0 2
0 3
1 27
1 28
2 29
2 31
3 26
3 30
4 5
4 6
4 7
5 13
5 24
6 10
6 11
7 9
7 12
8 9
8 10
8 11
9 15
10 15
11 16
12 13
12 14
13 17
14 19
14 25
15 18
16 17
16 19
17 18
18 29
19 26
20 21
20 22
20 27
21 23
21 31
22 23
22 28
23 30
24 28
24 29
25 26
25 27
30 31
