# First value is number of nodes (N)
32 
# Next N numbers describe the node locations
224 218
179 184
202 176
292 231
83 245
54 200
25 222
149 98
235 113
163 60
278 73
229 24
106 13
119 68
178 89
178 39
321 94
250 118
280 157
290 173
70 54
55 185
29 106
34 150
22 167
39 160
48 187
225 195
339 173
291 145
149 167
150 244
# Remaining lines are the edges.
# The first value is the source node index.
# The second value is the target node index.
0 1
0 2
0 3
1 30
1 31
2 27
2 31
3 28
3 29
4 5
4 6
4 31
5 23
5 25
6 24
6 26
7 8
7 9
7 30
8 12
8 14
9 13
9 15
10 11
10 16
10 17
11 14
11 15
12 15
12 20
13 14
13 20
16 18
16 28
17 19
17 29
18 27
18 29
19 27
19 28
20 22
21 25
21 26
21 30
22 23
22 24
23 26
24 25
