# First value is number of nodes (N)
32 
# Next N numbers describe the node locations
196 162
262 138
145 147
196 202
282 72
12 114
110 74
165 49
178 16
114 55
318 86
342 140
224 9
166 8
55 45
14 91
25 173
338 27
283 41
114 36
348 117
48 150
315 187
75 200
116 131
282 94
270 153
131 199
259 85
142 96
88 159
289 144
# Remaining lines are the edges.
# The first value is the source node index.
# The second value is the target node index.
0 1
0 2
0 3
1 28
1 31
2 29
2 30
3 26
3 27
4 8
4 17
4 25
5 9
5 15
5 16
6 7
6 9
6 24
7 8
7 13
8 12
9 14
10 11
10 17
10 18
11 20
11 22
12 13
12 18
13 19
14 15
14 19
15 21
16 21
16 23
17 20
18 28
19 29
20 31
21 30
22 26
22 31
23 27
23 30
24 27
24 29
25 26
25 28
