# First value is number of nodes (N)
30 
# Next N numbers describe the node locations
96 182
95 246
155 284
178 207
229 109
194 76
241 98
38 83
72 45
34 101
74 109
24 17
96 117
154 113
69 13
180 60
200 8
200 75
237 46
184 102
200 60
73 89
27 277
253 201
54 183
201 275
190 150
89 290
158 251
195 297
# Remaining lines are the edges.
# The first value is the source node index.
# The second value is the target node index.
0 1
0 2
0 3
1 24
1 27
2 25
2 28
3 26
3 29
4 5
4 6
4 23
5 17
5 19
6 18
6 20
7 8
7 11
7 21
8 12
8 22
9 10
9 11
9 22
10 12
10 21
11 14
12 13
13 14
13 16
14 15
15 19
15 20
16 17
16 18
17 20
18 19
21 24
22 24
23 25
23 26
25 29
26 28
27 28
27 29
