# First value is number of nodes (N)
32 
# Next N numbers describe the node locations
50 357
117 330
107 364
50 293
186 296
132 308
194 232
50 270
48 209
82 181
11 183
108 171
181 47
114 58
135 39
49 59
105 80
142 83
90 39
87 10
32 116
126 121
144 159
156 120
130 173
143 264
182 172
8 246
156 325
130 217
82 304
158 345
# Remaining lines are the edges.
# The first value is the source node index.
# The second value is the target node index.
0 1
0 2
0 3
1 28
1 31
2 30
2 31
3 27
3 29
4 5
4 6
4 31
5 29
5 30
6 25
6 26
7 8
7 27
7 30
8 9
8 10
9 21
9 24
10 20
10 27
11 20
11 22
11 24
12 13
12 14
12 23
13 18
13 19
14 17
14 19
15 18
15 19
15 20
16 17
16 18
16 21
17 22
21 23
22 25
23 26
24 26
25 28
28 29
