# First value is number of nodes (N)
34 
# Next N numbers describe the node locations
137 352
187 347
207 287
75 336
242 183
195 159
232 123
147 63
183 52
171 16
183 54
188 17
189 133
215 63
168 144
103 76
181 98
192 150
145 232
38 133
36 183
108 236
59 288
38 271
37 243
8 240
254 249
165 264
34 301
39 261
128 282
202 304
240 312
235 216
# Remaining lines are the edges.
# The first value is the source node index.
# The second value is the target node index.
0 1
0 2
0 3
1 30
1 32
2 31
2 33
3 28
3 29
4 5
4 6
4 26
5 14
5 16
6 12
6 13
7 8
7 9
7 14
8 11
8 15
9 10
9 11
10 13
10 15
11 13
12 16
12 17
14 17
15 19
16 19
17 18
18 21
18 27
19 20
20 24
20 25
21 22
21 23
22 24
22 28
23 25
23 29
24 29
25 28
26 32
26 33
27 30
27 31
30 33
31 32
