# First value is number of nodes (N)
36 
# Next N numbers describe the node locations
287 277
133 289
249 262
266 205
157 172
109 119
138 131
194 68
193 51
115 34
172 8
151 26
260 22
241 125
71 169
264 147
271 125
74 50
31 110
74 209
39 214
22 291
15 175
55 193
22 233
82 184
91 211
291 171
264 163
216 209
161 256
72 262
193 203
243 234
264 236
256 170
# Remaining lines are the edges.
# The first value is the source node index.
# The second value is the target node index.
0 1
0 2
0 3
1 30
1 31
2 33
2 35
3 32
3 34
4 5
4 6
4 26
5 14
5 18
6 15
6 16
7 11
7 12
7 14
8 10
8 13
8 14
9 10
9 11
9 17
10 12
11 13
12 15
13 16
15 28
16 27
17 18
17 23
18 22
19 20
19 21
19 26
20 23
20 25
21 22
21 24
22 25
23 24
24 31
25 31
26 30
27 28
27 35
28 34
29 30
29 32
29 33
32 35
33 34
