# First value is number of nodes (N)
34 
# Next N numbers describe the node locations
84 366
228 255
100 324
20 341
146 71
242 45
128 65
148 54
262 72
202 93
248 35
242 112
130 106
104 9
126 74
119 45
252 113
241 129
95 81
66 32
72 124
223 184
116 225
175 260
21 156
53 263
139 308
45 333
35 311
70 331
143 319
114 268
179 290
84 263
# Remaining lines are the edges.
# The first value is the source node index.
# The second value is the target node index.
0 1
0 2
0 3
1 31
1 32
2 30
2 33
3 28
3 29
4 6
4 8
4 9
5 7
5 10
5 11
6 14
6 15
7 12
7 13
8 10
8 16
9 11
9 17
10 17
11 16
12 14
12 18
13 15
13 19
14 19
15 18
16 21
17 21
18 20
19 20
20 24
21 23
22 23
22 24
22 25
23 32
24 33
25 28
25 29
26 27
26 30
26 31
27 28
27 29
30 32
31 33
