# First value is number of nodes (N)
30 
# Next N numbers describe the node locations
120 69
46 178
56 83
170 41
195 188
237 147
148 158
129 178
73 93
34 149
66 62
92 232
207 65
178 212
202 177
127 182
121 225
27 186
198 57
240 102
227 41
15 104
25 155
146 18
21 213
191 12
189 70
46 125
98 208
145 143
# Remaining lines are the edges.
# The first value is the source node index.
# The second value is the target node index.
0 1
0 2
0 3
1 24
1 28
2 27
2 29
3 25
3 26
4 5
4 6
4 7
5 13
5 19
6 12
6 14
7 11
7 15
8 9
8 10
8 14
9 17
9 22
10 21
10 23
11 16
11 17
12 18
12 20
13 15
13 16
14 29
15 27
16 28
17 24
18 23
18 26
19 20
19 26
20 25
21 22
21 24
22 27
23 25
28 29
