# First value is number of nodes (N)
28 
# Next N numbers describe the node locations
116 261
113 209
140 231
64 232
198 109
196 45
159 67
115 81
23 48
56 59
16 97
36 113
116 28
68 41
43 104
135 96
146 22
19 157
46 129
59 112
125 111
201 167
162 183
36 127
155 229
131 126
57 264
136 265
# Remaining lines are the edges.
# The first value is the source node index.
# The second value is the target node index.
0 1
0 2
0 3
1 24
1 25
2 22
2 27
3 23
3 26
4 5
4 6
4 21
5 16
5 20
6 14
6 15
7 8
7 9
7 20
8 10
8 12
9 11
9 13
10 17
10 19
11 17
11 18
12 15
12 16
13 14
13 16
14 19
15 18
17 25
18 23
19 23
20 22
21 22
21 24
24 27
25 26
26 27
