# First value is number of nodes (N)
36 
# Next N numbers describe the node locations
204 209
190 184
227 228
149 189
194 87
163 8
26 41
88 12
72 121
115 160
8 109
73 61
142 63
51 68
230 37
122 119
128 69
57 62
66 123
87 62
188 27
144 28
137 85
151 61
220 54
62 144
36 171
170 147
103 192
240 107
160 129
72 160
140 206
198 182
174 222
188 183
# Remaining lines are the edges.
# The first value is the source node index.
# The second value is the target node index.
0 1
0 2
0 3
1 30
1 35
2 32
2 34
3 31
3 33
4 5
4 8
4 29
5 7
5 12
6 7
6 10
6 13
7 11
8 15
8 24
9 15
9 27
9 28
10 17
10 26
11 17
11 25
12 14
12 24
13 16
13 25
14 20
14 29
15 18
16 21
16 27
17 19
18 19
18 22
19 23
20 21
20 23
21 22
22 30
23 30
24 32
25 31
26 28
26 31
27 32
28 34
29 33
33 35
34 35
