# First value is number of nodes (N)
38 
# Next N numbers describe the node locations
138 305
101 309
248 156
74 292
283 140
276 146
13 99
170 81
102 33
147 51
56 188
196 47
89 264
74 142
162 127
148 18
147 8
210 134
112 114
14 103
210 159
213 12
223 71
268 88
282 64
262 23
248 144
285 183
167 212
8 177
23 153
177 274
32 170
149 187
195 297
260 307
249 241
116 236
# Remaining lines are the edges.
# The first value is the source node index.
# The second value is the target node index.
0 1
0 2
0 3
1 35
1 37
2 34
2 36
3 32
3 33
4 24
4 26
4 27
5 23
5 25
5 27
6 7
6 8
6 22
7 17
7 19
8 16
8 18
9 11
9 15
9 28
10 12
10 13
10 31
11 17
11 21
12 19
12 30
13 18
13 29
14 15
14 17
14 20
15 16
16 21
18 30
19 29
20 26
20 28
21 25
22 23
22 24
23 26
24 25
27 36
28 33
29 32
30 32
31 34
31 35
33 37
34 37
35 36
