# First value is number of nodes (N)
38 
# Next N numbers describe the node locations
117 306
122 265
118 210
89 332
65 58
129 9
151 63
111 46
56 24
97 118
90 93
81 95
114 56
124 61
174 35
121 113
168 79
117 144
179 134
27 201
20 59
50 61
71 239
21 263
8 251
127 204
18 115
197 151
75 280
51 312
177 283
46 257
185 213
27 318
73 266
104 187
107 276
171 266
# Remaining lines are the edges.
# The first value is the source node index.
# The second value is the target node index.
0 1
0 2
0 3
1 32
1 34
2 35
2 37
3 33
3 36
4 7
4 8
4 15
5 7
5 12
5 14
6 8
6 13
6 14
7 21
8 20
9 10
9 11
9 19
10 13
10 21
11 12
11 20
12 18
13 18
14 16
15 16
15 17
16 27
17 23
17 25
18 27
19 22
19 24
20 26
21 26
22 25
22 29
23 24
23 28
24 33
25 37
26 35
27 32
28 29
28 34
29 36
30 32
30 36
30 37
31 33
31 34
31 35
