# First value is number of nodes (N)
34 
# Next N numbers describe the node locations
227 179
178 130
287 171
148 199
343 100
340 118
305 47
109 30
61 60
35 90
8 94
265 54
265 36
226 21
278 8
46 91
65 62
42 216
91 24
217 16
264 39
63 246
124 190
88 154
153 40
94 93
112 233
343 165
132 97
96 65
307 192
317 243
270 235
267 81
# Remaining lines are the edges.
# The first value is the source node index.
# The second value is the target node index.
0 1
0 2
0 3
1 28
1 29
2 30
2 32
3 31
3 33
4 5
4 6
4 27
5 11
5 13
6 12
6 14
7 9
7 15
7 18
8 10
8 16
8 18
9 16
9 17
10 15
10 17
11 14
11 20
12 13
12 20
13 19
14 19
15 25
16 25
17 23
18 24
19 24
20 22
21 22
21 23
21 26
22 28
23 29
24 29
25 28
26 32
26 33
27 30
27 31
30 33
31 32
