# First value is number of nodes (N)
32 
# Next N numbers describe the node locations
463 46
290 277
242 174
164 254
450 437
495 375
486 429
502 456
491 387
520 423
34 285
39 311
32 434
59 350
274 27
246 32
513 27
245 70
414 394
442 355
55 259
138 307
286 101
119 19
394 328
372 359
249 111
103 265
341 315
257 258
91 20
149 335
# Remaining lines are the edges.
# The first value is the source node index.
# The second value is the target node index.
0 1
0 2
0 3
1 28
1 29
2 26
2 30
3 27
3 31
4 6
4 7
4 18
5 8
5 9
5 19
6 8
6 9
7 8
7 9
10 11
10 12
10 20
11 13
11 21
12 13
12 21
13 20
14 15
14 16
14 22
15 17
15 23
16 17
16 23
17 22
18 19
18 25
19 24
20 27
21 27
22 26
23 26
24 25
24 28
25 28
29 30
29 31
30 31
