# First value is number of nodes (N)
28 
# Next N numbers describe the node locations
95 159
83 218
75 151
154 169
178 62
135 29
134 78
131 18
36 73
11 104
186 106
146 71
119 72
109 23
187 150
117 125
50 110
74 99
22 168
15 208
153 172
148 157
183 209
38 88
18 142
13 225
177 153
96 159
# Remaining lines are the edges.
# The first value is the source node index.
# The second value is the target node index.
0 1
0 2
0 3
1 22
1 25
2 24
2 27
3 23
3 26
4 7
4 10
4 11
5 6
5 11
5 13
6 10
6 12
7 12
7 13
8 9
8 17
8 19
9 16
9 18
10 14
11 15
12 17
13 16
14 20
14 26
15 21
15 27
16 27
17 26
18 24
18 25
19 23
19 25
20 22
20 24
21 22
21 23
