# First value is number of nodes (N)
32 
# Next N numbers describe the node locations
217 339
161 325
180 351
225 270
101 292
80 316
65 200
210 242
183 179
140 142
222 160
147 73
109 26
70 10
50 35
41 82
23 135
87 118
56 51
17 45
18 32
22 89
184 116
122 79
39 191
214 253
71 186
240 215
127 237
187 260
198 284
63 335
# Remaining lines are the edges.
# The first value is the source node index.
# The second value is the target node index.
0 1
0 2
0 3
1 28
1 31
2 30
2 31
3 27
3 29
4 5
4 6
4 31
5 29
5 30
6 25
6 26
7 8
7 27
7 30
8 9
8 10
9 21
9 22
10 22
10 27
11 12
11 22
11 23
12 13
12 14
13 17
13 20
14 18
14 19
15 18
15 20
15 21
16 19
16 21
16 24
17 18
17 23
19 20
23 26
24 25
24 26
25 28
28 29
