# First value is number of nodes (N)
34 
# Next N numbers describe the node locations
95 296
140 336
91 227
136 421
139 8
175 14
168 50
138 79
137 62
163 96
9 30
199 55
198 111
121 54
44 184
141 170
86 157
170 156
23 226
20 244
8 267
63 289
45 113
198 339
102 415
131 445
106 451
96 458
160 397
20 453
143 425
52 326
45 338
122 237
# Remaining lines are the edges.
# The first value is the source node index.
# The second value is the target node index.
0 1
0 2
0 3
1 28
1 33
2 31
2 32
3 29
3 30
4 5
4 8
4 10
5 9
5 11
6 7
6 8
6 11
7 9
7 10
8 13
9 13
10 12
11 12
12 17
13 16
14 16
14 18
14 22
15 17
15 19
15 23
16 23
17 22
18 20
18 21
19 20
19 21
20 32
21 32
22 33
23 33
24 26
24 28
24 29
25 27
25 28
25 30
26 30
26 31
27 29
27 31
