# First value is number of nodes (N)
32 
# Next N numbers describe the node locations
130 254
75 291
171 319
130 223
168 193
22 174
151 74
42 98
61 77
78 177
9 117
115 25
111 84
105 101
90 32
59 8
9 48
47 34
32 236
86 215
158 138
88 217
74 144
146 301
154 258
80 345
133 352
69 315
40 298
114 159
85 254
174 284
# Remaining lines are the edges.
# The first value is the source node index.
# The second value is the target node index.
0 1
0 2
0 3
1 27
1 28
2 26
2 31
3 29
3 30
4 19
4 20
4 24
5 9
5 10
5 18
6 11
6 12
6 20
7 10
7 12
7 22
8 16
8 17
8 22
9 13
9 21
10 16
11 14
11 15
12 13
13 14
14 17
15 16
15 17
18 19
18 28
19 30
20 29
21 23
21 30
22 29
23 26
23 31
24 27
24 31
25 26
25 27
25 28
