# First value is number of nodes (N)
36 
# Next N numbers describe the node locations
148 275
208 231
201 214
80 275
206 49
244 75
89 94
192 70
74 28
44 91
108 100
164 62
87 8
193 11
157 21
179 132
11 106
286 124
250 100
91 130
285 128
299 48
203 131
226 202
167 149
292 189
12 176
54 135
63 207
50 225
173 194
79 263
20 239
226 205
218 226
144 173
# Remaining lines are the edges.
# The first value is the source node index.
# The second value is the target node index.
0 1
0 2
0 3
1 33
1 34
2 30
2 35
3 31
3 32
4 14
4 15
4 18
5 13
5 15
5 17
6 7
6 8
6 19
7 10
7 11
8 9
8 12
9 11
9 16
10 12
10 16
11 13
12 14
13 14
15 24
16 26
17 21
17 23
18 20
18 22
19 24
19 27
20 23
20 25
21 22
21 25
22 33
23 33
24 35
25 34
26 29
26 32
27 28
27 31
28 30
28 32
29 30
29 31
34 35
