# First value is number of nodes (N)
36 
# Next N numbers describe the node locations
148 226
149 262
132 192
185 169
159 56
133 27
232 90
67 92
24 58
102 37
87 65
69 23
231 100
195 115
204 156
108 123
209 135
19 174
150 186
75 155
95 135
125 141
116 173
85 167
31 128
83 144
179 42
160 59
178 166
235 135
107 253
163 68
51 197
185 226
217 156
209 169
# Remaining lines are the edges.
# The first value is the source node index.
# The second value is the target node index.
0 1
0 2
0 3
1 30
1 35
2 32
2 33
3 31
3 34
4 5
4 12
4 27
5 11
5 26
6 12
6 16
6 26
7 8
7 10
7 25
8 11
8 17
9 10
9 11
9 24
10 15
12 29
13 14
13 15
13 29
14 16
14 28
15 20
16 21
17 19
17 24
18 19
18 23
18 27
19 22
20 21
20 23
21 22
22 30
23 30
24 32
25 28
25 32
26 31
27 31
28 34
29 33
33 35
34 35
