# First value is number of nodes (N)
34 
# Next N numbers describe the node locations
102 166
172 233
189 257
112 283
291 23
330 55
277 144
270 33
114 104
325 207
284 64
256 19
275 66
164 71
141 55
97 157
73 116
298 133
195 72
195 41
65 113
84 181
8 159
39 122
203 136
201 120
23 145
29 221
75 213
267 159
189 199
128 259
161 268
217 269
# Remaining lines are the edges.
# The first value is the source node index.
# The second value is the target node index.
0 1
0 2
0 3
1 30
1 33
2 29
2 31
3 28
3 32
4 5
4 9
4 11
5 10
5 12
6 7
6 9
6 12
7 10
7 11
8 13
8 14
8 16
9 17
10 17
11 19
12 18
13 18
13 19
14 22
14 23
15 16
15 20
15 21
16 24
17 24
18 25
19 25
20 22
20 26
21 23
21 27
22 27
23 26
24 29
25 30
26 28
27 28
29 33
30 31
31 32
32 33
