# First value is number of nodes (N)
30 
# Next N numbers describe the node locations
254 200
163 256
265 236
283 181
257 141
258 40
233 58
96 52
99 96
42 89
101 175
43 184
118 134
84 136
35 138
8 137
157 27
143 45
230 8
273 10
131 58
97 222
301 57
297 159
241 186
303 223
157 250
204 130
232 211
252 243
# Remaining lines are the edges.
# The first value is the source node index.
# The second value is the target node index.
0 1
0 2
0 3
1 26
1 29
2 25
2 27
3 24
3 28
4 5
4 6
4 23
5 17
5 19
6 18
6 20
7 8
7 9
7 16
8 12
8 13
9 14
9 15
10 12
10 13
10 21
11 14
11 15
11 21
12 13
14 15
16 17
16 18
17 20
18 19
19 22
20 22
21 26
22 24
23 24
23 25
25 29
26 27
27 28
28 29
