# First value is number of nodes (N)
34 
# Next N numbers describe the node locations
175 279
170 166
206 269
123 112
247 39
201 156
197 37
205 77
76 57
198 44
12 189
104 232
10 135
17 147
317 244
325 253
256 95
138 39
68 78
308 210
106 243
66 192
69 97
77 126
310 234
319 273
264 256
323 125
236 175
275 219
298 264
133 109
20 49
110 185
# Remaining lines are the edges.
# The first value is the source node index.
# The second value is the target node index.
0 1
0 2
0 3
1 28
1 33
2 29
2 30
3 31
3 32
4 6
4 8
4 16
5 7
5 9
5 16
6 7
6 17
7 18
8 9
8 18
9 17
10 12
10 20
10 23
11 13
11 21
11 23
12 21
12 22
13 20
13 22
14 19
14 24
14 26
15 19
15 25
15 27
16 28
17 32
18 31
19 28
20 33
21 33
22 32
23 31
24 25
24 29
25 30
26 27
26 30
27 29
