# First value is number of nodes (N)
34 
# Next N numbers describe the node locations
196 281
166 270
15 290
250 272
143 122
159 77
128 80
62 135
177 155
235 194
27 196
9 59
115 143
217 63
261 33
99 128
13 122
242 43
252 81
96 21
205 23
53 92
202 56
143 86
128 46
84 171
241 122
214 244
156 172
204 263
220 280
169 311
85 295
211 315
# Remaining lines are the edges.
# The first value is the source node index.
# The second value is the target node index.
0 1
0 2
0 3
1 28
1 31
2 29
2 32
3 30
3 33
4 5
4 6
4 27
5 22
5 24
6 21
6 23
7 11
7 15
7 25
8 13
8 17
8 26
9 14
9 18
9 26
10 12
10 16
10 25
11 16
11 19
12 15
12 19
13 18
13 20
14 17
14 20
15 21
16 21
17 22
18 22
19 24
20 23
23 24
25 28
26 28
27 29
27 30
29 33
30 32
31 32
31 33
