# First value is number of nodes (N)
34 
# Next N numbers describe the node locations
148 199
141 239
159 286
183 256
41 156
222 118
288 158
276 98
269 120
137 23
73 14
83 39
201 67
257 80
217 118
42 29
13 22
60 55
63 99
15 116
199 93
40 270
26 144
81 316
63 254
236 157
101 342
261 215
45 208
221 212
105 305
184 311
271 283
172 319
# Remaining lines are the edges.
# The first value is the source node index.
# The second value is the target node index.
0 1
0 2
0 3
1 28
1 33
2 30
2 32
3 29
3 31
4 7
4 13
4 25
5 8
5 14
5 25
6 7
6 8
6 27
7 14
8 13
9 10
9 11
9 12
10 15
10 17
11 16
11 18
12 13
12 14
15 16
15 19
16 20
17 18
17 20
18 19
19 22
20 22
21 23
21 24
21 28
22 28
23 26
23 30
24 26
24 30
25 29
26 31
27 29
27 32
31 33
32 33
