# First value is number of nodes (N)
34 
# Next N numbers describe the node locations
147 305
122 239
208 321
282 226
123 63
50 63
200 125
303 179
197 192
300 165
34 100
89 34
31 123
102 33
60 24
60 85
40 67
29 32
184 27
270 88
163 69
178 115
257 43
92 149
143 139
134 99
281 235
160 201
155 184
101 182
202 274
225 256
249 296
265 236
# Remaining lines are the edges.
# The first value is the source node index.
# The second value is the target node index.
0 1
0 2
0 3
1 28
1 29
2 30
2 32
3 31
3 33
4 13
4 18
4 25
5 16
5 17
5 24
6 21
6 22
6 24
7 8
7 9
7 26
8 19
8 21
9 20
9 22
10 11
10 12
10 23
11 14
11 16
12 15
12 17
13 14
13 15
14 17
15 16
18 19
18 20
19 22
20 21
23 25
23 29
24 29
25 28
26 32
26 33
27 28
27 30
27 31
30 33
31 32
