# First value is number of nodes (N)
34 
# Next N numbers describe the node locations
104 275
157 243
122 209
43 273
105 97
109 68
149 35
152 35
107 31
142 52
274 184
53 48
73 13
200 200
305 188
14 35
157 103
181 56
288 240
323 279
233 259
271 263
55 136
235 216
267 305
238 23
72 156
8 183
131 179
185 244
24 222
19 222
47 209
77 235
# Remaining lines are the edges.
# The first value is the source node index.
# The second value is the target node index.
0 1
0 2
0 3
1 28
1 29
2 30
2 32
3 31
3 33
4 5
4 16
4 26
5 8
5 9
6 8
6 11
6 17
7 9
7 12
7 17
8 12
9 11
10 13
10 14
10 16
11 15
12 15
13 18
13 20
14 19
14 21
15 22
16 25
17 25
18 19
18 23
19 24
20 21
20 24
21 23
22 27
22 28
23 29
24 29
25 28
26 32
26 33
27 30
27 31
30 33
31 32
