# First value is number of nodes (N)
34 
# Next N numbers describe the node locations
160 314
170 274
220 340
90 240
248 60
152 216
52 90
45 44
144 11
202 89
190 45
178 83
206 17
274 86
252 154
15 150
62 136
260 252
65 179
41 172
255 183
120 196
8 200
78 152
216 259
225 281
269 263
184 221
135 259
275 329
218 317
26 320
237 206
241 215
# Remaining lines are the edges.
# The first value is the source node index.
# The second value is the target node index.
0 1
0 2
0 3
1 28
1 33
2 29
2 30
3 31
3 32
4 10
4 13
4 14
5 11
5 12
5 14
6 7
6 15
6 16
7 8
7 9
8 10
8 12
9 11
9 13
10 11
12 13
14 20
15 18
15 22
16 19
16 23
17 20
17 25
17 26
18 21
18 23
19 21
19 22
20 33
21 28
22 31
23 31
24 25
24 27
24 30
25 29
26 29
26 30
27 28
27 32
32 33
