# First value is number of nodes (N)
30 
# Next N numbers describe the node locations
92 240
62 199
157 255
150 182
159 28
204 47
122 37
134 38
17 10
127 8
104 139
52 19
168 124
200 141
232 119
172 167
51 131
102 111
139 117
236 174
79 187
167 196
41 177
57 151
137 234
99 227
12 108
9 173
206 223
161 91
# Remaining lines are the edges.
# The first value is the source node index.
# The second value is the target node index.
0 1
0 2
0 3
1 27
1 29
2 26
2 28
3 24
3 25
4 8
4 9
4 15
5 6
5 7
5 14
6 9
6 11
7 8
7 10
8 11
9 10
10 17
11 16
12 14
12 18
12 20
13 15
13 19
13 21
14 19
15 18
16 23
16 27
17 22
17 26
18 29
19 28
20 25
20 29
21 24
21 28
22 25
22 27
23 24
23 26
