# First value is number of nodes (N)
30 
# Next N numbers describe the node locations
119 195
106 142
115 150
218 170
168 10
96 8
87 116
165 109
18 125
149 75
59 30
40 28
181 155
184 75
202 42
242 34
115 50
206 152
210 74
211 126
8 98
129 58
239 72
274 71
255 129
226 70
10 181
79 135
99 128
22 163
# Remaining lines are the edges.
# The first value is the source node index.
# The second value is the target node index.
0 1
0 2
0 3
1 27
1 29
2 26
2 28
3 24
3 25
4 5
4 14
4 15
5 10
5 11
6 8
6 12
6 16
7 9
7 13
7 17
8 10
8 20
9 11
9 21
10 21
11 20
12 17
12 19
13 16
13 18
14 19
14 22
15 18
15 23
16 27
17 26
18 25
19 24
20 29
21 28
22 23
22 25
23 24
26 29
27 28
