# First value is number of nodes (N)
36 
# Next N numbers describe the node locations
184 217
194 160
170 274
175 254
280 180
259 132
280 122
116 103
82 36
81 8
9 229
64 152
45 188
8 168
25 138
21 121
101 63
95 33
73 75
72 39
146 146
287 71
232 92
93 152
79 253
90 186
184 72
257 132
284 91
248 240
59 136
234 125
201 287
191 256
71 227
132 288
# Remaining lines are the edges.
# The first value is the source node index.
# The second value is the target node index.
0 1
0 2
0 3
1 30
1 31
2 33
2 35
3 32
3 34
4 5
4 6
4 29
5 22
5 28
6 21
6 27
7 8
7 9
7 26
8 17
8 18
9 16
9 19
10 13
10 24
10 25
11 15
11 23
11 25
12 14
12 23
12 24
13 14
13 15
14 18
15 19
16 18
16 20
17 19
17 20
20 22
21 26
21 28
22 27
23 30
24 35
25 34
26 30
27 31
28 31
29 32
29 33
32 35
33 34
