# First value is number of nodes (N)
32 
# Next N numbers describe the node locations
135 351
123 309
171 314
85 351
114 248
39 165
44 239
123 180
87 199
125 139
61 82
108 18
41 116
59 132
8 151
20 19
15 86
52 14
95 15
82 111
153 83
167 169
163 98
106 167
95 128
177 232
34 273
66 277
74 298
155 255
74 319
152 292
# Remaining lines are the edges.
# The first value is the source node index.
# The second value is the target node index.
0 1
0 2
0 3
1 30
1 31
2 29
2 31
3 28
3 30
4 5
4 25
4 27
5 12
5 23
6 8
6 14
6 26
7 8
7 9
7 31
8 23
9 22
9 24
10 16
10 19
10 20
11 15
11 18
11 20
12 13
12 14
13 17
13 19
14 16
15 16
15 17
17 18
18 24
19 24
20 22
21 22
21 23
21 25
25 29
26 28
26 30
27 28
27 29
