# First value is number of nodes (N)
30 
# Next N numbers describe the node locations
147 193
97 184
50 176
186 205
142 35
111 47
46 86
11 60
91 8
61 46
86 57
24 13
130 175
152 151
133 219
118 179
140 242
165 166
233 131
181 113
123 77
194 86
21 119
13 238
208 171
231 199
169 125
67 94
55 216
79 131
# Remaining lines are the edges.
# The first value is the source node index.
# The second value is the target node index.
0 1
0 2
0 3
1 26
1 29
2 27
2 28
3 24
3 25
4 8
4 10
4 21
5 8
5 9
5 20
6 10
6 11
6 23
7 9
7 11
7 22
8 11
9 10
12 13
12 14
12 27
13 15
13 26
14 16
14 28
15 17
15 29
16 17
16 25
17 24
18 19
18 21
18 25
19 20
19 24
20 27
21 26
22 23
22 29
23 28
