# First value is number of nodes (N)
38 
# Next N numbers describe the node locations
78 230
152 212
159 273
86 312
192 291
192 326
67 198
21 130
155 165
108 133
56 36
199 83
152 43
171 31
196 18
146 12
60 93
199 80
49 152
56 109
25 112
30 75
77 146
192 351
202 257
185 315
216 294
132 173
134 18
149 356
30 200
135 303
103 349
108 328
187 282
221 177
220 244
109 291
# Remaining lines are the edges.
# The first value is the source node index.
# The second value is the target node index.
0 1
0 2
0 3
1 35
1 37
2 34
2 36
3 32
3 33
4 25
4 26
4 31
5 23
5 24
5 26
6 20
6 22
6 30
7 19
7 21
7 30
8 9
8 24
8 27
9 10
9 11
10 15
10 16
11 14
11 17
12 14
12 16
12 28
13 15
13 17
13 28
14 15
16 21
17 22
18 19
18 20
18 27
19 22
20 21
23 29
23 31
24 25
25 29
26 36
27 34
28 35
29 33
30 32
31 32
33 37
34 37
35 36
