# First value is number of nodes (N)
36 
# Next N numbers describe the node locations
174 238
190 169
139 260
208 155
194 94
168 70
211 112
10 135
87 91
108 75
31 73
84 141
240 137
93 176
73 137
100 131
75 73
131 162
172 14
118 119
152 110
122 8
129 26
156 14
112 230
35 189
227 96
220 35
71 160
237 228
153 112
240 119
79 237
183 258
172 180
161 226
# Remaining lines are the edges.
# The first value is the source node index.
# The second value is the target node index.
0 1
0 2
0 3
1 30
1 35
2 32
2 33
3 31
3 34
4 5
4 12
4 27
5 9
5 26
6 12
6 17
6 26
7 10
7 11
7 25
8 9
8 11
8 14
9 10
10 16
11 15
12 29
13 15
13 24
13 29
14 16
14 28
15 20
16 21
17 19
17 24
18 21
18 23
18 27
19 20
19 22
20 23
21 22
22 30
23 30
24 32
25 28
25 32
26 31
27 31
28 34
29 33
33 35
34 35
