# First value is number of nodes (N)
36 
# Next N numbers describe the node locations
136 190
147 213
93 189
105 229
175 122
42 40
83 9
58 9
199 141
147 119
114 85
227 135
229 63
66 189
141 8
189 46
162 27
45 101
227 209
58 131
90 10
225 26
198 73
102 139
132 93
54 49
228 233
161 187
28 126
151 134
169 123
167 231
107 102
131 143
33 197
119 190
# Remaining lines are the edges.
# The first value is the source node index.
# The second value is the target node index.
0 1
0 2
0 3
1 30
1 35
2 32
2 33
3 31
3 34
4 8
4 24
4 27
5 6
5 17
5 25
6 7
6 9
7 10
7 14
8 11
8 29
9 15
9 29
10 13
10 28
11 18
11 26
12 15
12 20
12 26
13 19
13 25
14 16
14 20
15 21
16 21
16 24
17 19
17 28
18 23
18 27
19 23
20 22
21 22
22 30
23 30
24 32
25 32
26 31
27 31
28 34
29 33
33 35
34 35
