# First value is number of nodes (N)
32 
# Next N numbers describe the node locations
93 228
148 237
138 208
41 212
220 204
277 193
245 110
322 147
80 24
70 130
27 64
62 92
12 126
304 21
211 106
250 8
137 29
160 67
207 11
273 50
332 50
227 157
304 77
276 138
349 100
210 94
229 64
193 198
58 164
86 130
16 148
147 142
# Remaining lines are the edges.
# The first value is the source node index.
# The second value is the target node index.
0 1
0 2
0 3
1 27
1 31
2 28
2 31
3 29
3 30
4 5
4 27
4 31
5 6
5 7
6 25
6 26
7 23
7 24
8 9
8 10
8 16
9 28
9 29
10 11
10 12
11 14
11 30
12 28
12 30
13 15
13 20
13 22
14 17
14 29
15 18
15 19
16 17
16 18
17 26
18 25
19 20
19 26
20 24
21 23
21 25
21 27
22 23
22 24
