# First value is number of nodes (N)
34 
# Next N numbers describe the node locations
157 272
109 226
184 315
187 270
252 48
238 61
157 81
210 111
130 25
284 52
257 36
249 99
239 17
245 150
105 62
39 222
228 189
179 157
36 153
26 100
19 178
95 152
107 241
77 156
9 150
183 152
238 253
52 332
140 208
63 189
169 346
154 229
219 289
221 315
# Remaining lines are the edges.
# The first value is the source node index.
# The second value is the target node index.
0 1
0 2
0 3
1 28
1 29
2 30
2 32
3 31
3 33
4 9
4 11
4 17
5 10
5 12
5 17
6 7
6 8
6 14
7 13
7 16
8 11
8 12
9 12
9 13
10 11
10 13
14 18
14 19
15 20
15 21
15 22
16 25
16 26
17 25
18 20
18 23
19 21
19 24
20 24
21 23
22 27
22 28
23 29
24 29
25 28
26 32
26 33
27 30
27 31
30 33
31 32
