# First value is number of nodes (N)
34 
# Next N numbers describe the node locations
310 297
272 307
298 324
310 243
165 157
230 150
211 100
180 14
215 48
116 89
14 114
97 220
89 236
128 185
30 158
79 199
78 194
76 140
32 19
180 51
261 64
219 36
228 28
173 8
126 75
97 282
276 126
185 188
275 199
283 275
195 245
238 326
273 285
276 300
# Remaining lines are the edges.
# The first value is the source node index.
# The second value is the target node index.
0 1
0 2
0 3
1 30
1 33
2 29
2 31
3 28
3 32
4 5
4 25
4 27
5 6
5 26
6 7
6 8
7 21
7 23
8 22
8 24
9 14
9 17
9 18
10 15
10 16
10 18
11 12
11 13
11 25
12 14
12 16
13 15
13 17
14 15
16 17
18 19
19 23
19 24
20 21
20 22
20 26
21 24
22 23
25 30
26 28
27 28
27 29
29 33
30 31
31 32
32 33
