# First value is number of nodes (N)
30 
# Next N numbers describe the node locations
82 173
46 99
147 143
44 198
229 107
221 70
174 8
221 21
191 130
114 13
189 44
255 72
213 87
42 9
150 192
61 84
101 88
102 53
232 119
101 169
212 89
121 76
8 82
136 216
102 217
219 188
18 115
120 86
8 146
57 165
# Remaining lines are the edges.
# The first value is the source node index.
# The second value is the target node index.
0 1
0 2
0 3
1 26
1 29
2 25
2 27
3 24
3 28
4 5
4 8
4 11
5 6
5 12
6 7
6 9
7 10
7 11
8 14
8 23
9 13
9 21
10 12
10 17
11 18
12 18
13 16
13 22
14 19
14 20
15 16
15 17
15 19
16 27
17 26
18 25
19 24
20 21
20 29
21 27
22 26
22 28
23 24
23 25
28 29
