# First value is number of nodes (N)
34 
# Next N numbers describe the node locations
84 301
175 292
52 312
56 310
240 54
284 59
122 37
126 35
87 56
104 112
108 73
64 30
308 110
275 84
50 52
56 142
151 206
315 150
276 129
241 121
182 93
300 183
140 84
22 148
94 181
70 187
135 262
55 194
84 196
137 228
200 247
41 231
8 258
54 304
# Remaining lines are the edges.
# The first value is the source node index.
# The second value is the target node index.
0 1
0 2
0 3
1 30
1 33
2 32
2 33
3 31
3 33
4 5
4 12
4 13
5 6
5 7
6 8
6 10
7 9
7 11
8 11
8 15
9 10
9 15
10 14
11 14
12 16
12 18
13 17
13 19
14 22
15 23
16 17
16 20
17 21
18 19
18 21
19 20
20 29
21 29
22 24
22 27
23 25
23 28
24 26
24 28
25 26
25 27
26 30
27 32
28 31
29 30
31 32
