# First value is number of nodes (N)
30 
# Next N numbers describe the node locations
130 201
113 210
165 150
90 283
36 42
35 41
92 24
141 36
50 75
97 129
95 67
8 68
183 86
34 96
188 179
72 151
191 239
92 149
154 189
142 192
14 128
172 79
169 161
11 162
83 166
70 149
153 200
116 236
13 184
182 212
# Remaining lines are the edges.
# The first value is the source node index.
# The second value is the target node index.
0 1
0 2
0 3
1 24
1 25
2 27
2 29
3 26
3 28
4 7
4 8
4 9
5 6
5 8
5 11
6 7
6 10
7 12
8 13
9 10
9 11
10 21
11 20
12 14
12 22
13 15
13 23
14 16
14 18
15 17
15 19
16 19
16 24
17 18
17 24
18 27
19 26
20 23
20 25
21 22
21 25
22 29
23 28
26 29
27 28
