# First value is number of nodes (N)
30 
# Next N numbers describe the node locations
120 254
59 264
81 212
175 223
144 67
44 131
157 86
86 25
195 17
155 108
219 87
129 49
12 147
166 117
108 28
115 8
99 156
174 83
18 154
88 114
232 113
181 128
177 95
11 173
207 148
134 195
44 216
32 215
48 202
81 245
# Remaining lines are the edges.
# The first value is the source node index.
# The second value is the target node index.
0 1
0 2
0 3
1 27
1 29
2 26
2 28
3 24
3 25
4 15
4 17
4 19
5 16
5 18
5 19
6 8
6 14
6 21
7 9
7 12
7 14
8 11
8 20
9 13
9 22
10 13
10 17
10 20
11 12
11 15
12 18
13 16
14 15
16 21
17 22
18 23
19 28
20 24
21 25
22 24
23 26
23 27
25 29
26 29
27 28
