# First value is number of nodes (N)
36 
# Next N numbers describe the node locations
251 158
227 239
195 229
194 170
279 29
224 25
46 29
70 91
89 161
18 128
79 127
126 142
38 158
25 101
120 180
16 261
111 76
101 49
283 124
247 56
207 23
161 71
160 120
281 150
135 238
92 246
254 96
151 141
256 64
261 278
289 124
207 141
230 270
179 281
134 281
154 183
# Remaining lines are the edges.
# The first value is the source node index.
# The second value is the target node index.
0 1
0 2
0 3
1 33
1 35
2 32
2 34
3 30
3 31
4 20
4 22
4 28
5 19
5 21
5 28
6 13
6 16
6 17
7 11
7 12
7 17
8 9
8 11
8 14
9 12
9 13
10 11
10 13
10 15
12 15
14 24
14 27
15 25
16 22
16 27
17 21
18 19
18 20
18 26
19 22
20 21
23 26
23 29
23 30
24 25
24 35
25 34
26 31
27 31
28 30
29 32
29 33
32 35
33 34
