# First value is number of nodes (N)
34 
# Next N numbers describe the node locations
118 200
76 223
76 121
173 273
270 83
100 22
148 81
51 58
119 66
178 53
88 110
40 11
212 52
239 110
251 117
314 129
201 86
170 79
8 62
48 83
301 139
336 187
234 184
308 201
157 120
12 126
309 179
282 256
249 219
131 174
35 206
25 248
49 268
192 160
# Remaining lines are the edges.
# The first value is the source node index.
# The second value is the target node index.
0 1
0 2
0 3
1 30
1 33
2 29
2 31
3 28
3 32
4 12
4 13
4 15
5 9
5 10
5 11
6 8
6 10
6 18
7 8
7 11
7 19
8 17
9 12
9 16
10 19
11 18
12 17
13 14
13 16
14 22
14 23
15 20
15 21
16 24
17 24
18 25
19 25
20 22
20 26
21 23
21 27
22 27
23 26
24 29
25 30
26 28
27 28
29 33
30 31
31 32
32 33
