# First value is number of nodes (N)
38 
# Next N numbers describe the node locations
174 296
174 270
203 264
124 258
312 152
283 90
80 152
126 138
80 137
51 16
38 28
27 91
107 50
120 52
110 14
67 77
19 114
169 87
209 15
63 107
123 59
162 64
179 37
297 156
237 163
273 90
197 182
304 190
192 192
46 203
244 183
83 186
92 207
164 270
231 228
94 163
239 252
221 241
# Remaining lines are the edges.
# The first value is the source node index.
# The second value is the target node index.
0 1
0 2
0 3
1 35
1 37
2 34
2 36
3 32
3 33
4 24
4 26
4 27
5 23
5 25
5 27
6 7
6 8
6 31
7 18
7 21
8 19
8 20
9 10
9 11
9 14
10 12
10 16
11 15
11 29
12 15
12 22
13 14
13 21
13 22
14 18
15 19
16 19
16 29
17 18
17 20
17 28
20 21
22 25
23 26
23 30
24 25
24 30
26 28
27 36
28 34
29 32
30 33
31 32
31 35
33 37
34 37
35 36
