# First value is number of nodes (N)
34 
# Next N numbers describe the node locations
73 338
134 351
102 247
47 288
215 99
193 82
113 8
185 42
258 93
220 91
221 82
236 42
92 30
52 22
253 327
179 129
48 62
95 82
102 27
8 60
26 79
57 77
132 66
214 178
177 246
103 180
115 203
97 200
52 212
111 260
150 279
114 136
68 321
95 329
# Remaining lines are the edges.
# The first value is the source node index.
# The second value is the target node index.
0 1
0 2
0 3
1 30
1 33
2 29
2 31
3 28
3 32
4 8
4 10
4 15
5 9
5 11
5 15
6 7
6 12
6 13
7 10
7 11
8 11
8 14
9 10
9 14
12 16
12 18
13 17
13 19
14 23
15 22
16 19
16 21
17 18
17 21
18 20
19 20
20 27
21 25
22 24
22 25
23 24
23 26
24 30
25 28
26 27
26 29
27 28
29 33
30 31
31 32
32 33
