# First value is number of nodes (N)
38 
# Next N numbers describe the node locations
151 304
82 291
121 258
127 265
209 187
182 150
262 21
181 87
166 91
226 69
278 242
268 218
217 54
174 22
294 184
300 128
236 37
229 83
105 41
84 75
125 143
72 76
30 129
37 225
35 212
8 190
305 227
268 252
49 196
41 172
170 214
176 171
32 252
284 302
64 198
140 157
176 266
127 259
# Remaining lines are the edges.
# The first value is the source node index.
# The second value is the target node index.
0 1
0 2
0 3
1 32
1 37
2 34
2 36
3 33
3 35
4 5
4 6
4 31
5 14
5 17
6 15
6 16
7 8
7 9
7 19
8 13
8 17
9 12
9 16
10 14
10 27
10 30
11 15
11 26
11 30
12 17
12 18
13 16
13 18
14 26
15 27
18 21
19 20
19 21
20 23
20 31
21 22
22 25
22 29
23 24
23 28
24 29
24 32
25 28
25 32
26 33
27 33
28 34
29 34
30 36
31 35
35 37
36 37
