# First value is number of nodes (N)
34 
# Next N numbers describe the node locations
88 251
207 295
26 170
69 294
250 54
255 16
255 81
102 8
236 107
224 75
48 17
110 21
152 37
235 22
262 126
141 93
19 73
35 67
33 51
31 78
96 226
201 220
103 157
13 114
130 200
40 280
80 347
224 353
72 348
155 326
107 273
25 281
54 171
169 178
# Remaining lines are the edges.
# The first value is the source node index.
# The second value is the target node index.
0 1
0 2
0 3
1 30
1 33
2 31
2 32
3 28
3 29
4 5
4 6
4 12
5 8
5 13
6 9
6 14
7 10
7 11
7 12
8 14
8 15
9 13
9 15
10 16
10 18
11 17
11 19
12 20
13 21
14 21
15 20
16 19
16 23
17 18
17 23
18 22
19 22
20 32
21 33
22 33
23 32
24 26
24 28
24 31
25 27
25 29
25 31
26 29
26 30
27 28
27 30
