# First value is number of nodes (N)
32 
# Next N numbers describe the node locations
86 219
92 226
45 148
165 133
242 12
250 96
171 81
191 41
11 71
41 95
116 151
112 157
227 172
137 94
223 8
143 59
77 202
27 109
143 179
161 123
117 152
69 11
247 146
82 42
176 11
231 129
82 85
146 176
123 120
179 54
8 170
63 210
# Remaining lines are the edges.
# The first value is the source node index.
# The second value is the target node index.
0 1
0 2
0 3
1 27
1 31
2 26
2 30
3 28
3 29
4 7
4 12
4 25
5 6
5 13
5 22
6 15
6 24
7 14
7 23
8 11
8 17
8 19
9 10
9 17
9 21
10 16
10 18
11 16
11 20
12 18
12 22
13 19
13 25
14 21
14 24
15 20
15 23
16 31
17 30
18 27
19 26
20 27
21 26
22 28
23 29
24 29
25 28
30 31
