# First value is number of nodes (N)
38 
# Next N numbers describe the node locations
161 310
198 140
159 192
169 306
66 25
53 37
68 98
12 59
51 84
42 141
105 101
8 112
10 81
65 180
21 102
176 31
149 76
60 185
145 236
104 45
36 116
52 75
130 78
109 302
205 115
169 165
86 263
72 279
141 311
11 279
215 239
109 279
213 289
178 286
218 179
176 237
117 340
113 264
# Remaining lines are the edges.
# The first value is the source node index.
# The second value is the target node index.
0 1
0 2
0 3
1 33
1 34
2 35
2 37
3 32
3 36
4 5
4 6
4 15
5 14
5 21
6 12
6 13
7 8
7 12
7 21
8 9
8 16
9 13
9 20
10 14
10 16
10 19
11 12
11 14
11 20
13 17
15 19
15 24
16 25
17 18
17 26
18 28
18 30
19 22
20 27
21 22
22 35
23 28
23 31
23 37
24 25
24 34
25 35
26 29
26 37
27 29
27 33
28 36
29 36
30 32
30 34
31 32
31 33
