# First value is number of nodes (N)
34 
# Next N numbers describe the node locations
202 167
252 182
176 210
228 99
374 153
391 246
19 94
195 86
62 31
313 85
8 154
155 89
39 133
48 153
380 195
347 136
291 38
128 28
279 187
46 199
77 53
352 206
184 8
178 38
238 22
250 86
295 256
272 188
232 243
132 130
286 207
139 192
358 37
203 76
# Remaining lines are the edges.
# The first value is the source node index.
# The second value is the target node index.
0 1
0 2
0 3
1 29
1 30
2 28
2 31
3 32
3 33
4 9
4 14
4 15
5 14
5 15
5 26
6 8
6 10
6 12
7 8
7 11
7 13
8 17
9 16
9 18
10 11
10 19
11 20
12 13
12 20
13 19
14 21
15 21
16 24
16 25
17 22
17 23
18 27
18 30
19 31
20 31
21 29
22 24
22 32
23 25
23 33
24 33
25 32
26 28
26 30
27 28
27 29
