# First value is number of nodes (N)
32 
# Next N numbers describe the node locations
234 140
174 219
232 185
181 99
233 62
144 73
111 32
154 155
38 158
104 161
58 218
86 143
84 82
62 126
121 213
77 74
74 40
108 8
107 194
172 9
89 214
96 105
148 217
136 130
90 31
236 126
147 103
174 43
205 165
177 207
205 227
197 137
# Remaining lines are the edges.
# The first value is the source node index.
# The second value is the target node index.
0 1
0 2
0 3
1 29
1 31
2 28
2 30
3 26
3 27
4 5
4 19
4 25
5 6
5 7
6 17
6 24
7 18
7 23
8 10
8 11
8 23
9 12
9 15
9 22
10 14
10 20
11 13
11 15
12 16
12 21
13 16
13 20
14 18
14 22
15 18
16 17
17 19
19 27
20 31
21 24
21 27
22 30
23 26
24 26
25 28
25 29
28 31
29 30
