# First value is number of nodes (N)
38 
# Next N numbers describe the node locations
59 256
128 299
27 235
119 259
119 124
133 61
62 118
89 84
154 154
232 116
94 8
93 105
50 75
25 208
163 186
61 19
61 78
57 91
59 70
81 59
122 194
264 152
230 154
234 251
206 188
237 206
38 63
34 128
185 167
226 211
149 252
178 298
192 225
9 164
115 327
121 300
89 309
52 300
# Remaining lines are the edges.
# The first value is the source node index.
# The second value is the target node index.
0 1
0 2
0 3
1 34
1 35
2 33
2 37
3 32
3 36
4 9
4 11
4 13
5 8
5 10
5 12
6 7
6 13
6 20
7 12
7 19
8 9
8 22
9 21
10 15
10 19
11 14
11 16
12 18
13 17
14 17
14 20
15 16
15 18
16 27
17 27
18 26
19 26
20 30
21 25
21 29
22 24
22 28
23 24
23 25
23 31
24 29
25 28
26 33
27 33
28 32
29 32
30 31
30 35
31 34
34 37
35 36
36 37
