# First value is number of nodes (N)
30 
# Next N numbers describe the node locations
50 196
69 158
101 210
38 140
284 52
251 52
226 36
168 83
129 14
246 87
286 83
295 113
265 126
222 63
149 22
252 150
69 18
188 106
71 71
200 132
21 55
136 112
197 194
97 53
151 168
156 214
78 116
108 161
43 116
8 95
# Remaining lines are the edges.
# The first value is the source node index.
# The second value is the target node index.
0 1
0 2
0 3
1 24
1 28
2 25
2 27
3 26
3 29
4 5
4 6
4 11
5 10
5 13
6 9
6 14
7 8
7 13
7 17
8 14
8 16
9 10
9 15
10 12
11 12
11 15
12 19
13 19
14 23
15 22
16 18
16 20
17 18
17 21
18 28
19 24
20 23
20 29
21 22
21 27
22 25
23 26
24 25
26 27
28 29
