# First value is number of nodes (N)
32 
# Next N numbers describe the node locations
116 265
70 276
34 285
154 171
139 296
176 245
126 225
221 221
188 101
160 178
65 172
13 161
82 142
192 64
103 50
63 11
177 100
140 36
92 9
82 80
11 45
55 48
102 91
17 99
190 133
245 148
78 239
90 289
33 215
141 119
120 198
48 287
# Remaining lines are the edges.
# The first value is the source node index.
# The second value is the target node index.
0 1
0 2
0 3
1 27
1 31
2 28
2 31
3 29
3 30
4 5
4 27
4 31
5 6
5 7
6 26
6 30
7 24
7 25
8 13
8 25
8 29
9 24
9 25
9 29
10 11
10 12
10 26
11 23
11 28
12 21
12 22
13 16
13 17
14 15
14 16
14 19
15 18
15 20
16 24
17 18
17 22
18 21
19 22
19 23
20 21
20 23
26 27
28 30
