# First value is number of nodes (N)
30 
# Next N numbers describe the node locations
41 123
44 58
129 155
8 116
257 84
249 55
248 112
197 13
206 37
137 18
184 170
242 130
200 83
85 117
247 140
90 87
124 50
219 171
191 111
66 132
103 66
58 100
137 197
68 8
38 34
55 160
150 192
158 101
15 55
103 35
# Remaining lines are the edges.
# The first value is the source node index.
# The second value is the target node index.
0 1
0 2
0 3
1 24
1 29
2 26
2 27
3 25
3 28
4 5
4 6
4 14
5 7
5 12
6 8
6 11
7 8
7 9
8 16
9 20
9 23
10 13
10 21
10 22
11 12
11 17
12 18
13 16
13 19
14 17
14 18
15 19
15 20
15 21
16 29
17 26
18 27
19 25
20 27
21 24
22 25
22 26
23 24
23 28
28 29
