# First value is number of nodes (N)
34 
# Next N numbers describe the node locations
131 188
171 216
91 236
169 152
306 16
292 35
346 34
265 33
290 37
331 74
281 87
258 9
51 99
59 124
29 92
54 87
100 90
24 179
13 110
65 52
338 92
195 27
270 101
211 74
150 71
18 202
284 157
128 47
138 75
42 189
245 211
180 236
99 168
255 107
# Remaining lines are the edges.
# The first value is the source node index.
# The second value is the target node index.
0 1
0 2
0 3
1 30
1 33
2 29
2 31
3 28
3 32
4 6
4 8
4 11
5 7
5 9
5 11
6 9
6 10
7 8
7 10
8 20
9 20
10 22
11 21
12 14
12 16
12 17
13 15
13 16
13 18
14 18
14 19
15 17
15 19
16 24
17 25
18 25
19 27
20 26
21 23
21 27
22 23
22 26
23 24
24 28
25 29
26 30
27 28
29 33
30 31
31 32
32 33
