# First value is number of nodes (N)
38 
# Next N numbers describe the node locations
182 241
104 188
208 244
218 149
224 121
306 108
163 72
104 107
78 73
103 83
38 45
74 49
45 91
30 162
96 8
186 29
217 26
240 93
73 152
310 164
43 234
103 154
238 194
268 262
208 212
67 210
71 116
147 131
278 181
288 260
249 149
188 271
97 239
203 269
152 246
135 184
278 213
290 137
# Remaining lines are the edges.
# The first value is the source node index.
# The second value is the target node index.
0 1
0 2
0 3
1 32
1 35
2 33
2 36
3 34
3 37
4 5
4 6
4 22
5 17
5 19
6 16
6 18
7 8
7 9
7 15
8 10
8 26
9 11
9 27
10 13
10 14
11 12
11 14
12 18
12 21
13 18
13 20
14 16
15 16
15 17
17 30
19 28
19 29
20 25
20 27
21 25
21 26
22 23
22 24
23 29
23 34
24 28
24 33
25 32
26 35
27 35
28 37
29 36
30 36
30 37
31 32
31 33
31 34
