# First value is number of nodes (N)
30 
# Next N numbers describe the node locations
117 257
184 253
49 246
158 213
215 78
202 88
200 19
82 30
128 14
127 35
123 61
162 73
118 86
104 158
30 84
182 154
142 131
182 172
25 126
99 183
8 147
30 149
91 184
208 127
12 222
199 127
128 221
18 181
195 217
213 198
# Remaining lines are the edges.
# The first value is the source node index.
# The second value is the target node index.
0 1
0 2
0 3
1 25
1 29
2 24
2 27
3 26
3 28
4 5
4 6
4 23
5 9
5 10
6 8
6 11
7 8
7 9
7 14
8 10
9 11
10 12
11 16
12 13
12 19
13 17
13 22
14 18
14 20
15 16
15 17
15 18
16 26
17 25
18 27
19 21
19 29
20 21
20 24
21 27
22 24
22 26
23 25
23 28
28 29
