# First value is number of nodes (N)
32 
# Next N numbers describe the node locations
50 221
83 268
129 258
120 145
218 231
220 150
196 138
185 93
115 111
24 91
107 11
48 125
51 60
52 8
15 40
8 97
106 41
106 97
47 93
18 157
57 125
150 237
195 192
216 146
165 153
198 189
215 186
125 188
90 173
36 221
203 79
146 286
# Remaining lines are the edges.
# The first value is the source node index.
# The second value is the target node index.
0 1
0 2
0 3
1 29
1 31
2 27
2 31
3 28
3 30
4 5
4 6
4 31
5 23
5 26
6 24
6 25
7 9
7 10
7 30
8 11
8 20
8 22
9 12
9 18
10 13
10 16
11 12
11 19
12 13
13 14
14 15
14 16
15 18
15 19
16 17
17 18
17 21
19 29
20 27
20 28
21 25
21 27
22 24
22 26
23 24
23 30
25 26
28 29
