# First value is number of nodes (N)
32 
# Next N numbers describe the node locations
169 201
147 192
192 167
244 188
84 59
99 66
46 103
312 129
246 95
299 66
348 50
296 46
334 88
346 81
307 108
170 83
237 19
185 50
178 10
52 8
140 56
84 39
8 50
13 109
151 85
40 57
115 10
214 142
236 123
313 154
61 148
161 171
# Remaining lines are the edges.
# The first value is the source node index.
# The second value is the target node index.
0 1
0 2
0 3
1 30
1 31
2 27
2 31
3 28
3 29
4 5
4 6
4 31
5 24
5 26
6 23
6 25
7 13
7 27
7 29
8 16
8 27
8 28
9 12
9 13
9 15
10 11
10 12
10 13
11 14
11 16
12 14
14 29
15 17
15 28
16 18
17 18
17 20
18 26
19 21
19 22
19 26
20 21
20 24
21 25
22 23
22 25
23 30
24 30
