# First value is number of nodes (N)
34 
# Next N numbers describe the node locations
275 305
242 234
321 266
334 306
335 145
341 82
114 127
98 140
321 25
332 69
41 39
11 234
9 73
12 120
106 154
71 93
267 120
263 21
219 37
280 54
253 60
16 105
93 155
229 292
210 31
274 149
208 59
363 202
218 172
346 190
354 199
279 242
244 161
316 285
# Remaining lines are the edges.
# The first value is the source node index.
# The second value is the target node index.
0 1
0 2
0 3
1 28
1 31
2 29
2 32
3 30
3 33
4 5
4 25
4 27
5 8
5 9
6 23
6 24
6 26
7 21
7 22
7 26
8 17
8 19
9 18
9 20
10 12
10 14
10 23
11 13
11 15
11 23
12 13
12 21
13 22
14 15
14 22
15 21
16 19
16 20
16 25
17 20
17 24
18 19
18 24
25 28
26 28
27 29
27 30
29 33
30 32
31 32
31 33
