# First value is number of nodes (N)
28 
# Next N numbers describe the node locations
141 289
76 294
124 301
160 255
14 240
69 229
13 191
170 171
168 110
149 109
152 56
55 87
30 23
64 143
55 44
67 28
107 116
119 16
12 79
123 120
55 125
59 179
16 134
136 189
73 253
99 201
168 281
53 292
# Remaining lines are the edges.
# The first value is the source node index.
# The second value is the target node index.
0 1
0 2
0 3
1 24
1 27
2 26
2 27
3 23
3 25
4 5
4 6
4 27
5 25
5 26
6 21
6 22
7 8
7 23
7 26
8 9
8 10
9 19
9 20
10 16
10 17
11 13
11 14
11 18
12 14
12 15
12 18
13 19
13 23
14 17
15 16
15 17
16 20
18 22
19 22
20 21
21 24
24 25
