# First value is number of nodes (N)
32 
# Next N numbers describe the node locations
174 344
140 355
138 321
210 294
150 164
104 167
142 114
58 278
38 82
93 53
41 27
8 100
8 36
102 8
15 163
79 243
52 216
45 137
100 41
53 94
145 50
178 109
118 200
104 100
51 128
171 293
181 176
171 219
210 233
114 321
181 291
93 329
# Remaining lines are the edges.
# The first value is the source node index.
# The second value is the target node index.
0 1
0 2
0 3
1 30
1 31
2 29
2 31
3 28
3 30
4 5
4 6
4 27
5 22
5 24
6 21
6 23
7 15
7 16
7 31
8 9
8 10
8 17
9 19
9 20
10 12
10 13
11 12
11 14
11 19
12 18
13 18
13 20
14 16
14 17
15 24
15 25
16 22
17 24
18 23
19 23
20 21
21 26
22 26
25 29
25 30
26 28
27 28
27 29
