# First value is number of nodes (N)
38 
# Next N numbers describe the node locations
109 278
192 257
218 302
90 220
245 47
165 39
186 61
95 48
167 112
278 45
187 85
150 76
30 40
119 181
52 146
38 142
204 95
177 139
270 153
59 194
57 185
10 203
109 101
243 139
269 113
270 179
233 183
223 197
285 217
148 238
185 151
56 202
229 237
267 266
90 293
153 267
156 278
153 296
# Remaining lines are the edges.
# The first value is the source node index.
# The second value is the target node index.
0 1
0 2
0 3
1 33
1 36
2 32
2 37
3 34
3 35
4 5
4 6
4 9
5 7
5 11
6 8
6 10
7 10
7 12
8 11
8 13
9 23
9 24
10 16
11 16
12 15
12 17
13 14
13 17
14 20
14 22
15 19
15 21
16 27
17 30
18 23
18 25
18 28
19 22
19 29
20 21
20 29
21 31
22 31
23 30
24 26
24 28
25 26
25 27
26 33
27 32
28 32
29 33
30 35
31 34
34 37
35 36
36 37
