# First value is number of nodes (N)
34 
# Next N numbers describe the node locations
309 278
334 164
303 171
257 263
144 159
190 183
75 189
57 69
26 129
155 8
68 113
11 256
51 192
103 24
91 81
10 194
34 149
136 61
164 161
68 232
47 200
86 278
246 34
150 192
310 183
185 223
270 66
149 289
202 271
207 291
313 169
283 137
320 108
257 95
# Remaining lines are the edges.
# The first value is the source node index.
# The second value is the target node index.
0 1
0 2
0 3
1 30
1 32
2 31
2 33
3 28
3 29
4 5
4 6
4 23
5 17
5 18
6 19
6 20
7 8
7 13
7 14
8 15
8 16
9 13
9 17
9 22
10 14
10 18
10 22
11 15
11 19
11 21
12 16
12 20
12 21
13 18
14 17
15 20
16 19
21 27
22 26
23 24
23 25
24 30
24 31
25 28
25 29
26 32
26 33
27 28
27 29
30 33
31 32
