# First value is number of nodes (N)
34 
# Next N numbers describe the node locations
198 306
218 245
159 312
235 249
148 200
195 190
76 82
41 266
8 251
30 193
198 117
238 24
62 133
23 87
146 60
83 8
58 34
23 48
30 71
55 102
60 77
53 271
33 283
257 143
219 187
244 176
166 203
104 188
271 203
235 199
105 200
151 286
115 295
84 318
# Remaining lines are the edges.
# The first value is the source node index.
# The second value is the target node index.
0 1
0 2
0 3
1 31
1 32
2 30
2 33
3 28
3 29
4 5
4 6
4 27
5 25
5 26
6 19
6 20
7 9
7 21
7 22
8 9
8 21
8 22
9 12
10 11
10 23
10 24
11 12
11 14
12 13
13 17
13 18
14 15
14 16
15 17
15 19
16 18
16 20
17 20
18 19
21 32
22 33
23 25
23 28
24 26
24 29
25 29
26 28
27 30
27 31
30 32
31 33
