# First value is number of nodes (N)
30 
# Next N numbers describe the node locations
104 255
131 270
85 283
74 169
197 254
139 248
231 255
194 64
203 102
124 127
180 185
122 30
84 10
146 198
22 177
48 97
9 113
113 91
8 62
43 50
36 10
50 104
132 115
140 34
231 106
175 254
91 105
32 237
58 145
144 301
# Remaining lines are the edges.
# The first value is the source node index.
# The second value is the target node index.
0 1
0 2
0 3
1 25
1 29
2 27
2 29
3 26
3 28
4 5
4 25
4 29
5 6
5 26
6 7
6 8
7 23
7 24
8 22
8 24
9 10
9 22
9 24
10 13
10 25
11 15
11 21
11 23
12 19
12 20
12 23
13 26
13 27
14 16
14 27
14 28
15 19
15 28
16 18
16 21
17 20
17 21
17 22
18 19
18 20
