# First value is number of nodes (N)
34 
# Next N numbers describe the node locations
335 269
279 246
347 235
388 236
256 140
195 120
166 200
56 222
59 182
180 58
144 8
152 26
112 33
90 44
89 29
66 42
158 190
150 144
35 49
11 53
104 162
46 179
54 152
16 165
70 266
337 211
170 188
317 152
226 213
323 170
374 176
322 225
359 208
343 217
# Remaining lines are the edges.
# The first value is the source node index.
# The second value is the target node index.
0 1
0 2
0 3
1 28
1 31
2 29
2 32
3 30
3 33
4 5
4 25
4 27
5 9
5 26
6 7
6 8
6 26
7 21
7 23
8 22
8 24
9 10
9 11
10 12
10 14
11 13
11 15
12 15
12 16
13 14
13 16
14 18
15 18
16 17
17 20
17 25
18 19
19 23
19 24
20 21
20 22
21 24
22 23
25 28
26 28
27 29
27 30
29 33
30 32
31 32
31 33
