# First value is number of nodes (N)
34 
# Next N numbers describe the node locations
179 242
237 237
178 159
125 218
264 99
311 11
132 150
139 18
361 103
328 61
338 57
355 44
279 38
263 8
53 88
17 10
369 113
337 83
202 48
191 131
8 81
105 117
53 84
75 107
334 158
14 101
49 131
156 74
70 181
222 136
285 205
128 207
159 207
223 206
# Remaining lines are the edges.
# The first value is the source node index.
# The second value is the target node index.
0 1
0 2
0 3
1 30
1 33
2 29
2 31
3 28
3 32
4 8
4 9
4 12
5 10
5 11
5 13
6 7
6 15
6 19
7 14
7 18
8 10
8 16
9 11
9 17
10 17
11 16
12 13
12 19
13 18
14 22
14 23
15 20
15 21
16 24
17 24
18 27
19 27
20 22
20 25
21 23
21 26
22 26
23 25
24 30
25 28
26 28
27 29
29 33
30 31
31 32
32 33
