# First value is number of nodes (N)
32 
# Next N numbers describe the node locations
51 254
35 203
100 253
100 217
121 154
135 201
70 141
10 81
189 32
206 78
135 177
205 193
39 60
60 96
97 78
10 28
167 106
58 34
99 60
168 123
208 150
41 135
196 86
156 30
136 63
124 53
125 68
159 192
36 175
119 193
155 248
72 217
# Remaining lines are the edges.
# The first value is the source node index.
# The second value is the target node index.
0 1
0 2
0 3
1 28
1 31
2 30
2 31
3 27
3 29
4 5
4 6
4 31
5 29
5 30
6 25
6 26
7 14
7 15
7 28
8 19
8 23
8 24
9 20
9 22
9 24
10 16
10 22
10 27
11 20
11 27
11 30
12 15
12 18
12 21
13 14
13 17
13 21
14 18
15 17
16 18
16 19
17 23
19 20
21 29
22 26
23 26
24 25
25 28
