# First value is number of nodes (N)
38 
# Next N numbers describe the node locations
181 277
218 280
244 268
126 234
311 115
293 95
162 162
107 89
123 111
14 107
44 54
115 139
8 82
50 38
82 97
72 108
168 9
82 143
119 19
215 42
113 25
227 18
227 44
264 152
203 64
273 86
302 72
283 116
18 148
35 135
185 115
204 195
65 202
120 163
188 217
301 269
270 231
255 265
# Remaining lines are the edges.
# The first value is the source node index.
# The second value is the target node index.
0 1
0 2
0 3
1 35
1 37
2 34
2 36
3 32
3 33
4 24
4 26
4 27
5 23
5 25
5 27
6 7
6 8
6 31
7 18
7 20
8 17
8 19
9 10
9 12
9 29
10 11
10 15
11 14
11 22
12 13
12 28
13 14
13 18
14 20
15 17
15 28
16 18
16 19
16 21
17 29
19 20
21 22
21 26
22 25
23 26
23 30
24 25
24 30
27 36
28 32
29 32
30 33
31 34
31 35
33 37
34 37
35 36
