# First value is number of nodes (N)
34 
# Next N numbers describe the node locations
160 189
163 375
156 334
124 305
76 421
42 368
29 514
79 286
66 215
50 259
121 61
124 20
102 8
171 45
146 32
102 45
32 45
47 154
144 96
73 105
123 138
61 149
126 189
53 182
18 426
168 462
82 515
37 479
72 439
65 304
91 251
99 292
115 480
91 435
# Remaining lines are the edges.
# The first value is the source node index.
# The second value is the target node index.
0 1
0 2
0 3
1 32
1 33
2 29
2 33
3 30
3 31
4 5
4 6
4 33
5 25
5 27
6 26
6 28
7 8
7 9
7 29
8 22
8 31
9 23
9 30
10 11
10 12
10 19
11 13
11 15
12 14
12 16
13 16
13 18
14 15
14 18
15 17
16 17
17 21
18 20
19 20
19 21
20 22
21 23
22 30
23 31
24 27
24 28
24 29
25 28
25 32
26 27
26 32
