# First value is number of nodes (N)
34 
# Next N numbers describe the node locations
419 145
382 113
427 134
479 163
462 32
550 62
432 101
44 54
30 84
38 60
25 28
47 82
52 46
46 104
69 22
103 18
149 131
162 94
166 46
229 42
242 81
271 105
271 63
544 118
537 142
554 23
545 139
433 29
535 159
502 149
386 82
366 80
355 96
436 22
# Remaining lines are the edges.
# The first value is the source node index.
# The second value is the target node index.
0 1
0 2
0 3
1 31
1 32
2 30
2 33
3 28
3 29
4 5
4 6
4 27
5 23
5 25
6 24
6 26
7 9
7 11
7 12
8 10
8 11
8 13
9 13
9 14
10 12
10 14
11 15
12 16
13 16
14 15
15 18
16 17
17 18
17 20
18 19
19 21
19 22
20 21
20 22
21 32
22 33
23 24
23 28
24 29
25 26
25 29
26 28
27 30
27 31
30 32
31 33
