# First value is number of nodes (N)
34 
# Next N numbers describe the node locations
349 103
338 201
292 213
242 205
321 34
268 71
24 201
17 80
73 90
73 86
265 8
210 34
277 47
255 62
51 216
59 9
61 137
158 111
226 111
217 22
155 153
93 12
381 67
381 89
406 104
366 159
188 116
190 19
382 158
125 233
205 127
288 231
276 205
237 235
# Remaining lines are the edges.
# The first value is the source node index.
# The second value is the target node index.
0 1
0 2
0 3
1 28
1 31
2 30
2 33
3 29
3 32
4 10
4 12
4 22
5 11
5 13
5 23
6 7
6 14
6 16
7 15
7 17
8 9
8 14
8 17
9 15
9 16
10 13
10 19
11 12
11 19
12 18
13 18
14 21
15 21
16 20
17 20
18 26
19 27
20 26
21 27
22 24
22 25
23 24
23 25
24 28
25 28
26 29
27 30
29 33
30 32
31 32
31 33
