# First value is number of nodes (N)
32 
# Next N numbers describe the node locations
275 105
284 155
224 64
235 93
221 124
128 67
62 168
37 76
13 148
45 150
8 93
96 112
71 117
60 9
104 159
204 49
204 134
194 132
150 102
137 191
156 169
199 35
227 185
126 170
154 202
128 29
189 72
233 203
282 38
240 125
218 43
289 105
# Remaining lines are the edges.
# The first value is the source node index.
# The second value is the target node index.
0 1
0 2
0 3
1 27
1 31
2 26
2 30
3 28
3 29
4 15
4 16
4 17
5 7
5 11
5 18
6 8
6 12
6 19
7 9
7 10
8 9
8 10
9 14
10 13
11 12
11 14
12 13
13 25
14 24
15 21
15 23
16 20
16 22
17 22
17 23
18 21
18 25
19 20
19 24
20 29
21 28
22 27
23 26
24 27
25 26
28 31
29 30
30 31
