# First value is number of nodes (N)
38 
# Next N numbers describe the node locations
320 182
323 201
295 218
323 84
239 160
176 168
164 198
133 149
82 230
110 21
77 153
169 19
161 74
129 100
85 208
8 145
16 88
105 65
73 177
58 59
48 163
67 207
84 95
73 88
11 203
203 212
259 41
237 81
174 150
248 132
233 8
242 175
296 23
314 96
271 167
300 230
282 232
175 103
# Remaining lines are the edges.
# The first value is the source node index.
# The second value is the target node index.
0 1
0 2
0 3
1 35
1 37
2 34
2 36
3 32
3 33
4 5
4 25
4 31
5 26
5 27
6 7
6 8
6 25
7 22
7 23
8 21
8 24
9 11
9 17
9 19
10 12
10 18
10 20
11 12
11 30
12 29
13 17
13 22
13 28
14 18
14 21
14 28
15 16
15 20
15 24
16 19
16 23
17 23
18 24
19 22
20 21
25 36
26 30
26 33
27 29
27 32
28 37
29 33
30 32
31 34
31 35
34 37
35 36
