# First value is number of nodes (N)
28 
# Next N numbers describe the node locations
312 362
271 354
302 338
315 419
226 432
256 359
317 166
169 231
132 189
301 35
236 23
95 106
63 16
13 55
129 89
37 70
13 98
165 38
139 78
44 136
88 166
189 159
219 291
289 425
248 411
117 310
308 320
294 387
# Remaining lines are the edges.
# The first value is the source node index.
# The second value is the target node index.
0 1
0 2
0 3
1 25
1 27
2 26
2 27
3 23
3 24
4 5
4 6
4 23
5 24
5 25
6 24
6 26
7 8
7 9
7 22
8 20
8 21
9 20
9 21
10 12
10 14
10 17
11 13
11 14
11 17
12 15
12 16
13 15
13 16
14 18
15 19
16 19
17 18
18 21
19 20
22 25
22 26
23 27
