# First value is number of nodes (N)
34 
# Next N numbers describe the node locations
245 235
162 272
215 298
249 197
166 40
205 231
28 111
77 31
131 8
82 212
135 196
199 75
178 43
18 109
37 61
26 51
54 80
208 34
190 9
70 118
136 106
239 37
214 52
130 134
247 85
145 218
210 180
80 229
237 138
164 140
128 325
99 335
183 336
192 305
# Remaining lines are the edges.
# The first value is the source node index.
# The second value is the target node index.
0 1
0 2
0 3
1 30
1 32
2 31
2 33
3 28
3 29
4 10
4 11
4 12
5 10
5 25
5 26
6 9
6 13
6 14
7 8
7 15
7 16
8 17
8 18
9 10
9 27
11 17
11 21
12 18
12 22
13 15
13 19
14 16
14 20
15 20
16 19
17 22
18 21
19 23
20 23
21 24
22 24
23 29
24 28
25 32
25 33
26 28
26 29
27 30
27 31
30 33
31 32
