# First value is number of nodes (N)
34 
# Next N numbers describe the node locations
267 222
158 196
276 185
302 222
281 74
256 54
255 17
92 56
184 68
40 49
95 167
55 224
21 229
63 144
75 134
31 130
21 139
153 26
200 37
200 24
181 106
259 54
133 257
187 267
194 134
131 193
275 140
258 230
136 155
179 229
278 146
297 240
324 147
253 210
# Remaining lines are the edges.
# The first value is the source node index.
# The second value is the target node index.
0 1
0 2
0 3
1 28
1 29
2 30
2 32
3 31
3 33
4 5
4 6
4 26
5 18
5 20
6 19
6 21
7 8
7 9
7 17
8 13
8 15
9 14
9 16
10 13
10 14
10 22
11 12
11 22
11 25
12 15
12 16
13 16
14 15
17 18
17 19
18 21
19 20
20 24
21 24
22 23
23 27
23 29
24 28
25 28
25 29
26 32
26 33
27 30
27 31
30 33
31 32
