# First value is number of nodes (N)
34 
# Next N numbers describe the node locations
218 306
207 267
132 303
249 274
230 128
217 96
126 111
151 162
138 150
75 101
127 142
153 248
26 209
58 217
78 28
145 44
83 153
8 171
83 129
127 33
189 34
179 71
133 69
139 174
54 233
14 312
209 155
250 175
249 177
71 274
217 232
208 263
160 300
137 293
# Remaining lines are the edges.
# The first value is the source node index.
# The second value is the target node index.
0 1
0 2
0 3
1 30
1 31
2 29
2 33
3 28
3 32
4 5
4 6
4 27
5 20
5 26
6 21
6 22
7 8
7 23
7 26
8 9
8 10
9 16
9 19
10 17
10 18
11 12
11 13
11 23
12 16
12 25
13 17
13 24
14 19
14 20
14 22
15 18
15 20
15 21
16 24
17 25
18 22
19 21
23 31
24 29
25 29
26 28
27 28
27 30
30 33
31 32
32 33
