# First value is number of nodes (N)
32 
# Next N numbers describe the node locations
158 198
170 199
187 208
151 81
210 222
195 164
266 116
263 62
237 74
67 121
76 146
157 140
41 168
82 18
128 60
64 41
72 74
68 74
10 55
72 131
8 126
153 41
192 17
217 92
216 40
172 77
237 13
137 226
159 167
111 25
163 115
191 203
# Remaining lines are the edges.
# The first value is the source node index.
# The second value is the target node index.
0 1
0 2
0 3
1 30
1 31
2 27
2 31
3 28
3 29
4 5
4 27
4 31
5 6
5 28
6 7
6 8
7 23
7 26
8 24
8 25
9 16
9 19
9 30
10 11
10 12
10 27
11 21
11 28
12 19
12 20
13 15
13 22
13 29
14 17
14 21
14 29
15 16
15 18
16 20
17 18
17 20
18 19
21 25
22 24
22 26
23 24
23 30
25 26
