# First value is number of nodes (N)
34 
# Next N numbers describe the node locations
71 319
37 274
64 360
37 344
223 178
55 113
181 49
113 8
212 122
230 202
129 75
8 54
216 124
230 32
106 28
51 10
105 89
81 84
43 54
197 128
149 125
138 207
48 175
118 225
110 196
166 128
172 287
47 244
67 182
9 287
109 324
46 319
108 280
16 332
# Remaining lines are the edges.
# The first value is the source node index.
# The second value is the target node index.
0 1
0 2
0 3
1 28
1 31
2 30
2 33
3 29
3 32
4 8
4 9
4 23
5 10
5 11
5 22
6 7
6 12
6 13
7 14
7 15
8 12
8 16
9 13
9 19
10 14
10 17
11 15
11 18
12 19
13 16
14 18
15 17
16 20
17 21
18 21
19 20
20 25
21 25
22 24
22 27
23 24
23 26
24 28
25 28
26 27
26 30
27 29
29 33
30 32
31 32
31 33
