# First value is number of nodes (N)
34 
# Next N numbers describe the node locations
153 209
176 237
187 213
174 78
302 53
329 108
31 23
58 51
243 126
346 193
329 20
261 53
91 8
318 72
33 52
51 102
56 61
20 91
60 43
276 15
325 189
249 159
156 16
163 24
133 66
30 121
270 207
201 20
68 111
70 194
319 235
80 193
141 184
134 219
# Remaining lines are the edges.
# The first value is the source node index.
# The second value is the target node index.
0 1
0 2
0 3
1 30
1 33
2 29
2 31
3 28
3 32
4 8
4 10
4 13
5 9
5 11
5 13
6 12
6 14
6 17
7 12
7 15
7 18
8 11
8 20
9 10
9 20
10 19
11 19
12 22
13 21
14 16
14 18
15 16
15 17
16 24
17 25
18 25
19 27
20 26
21 23
21 26
22 23
22 27
23 24
24 28
25 29
26 30
27 28
29 33
30 31
31 32
32 33
