# First value is number of nodes (N)
34 
# Next N numbers describe the node locations
185 287
171 339
131 301
144 273
19 236
15 181
26 283
245 29
195 56
261 128
197 41
216 176
215 145
192 72
150 56
126 61
121 33
112 60
79 42
116 236
175 151
16 376
58 370
114 374
40 358
98 142
44 325
8 341
54 106
240 188
258 223
146 195
107 379
18 223
# Remaining lines are the edges.
# The first value is the source node index.
# The second value is the target node index.
0 1
0 2
0 3
1 32
1 33
2 31
2 33
3 29
3 30
4 5
4 6
4 33
5 25
5 28
6 26
6 27
7 8
7 9
7 10
8 11
8 29
9 12
9 30
10 13
10 14
11 20
11 30
12 20
12 29
13 15
13 18
14 16
14 19
15 17
15 19
16 17
16 18
17 25
18 28
19 28
20 25
21 22
21 26
21 31
22 27
22 32
23 24
23 26
23 32
24 27
24 31
