# First value is number of nodes (N)
30 
# Next N numbers describe the node locations
70 279
22 252
57 224
128 293
152 150
99 125
200 204
163 31
217 149
187 83
236 179
19 86
17 27
124 84
152 26
194 166
103 8
60 82
151 59
104 125
227 246
219 224
163 179
24 160
185 266
121 249
37 197
8 195
126 153
79 239
# Remaining lines are the edges.
# The first value is the source node index.
# The second value is the target node index.
0 1
0 2
0 3
1 27
1 29
2 26
2 28
3 24
3 25
4 15
4 18
4 19
5 16
5 17
5 19
6 8
6 21
6 22
7 9
7 12
7 14
8 9
8 10
9 13
10 15
10 20
11 12
11 17
11 23
12 16
13 17
13 18
14 16
14 18
15 22
19 28
20 21
20 24
21 25
22 24
23 26
23 27
25 29
26 29
27 28
