# First value is number of nodes (N)
32 
# Next N numbers describe the node locations
126 142
96 59
127 135
97 165
246 39
273 113
75 194
164 13
219 89
230 83
192 23
260 160
276 80
77 102
72 215
112 197
242 129
232 204
192 100
29 28
68 129
85 45
134 31
91 242
116 237
25 70
50 54
84 18
108 131
205 149
125 145
123 244
# Remaining lines are the edges.
# The first value is the source node index.
# The second value is the target node index.
0 1
0 2
0 3
1 26
1 27
2 29
2 31
3 28
3 30
4 7
4 9
4 12
5 9
5 11
5 12
6 13
6 14
6 15
7 10
7 22
8 10
8 11
8 18
9 18
10 16
11 17
12 16
13 19
13 21
14 20
14 24
15 17
15 23
16 29
17 29
18 28
19 25
19 27
20 25
20 28
21 22
21 26
22 27
23 24
23 31
24 30
25 26
30 31
