# First value is number of nodes (N)
30 
# Next N numbers describe the node locations
172 227
196 175
185 200
150 240
223 19
120 57
102 94
129 15
12 149
34 66
8 118
18 147
45 111
92 37
142 101
164 96
229 59
107 114
193 76
203 115
150 176
150 51
70 66
8 225
71 227
198 109
143 181
246 178
225 236
179 212
# Remaining lines are the edges.
# The first value is the source node index.
# The second value is the target node index.
0 1
0 2
0 3
1 25
1 29
2 26
2 27
3 24
3 28
4 7
4 14
4 16
5 6
5 7
5 15
6 11
6 17
7 13
8 10
8 11
8 12
9 10
9 12
9 13
10 23
11 23
12 22
13 21
14 20
14 22
15 18
15 20
16 18
16 19
17 19
17 21
18 25
19 27
20 24
21 25
22 26
23 24
26 29
27 28
28 29
