# First value is number of nodes (N)
36 
# Next N numbers describe the node locations
175 237
235 224
176 251
132 247
160 93
221 9
170 17
12 57
36 130
62 96
57 40
71 64
117 24
142 118
150 14
176 142
14 120
224 145
184 115
290 130
50 101
233 61
246 27
118 148
132 164
296 107
261 96
190 120
57 221
21 159
86 212
278 172
212 229
162 279
199 265
184 241
# Remaining lines are the edges.
# The first value is the source node index.
# The second value is the target node index.
0 1
0 2
0 3
1 31
1 34
2 32
2 33
3 30
3 35
4 5
4 6
4 15
5 14
5 22
6 13
6 21
7 10
7 11
7 16
8 9
8 12
8 16
9 11
9 20
10 12
10 20
11 13
12 14
13 14
15 23
15 27
16 29
17 18
17 19
17 27
18 22
18 26
19 21
19 25
20 24
21 26
22 25
23 24
23 28
24 30
25 31
26 31
27 32
28 29
28 33
29 30
32 35
33 34
34 35
