# First value is number of nodes (N)
34 
# Next N numbers describe the node locations
47 178
49 141
59 230
11 223
190 24
81 98
166 86
97 45
56 114
175 125
136 125
95 72
156 108
157 139
196 98
97 173
52 14
108 48
138 98
132 238
172 221
58 117
86 155
143 120
44 15
89 19
164 167
75 183
36 117
79 135
88 211
116 243
62 208
147 172
# Remaining lines are the edges.
# The first value is the source node index.
# The second value is the target node index.
0 1
0 2
0 3
1 28
1 29
2 31
2 33
3 30
3 32
4 14
4 16
4 18
5 15
5 17
5 19
6 7
6 9
6 25
7 8
7 24
8 11
8 27
9 10
9 26
10 13
10 20
11 12
11 21
12 14
12 23
13 15
13 22
14 26
15 27
16 17
16 25
17 24
18 21
18 23
19 20
19 22
20 31
21 30
22 29
23 29
24 28
25 28
26 33
27 32
30 31
32 33
