# First value is number of nodes (N)
32 
# Next N numbers describe the node locations
173 239
107 206
161 246
205 137
100 215
57 156
99 77
172 146
191 90
184 26
189 51
41 83
18 80
45 31
8 57
181 26
38 73
54 145
125 13
254 77
207 61
217 23
137 59
45 63
14 103
188 63
160 62
219 160
175 217
218 72
101 155
103 237
# Remaining lines are the edges.
# The first value is the source node index.
# The second value is the target node index.
0 1
0 2
0 3
1 30
1 31
2 28
2 31
3 27
3 29
4 5
4 6
4 31
5 24
5 30
6 25
6 26
7 8
7 27
7 30
8 9
8 10
9 21
9 23
10 20
10 22
11 12
11 16
11 29
12 13
12 17
13 14
13 18
14 16
14 24
15 18
15 21
15 25
16 23
17 23
17 24
18 22
19 20
19 21
19 27
20 25
22 26
26 28
28 29
