# First value is number of nodes (N)
30 
# Next N numbers describe the node locations
161 319
94 360
117 375
156 263
246 92
261 64
142 11
185 75
256 88
163 12
228 70
140 45
32 274
167 92
200 111
69 223
13 325
13 388
38 63
127 195
140 147
168 178
67 283
33 371
31 364
68 410
165 205
245 162
89 329
55 343
# Remaining lines are the edges.
# The first value is the source node index.
# The second value is the target node index.
0 1
0 2
0 3
1 24
1 29
2 25
2 28
3 26
3 27
4 5
4 8
4 10
5 8
5 10
6 7
6 9
6 11
7 9
7 11
8 14
9 14
10 13
11 13
12 15
12 16
12 22
13 20
14 21
15 18
15 19
16 17
16 29
17 23
17 25
18 20
18 27
19 21
19 26
20 26
21 27
22 24
22 28
23 24
23 25
28 29
