# First value is number of nodes (N)
34 
# Next N numbers describe the node locations
212 303
178 251
263 287
250 286
296 143
238 114
356 104
117 107
46 86
126 44
315 75
287 8
324 71
336 25
337 15
365 8
29 164
108 147
23 153
89 173
57 72
16 118
375 66
350 51
263 56
106 256
249 193
305 207
126 156
311 267
294 194
214 252
260 278
276 277
# Remaining lines are the edges.
# The first value is the source node index.
# The second value is the target node index.
0 1
0 2
0 3
1 28
1 31
2 29
2 32
3 30
3 33
4 5
4 6
4 27
5 24
5 26
6 22
6 23
7 8
7 9
7 26
8 18
8 21
9 19
9 20
10 12
10 14
10 24
11 13
11 15
11 24
12 13
12 22
13 23
14 15
14 23
15 22
16 18
16 20
16 25
17 19
17 21
17 25
18 19
20 21
25 28
26 28
27 29
27 30
29 33
30 32
31 32
31 33
