# First value is number of nodes (N)
34 
# Next N numbers describe the node locations
101 309
159 286
42 284
69 281
112 79
194 190
66 131
216 210
31 81
249 164
313 185
252 182
88 41
74 85
104 22
93 73
279 220
250 236
314 225
311 242
52 49
21 51
135 47
320 263
264 274
139 164
31 188
90 247
111 216
225 294
54 261
37 264
8 246
128 257
# Remaining lines are the edges.
# The first value is the source node index.
# The second value is the target node index.
0 1
0 2
0 3
1 28
1 29
2 30
2 32
3 31
3 33
4 12
4 13
4 25
5 7
5 9
5 25
6 7
6 8
6 26
7 22
8 20
8 21
9 10
9 11
10 16
10 18
11 17
11 19
12 14
12 20
13 15
13 21
14 21
14 22
15 20
15 22
16 17
16 23
17 24
18 19
18 24
19 23
23 29
24 29
25 28
26 32
26 33
27 28
27 30
27 31
30 33
31 32
