# First value is number of nodes (N)
32 
# Next N numbers describe the node locations
26 302
9 263
75 314
42 268
127 57
86 19
14 44
213 74
175 27
118 8
189 70
141 145
35 98
18 54
162 100
52 76
63 74
231 112
100 140
16 107
220 161
84 115
23 157
102 198
165 213
161 298
171 192
108 248
25 162
90 270
67 306
51 284
# Remaining lines are the edges.
# The first value is the source node index.
# The second value is the target node index.
0 1
0 2
0 3
1 28
1 31
2 27
2 29
3 26
3 30
4 8
4 10
4 14
5 9
5 12
5 15
6 9
6 13
6 16
7 8
7 11
7 17
8 9
10 17
10 18
11 14
11 18
12 16
12 19
13 15
13 19
14 20
15 21
16 21
17 20
18 22
19 22
20 24
21 23
22 28
23 25
23 26
24 25
24 26
25 27
27 31
28 29
29 30
30 31
