# First value is number of nodes (N)
32 
# Next N numbers describe the node locations
218 189
157 196
229 150
268 153
120 142
42 37
49 136
267 48
247 65
318 9
278 21
313 16
351 177
370 104
323 85
186 98
211 11
174 43
99 25
33 71
141 81
63 136
8 107
35 159
98 115
40 102
22 79
280 105
207 84
315 121
94 191
171 159
# Remaining lines are the edges.
# The first value is the source node index.
# The second value is the target node index.
0 1
0 2
0 3
1 30
1 31
2 27
2 31
3 28
3 29
4 5
4 6
4 31
5 24
5 26
6 23
6 25
7 11
7 12
7 27
8 16
8 27
8 28
9 10
9 11
9 15
10 14
10 16
11 13
12 13
12 14
13 29
14 29
15 17
15 28
16 18
17 18
17 20
18 26
19 21
19 22
19 26
20 21
20 24
21 25
22 23
22 25
23 30
24 30
