# First value is number of nodes (N)
36 
# Next N numbers describe the node locations
77 116
131 68
59 98
92 156
241 127
14 33
139 226
79 180
85 165
173 240
170 139
83 111
217 189
18 138
167 156
49 65
240 92
81 16
41 63
206 75
68 184
107 250
113 8
138 34
53 159
114 205
168 178
57 151
119 42
240 16
138 115
118 217
33 171
148 38
179 112
59 90
# Remaining lines are the edges.
# The first value is the source node index.
# The second value is the target node index.
0 1
0 2
0 3
1 30
1 33
2 32
2 35
3 31
3 34
4 12
4 14
4 16
5 13
5 15
5 17
6 9
6 11
6 25
7 8
7 10
7 24
8 13
8 20
9 12
9 21
10 14
10 19
11 15
11 18
12 26
13 27
14 29
15 28
16 19
16 23
17 18
17 22
18 35
19 34
20 21
20 32
21 31
22 29
22 33
23 28
23 33
24 27
24 32
25 26
25 31
26 30
27 30
28 35
29 34
