# First value is number of nodes (N)
38 
# Next N numbers describe the node locations
153 298
187 293
240 292
88 288
178 91
88 52
152 19
70 188
101 148
180 37
161 26
248 70
96 78
127 55
47 50
66 105
118 101
81 79
22 153
215 178
138 179
270 106
239 205
245 193
204 172
229 249
152 73
269 187
268 209
16 170
129 242
101 215
64 245
280 220
164 201
173 253
146 285
192 270
# Remaining lines are the edges.
# The first value is the source node index.
# The second value is the target node index.
0 1
0 2
0 3
1 34
1 35
2 33
2 37
3 32
3 36
4 10
4 11
4 13
5 6
5 10
5 14
6 9
6 11
7 8
7 15
7 18
8 12
8 20
9 13
9 19
10 19
11 21
12 14
12 17
13 16
14 18
15 16
15 17
16 26
17 29
18 29
19 26
20 24
20 31
21 23
21 27
22 23
22 25
22 30
23 28
24 25
24 28
25 27
26 34
27 33
28 33
29 32
30 31
30 35
31 32
34 37
35 36
36 37
