# First value is number of nodes (N)
32 
# Next N numbers describe the node locations
208 371
159 388
142 254
241 359
153 212
111 161
135 254
101 37
32 91
82 63
64 36
165 8
10 25
71 60
202 140
55 99
47 279
21 285
15 188
93 321
51 273
52 170
229 175
184 359
69 332
211 224
100 366
244 285
187 304
207 360
202 342
249 319
# Remaining lines are the edges.
# The first value is the source node index.
# The second value is the target node index.
0 1
0 2
0 3
1 26
1 29
2 27
2 30
3 28
3 31
4 5
4 6
4 25
5 21
5 22
6 19
6 20
7 9
7 11
7 15
8 10
8 12
8 15
9 10
9 13
10 14
11 12
11 14
12 13
13 22
14 22
15 21
16 18
16 19
16 23
17 18
17 20
17 24
18 21
19 24
20 23
23 26
24 26
25 27
25 28
27 31
28 30
29 30
29 31
