# First value is number of nodes (N)
30 
# Next N numbers describe the node locations
233 272
149 321
88 287
234 337
277 167
247 174
204 75
157 31
165 101
22 168
8 221
39 215
42 109
67 52
85 116
114 37
106 8
134 131
124 98
244 124
43 265
262 221
209 369
131 402
212 389
252 313
179 372
110 363
82 314
205 314
# Remaining lines are the edges.
# The first value is the source node index.
# The second value is the target node index.
0 1
0 2
0 3
1 27
1 29
2 26
2 28
3 24
3 25
4 5
4 19
4 21
5 19
5 21
6 7
6 8
6 19
7 15
7 16
8 17
8 18
9 10
9 11
9 12
10 11
10 20
11 20
12 13
12 14
13 15
13 16
14 17
14 18
15 16
17 18
20 28
21 25
22 23
22 24
22 26
23 24
23 27
25 29
26 29
27 28
