# First value is number of nodes (N)
30 
# Next N numbers describe the node locations
124 278
147 250
170 280
29 163
211 183
226 145
159 72
86 8
21 20
138 16
14 110
187 40
94 46
50 81
107 95
79 96
182 93
15 140
86 157
108 127
48 154
54 135
215 212
155 183
123 208
11 134
126 244
172 232
216 254
135 217
# Remaining lines are the edges.
# The first value is the source node index.
# The second value is the target node index.
0 1
0 2
0 3
1 28
1 29
2 26
2 27
3 24
3 25
4 5
4 6
4 23
5 16
5 22
6 11
6 12
7 8
7 9
7 12
8 10
8 15
9 11
9 14
10 13
10 17
11 16
12 13
13 21
14 15
14 19
15 18
16 19
17 18
17 20
18 29
19 25
20 21
20 24
21 25
22 26
22 28
23 24
23 27
26 29
27 28
