# First value is number of nodes (N)
34 
# Next N numbers describe the node locations
196 230
138 232
222 175
254 227
314 64
175 30
35 130
231 23
166 25
273 23
327 127
164 10
51 138
8 204
341 120
251 166
171 138
116 124
204 74
245 72
290 204
247 133
51 222
57 247
325 164
326 203
78 232
55 202
130 153
71 249
309 225
331 145
119 185
185 177
# Remaining lines are the edges.
# The first value is the source node index.
# The second value is the target node index.
0 1
0 2
0 3
1 28
1 29
2 32
2 33
3 30
3 31
4 9
4 10
4 14
5 7
5 8
5 11
6 12
6 13
6 17
7 9
7 18
8 10
8 19
9 19
10 18
11 16
11 17
12 22
12 26
13 23
13 27
14 24
14 25
15 16
15 20
15 21
16 28
17 28
18 33
19 33
20 24
20 30
21 25
21 31
22 27
22 29
23 26
23 29
24 31
25 30
26 32
27 32
