# First value is number of nodes (N)
38 
# Next N numbers describe the node locations
196 291
158 290
152 284
258 276
253 181
299 164
255 203
263 55
240 84
202 14
13 137
87 169
68 139
116 126
54 140
129 191
36 116
86 94
74 21
212 48
199 20
188 54
159 19
127 78
296 103
265 92
137 112
15 220
319 165
277 212
310 185
247 206
293 231
223 200
157 240
164 252
146 209
83 246
# Remaining lines are the edges.
# The first value is the source node index.
# The second value is the target node index.
0 1
0 2
0 3
1 35
1 37
2 34
2 36
3 32
3 33
4 5
4 6
4 31
5 24
5 30
6 28
6 29
7 8
7 9
7 24
8 21
8 23
9 20
9 22
10 15
10 16
10 27
11 12
11 14
11 15
12 13
12 16
13 18
13 26
14 17
14 27
15 18
16 17
17 23
18 22
19 20
19 21
19 25
20 23
21 22
24 28
25 26
25 36
26 33
27 37
28 32
29 30
29 33
30 32
31 34
31 35
34 37
35 36
