# First value is number of nodes (N)
32 
# Next N numbers describe the node locations
31 256
67 318
35 308
116 251
119 304
152 254
96 227
222 296
221 147
171 175
22 177
57 194
13 98
133 80
111 21
93 33
64 36
71 10
53 65
108 94
92 122
77 111
39 140
10 52
152 135
223 170
63 163
63 283
16 246
84 212
65 248
85 336
# Remaining lines are the edges.
# The first value is the source node index.
# The second value is the target node index.
0 1
0 2
0 3
1 27
1 31
2 28
2 31
3 29
3 30
4 5
4 27
4 31
5 6
5 7
6 26
6 30
7 24
7 25
8 13
8 25
8 29
9 24
9 25
9 29
10 11
10 12
10 26
11 22
11 28
12 21
12 23
13 14
13 20
14 17
14 18
15 16
15 17
15 18
16 19
16 23
17 23
18 22
19 21
19 24
20 21
20 22
26 27
28 30
