# First value is number of nodes (N)
32 
# Next N numbers describe the node locations
61 387
41 340
86 424
8 378
281 68
330 57
294 47
309 98
287 59
342 73
285 104
259 11
229 58
316 182
254 150
211 118
320 353
164 96
152 241
224 280
218 211
107 105
145 235
186 247
131 329
87 301
98 426
37 338
30 439
15 433
100 376
258 411
# Remaining lines are the edges.
# The first value is the source node index.
# The second value is the target node index.
0 1
0 2
0 3
1 30
1 31
2 26
2 28
3 27
3 29
4 5
4 8
4 10
5 9
5 11
6 7
6 8
6 11
7 9
7 10
8 13
9 13
10 12
11 12
12 15
13 14
14 15
14 16
15 17
16 18
16 20
17 19
17 21
18 21
18 23
19 20
19 23
20 22
21 22
22 25
23 24
24 25
24 26
25 27
26 30
27 31
28 29
28 31
29 30
