# First value is number of nodes (N)
34 
# Next N numbers describe the node locations
53 231
26 173
65 217
53 290
101 146
130 90
75 160
187 31
204 272
230 177
199 59
202 100
191 338
149 312
260 124
235 150
188 18
157 296
99 277
169 65
236 104
8 46
25 75
59 8
34 61
39 27
74 62
125 250
199 131
257 221
101 338
68 218
8 109
71 182
# Remaining lines are the edges.
# The first value is the source node index.
# The second value is the target node index.
0 1
0 2
0 3
1 32
1 33
2 29
2 33
3 30
3 31
4 5
4 6
4 33
5 27
5 28
6 25
6 26
7 10
7 11
7 16
8 12
8 13
8 29
9 14
9 15
9 29
10 14
10 19
11 15
11 20
12 17
12 30
13 18
13 31
14 20
15 19
16 23
16 24
17 27
17 31
18 27
18 30
19 28
20 28
21 23
21 25
21 32
22 24
22 26
22 32
23 26
24 25
