# First value is number of nodes (N)
28 
# Next N numbers describe the node locations
143 336
94 345
90 329
181 298
300 57
300 47
303 8
315 48
98 203
111 157
301 82
221 43
136 193
100 177
11 327
18 209
8 258
22 260
246 97
142 147
202 143
165 282
133 253
201 203
187 245
163 171
52 341
82 306
# Remaining lines are the edges.
# The first value is the source node index.
# The second value is the target node index.
0 1
0 2
0 3
1 26
1 27
2 26
2 27
3 24
3 25
4 5
4 6
4 10
5 7
5 11
6 7
6 11
7 10
8 12
8 13
8 27
9 12
9 13
9 15
10 18
11 18
12 19
13 19
14 16
14 17
14 26
15 16
15 17
16 21
17 21
18 20
19 20
20 23
21 22
22 24
22 25
23 24
23 25
