# First value is number of nodes (N)
32 
# Next N numbers describe the node locations
176 275
149 266
206 365
84 364
102 151
225 132
13 104
18 61
52 263
65 94
32 57
9 36
13 46
84 76
51 12
110 62
110 45
190 26
162 148
127 93
195 134
221 76
219 38
72 215
184 176
49 274
96 199
68 224
32 324
124 290
66 364
60 344
# Remaining lines are the edges.
# The first value is the source node index.
# The second value is the target node index.
0 1
0 2
0 3
1 26
1 29
2 27
2 30
3 28
3 31
4 19
4 21
4 24
5 20
5 22
5 24
6 8
6 9
6 11
7 8
7 10
7 12
8 23
9 10
9 13
10 14
11 12
11 14
12 13
13 16
14 15
15 16
15 18
16 17
17 21
17 22
18 19
18 20
19 22
20 21
23 25
23 26
24 26
25 27
25 28
27 31
28 30
29 30
29 31
