# First value is number of nodes (N)
28 
# Next N numbers describe the node locations
268 97
251 155
288 104
207 103
509 140
517 82
409 74
495 29
482 94
474 160
458 152
437 193
461 8
454 39
456 164
409 30
8 116
37 118
18 160
36 128
56 86
71 168
112 92
121 142
191 101
127 83
391 49
351 187
# Remaining lines are the edges.
# The first value is the source node index.
# The second value is the target node index.
0 1
0 2
0 3
1 26
1 27
2 26
2 27
3 24
3 25
4 5
4 6
4 9
5 7
5 8
6 10
6 11
7 12
7 13
8 12
8 13
9 10
9 11
10 14
11 14
12 15
13 15
14 27
15 26
16 18
16 19
16 20
17 18
17 19
17 20
18 21
19 21
20 22
21 23
22 24
22 25
23 24
23 25
