# First value is number of nodes (N)
32 
# Next N numbers describe the node locations
153 184
167 132
283 124
201 191
196 115
74 97
19 53
77 38
95 29
193 61
58 212
271 71
190 14
26 158
44 70
68 13
83 104
90 66
83 139
151 99
100 166
230 70
310 49
104 224
328 188
249 118
270 165
131 179
264 128
330 102
180 215
140 112
# Remaining lines are the edges.
# The first value is the source node index.
# The second value is the target node index.
0 1
0 2
0 3
1 27
1 31
2 28
2 29
3 26
3 30
4 9
4 11
4 25
5 6
5 13
5 14
6 15
6 16
7 8
7 14
7 16
8 12
8 15
9 12
9 19
10 13
10 20
10 23
11 22
11 24
12 21
13 18
14 17
15 17
16 18
17 31
18 30
19 20
19 31
20 27
21 22
21 28
22 29
23 27
23 30
24 26
24 29
25 26
25 28
