# First value is number of nodes (N)
32 
# Next N numbers describe the node locations
72 228
112 211
53 218
102 273
244 52
202 19
266 67
266 25
38 10
239 174
144 37
262 128
261 93
230 49
218 96
156 67
141 134
181 134
140 102
157 181
25 238
61 253
85 262
26 283
55 120
220 273
110 219
29 173
131 237
88 145
54 283
41 249
# Remaining lines are the edges.
# The first value is the source node index.
# The second value is the target node index.
0 1
0 2
0 3
1 26
1 27
2 29
2 31
3 28
3 30
4 7
4 12
4 13
5 7
5 10
5 13
6 7
6 11
6 12
8 10
8 16
8 24
9 11
9 17
9 25
10 15
11 14
12 15
13 14
14 19
15 18
16 17
16 19
17 18
18 29
19 28
20 21
20 23
20 27
21 22
21 26
22 23
22 31
23 30
24 27
24 29
25 26
25 28
30 31
