# First value is number of nodes (N)
34 
# Next N numbers describe the node locations
112 354
66 409
172 283
166 276
132 25
89 54
78 66
49 15
97 66
85 104
73 11
46 66
128 142
236 435
243 401
192 468
89 421
205 432
194 417
47 134
8 97
146 104
196 441
195 407
188 231
14 155
136 153
76 139
95 230
181 330
201 313
171 148
35 346
125 254
# Remaining lines are the edges.
# The first value is the source node index.
# The second value is the target node index.
0 1
0 2
0 3
1 29
1 32
2 28
2 33
3 30
3 31
4 8
4 10
4 21
5 9
5 11
5 21
6 8
6 9
6 19
7 10
7 11
7 20
8 11
9 10
12 19
12 20
12 27
13 15
13 17
13 24
14 16
14 18
14 24
15 16
15 22
16 23
17 18
17 23
18 22
19 25
20 25
21 26
22 29
23 29
24 30
25 28
26 27
26 31
27 28
30 33
31 32
32 33
