# First value is number of nodes (N)
38 
# Next N numbers describe the node locations
117 288
111 329
162 297
187 263
210 107
221 103
240 53
193 42
136 33
233 58
93 11
222 12
237 156
262 116
68 30
65 109
68 85
125 49
46 94
242 178
157 87
76 245
42 187
60 168
8 211
129 254
88 295
26 267
202 229
24 152
158 133
92 41
93 110
56 314
163 192
211 289
166 299
113 151
# Remaining lines are the edges.
# The first value is the source node index.
# The second value is the target node index.
0 1
0 2
0 3
1 33
1 36
2 32
2 37
3 34
3 35
4 5
4 12
4 15
5 9
5 13
6 7
6 11
6 13
7 9
7 12
8 10
8 11
8 20
9 20
10 14
10 16
11 17
12 19
13 19
14 17
14 18
15 16
15 18
16 31
17 31
18 29
19 28
20 30
21 23
21 25
21 27
22 23
22 24
22 26
23 30
24 27
24 29
25 26
25 28
26 33
27 33
28 35
29 32
30 34
31 32
34 37
35 36
36 37
