# First value is number of nodes (N)
38 
# Next N numbers describe the node locations
215 290
100 244
230 292
306 275
308 176
306 137
288 142
46 143
8 186
82 92
122 56
93 70
86 67
167 173
8 122
23 113
94 31
65 87
134 15
124 57
60 137
192 24
137 144
190 87
233 67
296 123
242 174
146 106
51 197
228 177
308 84
262 205
130 96
310 278
103 275
199 204
178 262
162 302
# Remaining lines are the edges.
# The first value is the source node index.
# The second value is the target node index.
0 1
0 2
0 3
1 34
1 35
2 33
2 37
3 32
3 36
4 5
4 6
4 31
5 26
5 30
6 25
6 29
7 9
7 15
7 28
8 13
8 14
8 28
9 11
9 13
10 16
10 19
10 27
11 12
11 19
12 18
12 27
13 20
14 15
14 17
15 20
16 17
16 18
17 22
18 21
19 21
20 22
21 24
22 23
23 24
23 26
24 25
25 30
26 29
27 32
28 34
29 35
30 33
31 32
31 33
34 37
35 36
36 37
