# First value is number of nodes (N)
30 
# Next N numbers describe the node locations
66 297
84 307
8 258
138 237
174 244
198 54
247 156
95 46
103 115
163 108
237 43
157 28
138 113
151 8
245 98
206 15
152 59
221 208
210 155
141 198
88 167
65 95
49 209
215 167
34 147
89 199
131 230
8 203
137 291
48 263
# Remaining lines are the edges.
# The first value is the source node index.
# The second value is the target node index.
0 1
0 2
0 3
1 28
1 29
2 27
2 29
3 26
3 28
4 17
4 19
4 28
5 15
5 16
5 18
6 14
6 17
6 18
7 13
7 16
7 21
8 12
8 20
8 21
9 12
9 14
9 16
10 11
10 14
10 15
11 12
11 13
13 15
17 23
18 23
19 20
19 25
20 22
21 24
22 27
22 29
23 26
24 25
24 27
25 26
