# First value is number of nodes (N)
34 
# Next N numbers describe the node locations
164 199
52 200
66 262
194 257
251 109
236 129
233 32
173 54
101 77
77 67
156 139
129 18
38 118
317 20
176 36
231 101
326 122
327 140
353 189
352 211
354 209
306 177
317 202
337 256
260 244
82 98
40 156
183 168
235 225
250 256
193 196
38 193
65 145
53 156
# Remaining lines are the edges.
# The first value is the source node index.
# The second value is the target node index.
0 1
0 2
0 3
1 30
1 33
2 31
2 32
3 28
3 29
4 5
4 6
4 16
5 15
5 27
6 13
6 14
7 10
7 13
7 15
8 11
8 14
8 15
9 10
9 11
9 12
10 14
11 13
12 25
12 26
16 17
16 18
17 19
17 21
18 20
18 22
19 20
19 23
20 24
21 22
21 24
22 23
23 29
24 28
25 30
25 32
26 31
26 33
27 28
27 29
30 31
32 33
