# First value is number of nodes (N)
38 
# Next N numbers describe the node locations
119 177
119 242
207 174
163 214
298 184
228 63
98 129
86 162
13 257
110 118
168 22
122 59
235 16
35 173
43 157
19 192
200 54
168 45
306 17
287 130
308 121
336 81
253 166
269 138
324 209
62 72
262 113
165 124
57 202
50 191
274 173
105 259
107 167
41 221
173 162
236 265
163 243
165 223
# Remaining lines are the edges.
# The first value is the source node index.
# The second value is the target node index.
0 1
0 2
0 3
1 32
1 37
2 34
2 36
3 33
3 35
4 22
4 23
4 30
5 21
5 24
5 30
6 9
6 16
6 27
7 13
7 27
7 28
8 13
8 15
8 31
9 12
9 17
10 11
10 12
10 16
11 17
11 25
12 18
13 29
14 15
14 25
14 29
15 28
16 22
17 22
18 19
18 21
19 24
19 26
20 21
20 23
20 26
23 24
25 32
26 34
27 34
28 33
29 33
30 35
31 32
31 36
35 37
36 37
