# First value is number of nodes (N)
40 
# Next N numbers describe the node locations
236 124
217 158
202 76
118 155
321 146
345 158
316 91
57 114
34 136
67 175
81 19
115 17
61 119
82 133
123 75
97 71
285 64
315 69
268 41
301 120
324 35
285 191
201 61
133 9
150 182
39 71
61 210
59 183
270 10
215 213
284 180
254 68
309 99
261 128
277 90
230 146
244 115
192 22
93 190
38 100
# Remaining lines are the edges.
# The first value is the source node index.
# The second value is the target node index.
0 1
0 2
0 3
1 35
1 36
2 34
2 37
3 38
3 39
4 5
4 6
4 33
5 20
5 21
6 19
6 22
7 12
7 24
7 27
8 13
8 25
8 27
9 12
9 13
9 26
10 15
10 23
10 25
11 14
11 23
11 24
12 15
13 14
14 18
15 18
16 20
16 28
16 31
17 19
17 28
17 30
18 22
19 32
20 32
21 29
21 30
22 31
23 37
24 39
25 39
26 29
26 38
27 38
28 37
29 35
30 36
31 36
32 34
33 34
33 35
