# First value is number of nodes (N)
34 
# Next N numbers describe the node locations
137 351
229 317
324 373
223 291
317 271
192 230
185 255
69 31
27 78
104 114
91 161
65 81
133 53
124 9
111 29
8 135
101 46
139 101
146 169
14 241
161 159
253 73
90 214
136 216
219 158
260 86
92 353
335 275
214 296
369 330
348 323
331 361
328 367
345 348
# Remaining lines are the edges.
# The first value is the source node index.
# The second value is the target node index.
0 1
0 2
0 3
1 28
1 31
2 29
2 32
3 30
3 33
4 5
4 6
4 27
5 24
5 26
6 23
6 25
7 8
7 13
7 14
8 15
8 16
9 10
9 11
9 17
10 15
10 18
11 16
11 19
12 13
12 14
12 17
13 20
14 20
15 19
16 18
17 21
18 22
19 22
20 21
21 24
22 23
23 26
24 25
25 28
26 28
27 29
27 30
29 33
30 32
31 32
31 33
