# First value is number of nodes (N)
30 
# Next N numbers describe the node locations
139 256
90 229
148 216
194 256
204 102
134 47
26 17
88 8
92 65
41 77
68 42
83 69
8 73
210 31
48 71
194 96
266 128
177 133
230 127
118 130
145 115
37 123
219 175
242 175
62 171
105 179
143 169
168 196
227 207
228 139
# Remaining lines are the edges.
# The first value is the source node index.
# The second value is the target node index.
0 1
0 2
0 3
1 24
1 26
2 25
2 29
3 27
3 28
4 5
4 16
4 17
5 11
5 15
6 8
6 10
6 12
7 8
7 9
7 13
8 11
9 12
9 14
10 13
10 14
11 21
12 21
13 20
14 19
15 18
15 20
16 18
16 23
17 19
17 22
18 29
19 25
20 26
21 24
22 23
22 27
23 28
24 25
26 27
28 29
