# First value is number of nodes (N)
34 
# Next N numbers describe the node locations
247 254
207 245
255 219
294 271
253 223
48 191
299 150
356 182
360 85
398 80
69 33
101 43
20 56
42 70
28 25
67 104
354 15
318 43
365 43
358 75
393 22
367 25
278 39
32 120
113 223
80 26
215 106
158 18
80 222
218 112
236 119
123 280
299 212
276 260
# Remaining lines are the edges.
# The first value is the source node index.
# The second value is the target node index.
0 1
0 2
0 3
1 31
1 33
2 32
2 33
3 32
3 33
4 27
4 30
4 31
5 28
5 29
5 31
6 7
6 26
6 32
7 8
7 9
8 18
8 21
9 19
9 20
10 12
10 14
10 25
11 13
11 15
11 25
12 13
12 23
13 24
14 15
14 24
15 23
16 18
16 20
16 22
17 19
17 21
17 22
18 19
20 21
22 30
23 28
24 28
25 27
26 27
26 29
29 30
