# First value is number of nodes (N)
32 
# Next N numbers describe the node locations
73 192
84 105
76 168
176 216
177 56
70 35
139 151
32 130
37 140
149 140
131 114
38 134
161 51
105 27
30 182
192 142
194 164
202 206
235 126
183 137
140 98
32 141
22 34
215 112
54 144
68 91
29 68
105 66
155 154
233 194
209 206
169 198
# Remaining lines are the edges.
# The first value is the source node index.
# The second value is the target node index.
0 1
0 2
0 3
1 26
1 27
2 28
2 31
3 29
3 30
4 12
4 18
4 23
5 13
5 22
5 23
6 9
6 19
6 24
7 11
7 22
7 24
8 11
8 13
8 25
9 10
9 25
10 12
10 20
11 21
12 13
14 17
14 21
14 31
15 16
15 20
15 28
16 18
16 30
17 19
17 29
18 29
19 30
20 31
21 28
22 26
23 27
24 27
25 26
