# First value is number of nodes (N)
38 
# Next N numbers describe the node locations
230 164
242 140
277 136
173 94
289 35
255 87
79 62
144 188
53 106
112 172
24 30
83 22
13 150
39 147
242 16
33 108
28 91
95 74
283 121
38 166
109 18
28 193
231 45
234 64
220 28
176 26
78 120
166 197
69 197
304 88
271 185
159 166
220 155
244 136
245 95
243 139
80 131
196 80
# Remaining lines are the edges.
# The first value is the source node index.
# The second value is the target node index.
0 1
0 2
0 3
1 35
1 37
2 33
2 34
3 32
3 36
4 14
4 22
4 29
5 14
5 18
5 31
6 8
6 10
6 17
7 9
7 11
7 17
8 13
8 19
9 12
9 19
10 16
10 20
11 15
11 20
12 16
12 21
13 15
13 21
14 25
15 26
16 26
17 24
18 23
18 30
19 27
20 25
21 28
22 23
22 24
23 37
24 34
25 37
26 36
27 28
27 35
28 36
29 32
29 33
30 33
30 35
31 32
31 34
