# First value is number of nodes (N)
32 
# Next N numbers describe the node locations
103 228
66 187
27 137
152 260
217 66
85 43
106 56
35 67
89 14
129 38
156 129
217 187
252 107
199 108
259 114
102 37
46 29
63 59
128 144
26 88
256 179
64 140
14 283
33 297
54 325
60 273
208 320
194 204
16 167
57 174
30 269
95 211
# Remaining lines are the edges.
# The first value is the source node index.
# The second value is the target node index.
0 1
0 2
0 3
1 28
1 30
2 29
2 31
3 26
3 27
4 9
4 13
4 14
5 7
5 15
5 16
6 8
6 15
6 17
7 9
7 17
8 9
8 16
10 11
10 12
10 18
11 13
11 20
12 14
12 21
13 21
14 20
15 18
16 19
17 19
18 31
19 28
20 27
21 27
22 23
22 24
22 29
23 25
23 26
24 25
24 26
25 30
28 29
30 31
