# First value is number of nodes (N)
34 
# Next N numbers describe the node locations
136 228
193 291
192 193
204 177
337 116
370 60
381 15
385 77
33 188
146 177
55 212
97 247
385 238
192 8
281 17
385 43
380 119
369 139
32 229
100 257
89 181
45 145
241 88
281 143
263 100
312 182
123 283
97 158
177 129
324 255
133 201
180 270
253 109
231 211
# Remaining lines are the edges.
# The first value is the source node index.
# The second value is the target node index.
0 1
0 2
0 3
1 30
1 33
2 29
2 31
3 28
3 32
4 5
4 17
4 23
5 6
5 7
6 13
6 15
7 14
7 16
8 9
8 18
8 20
9 19
9 21
10 11
10 18
10 21
11 19
11 20
12 15
12 16
12 17
13 16
13 22
14 15
14 22
17 25
18 26
19 26
20 27
21 27
22 24
23 24
23 25
24 28
25 29
26 30
27 28
29 33
30 31
31 32
32 33
