# First value is number of nodes (N)
34 
# Next N numbers describe the node locations
111 273
116 257
65 255
252 375
48 142
143 56
37 47
250 151
267 98
289 96
283 74
260 73
29 380
64 280
36 372
29 412
16 377
61 392
238 45
257 66
266 92
189 134
218 10
154 8
238 232
109 81
84 72
124 55
77 12
31 306
202 395
29 344
288 293
84 198
# Remaining lines are the edges.
# The first value is the source node index.
# The second value is the target node index.
0 1
0 2
0 3
1 32
1 33
2 29
2 33
3 30
3 31
4 5
4 6
4 33
5 25
5 27
6 26
6 28
7 8
7 9
7 32
8 10
8 18
9 11
9 19
10 19
10 20
11 18
11 20
12 14
12 16
12 29
13 15
13 17
13 29
14 15
14 30
15 31
16 17
16 31
17 30
18 22
19 22
20 21
21 24
21 32
22 23
23 27
23 28
24 25
24 26
25 28
26 27
