# First value is number of nodes (N)
38 
# Next N numbers describe the node locations
176 277
99 310
192 307
118 302
177 207
57 132
99 210
188 127
298 161
54 185
77 168
10 162
66 20
113 110
70 11
208 31
138 17
142 58
265 35
249 162
291 195
128 41
113 54
14 102
24 104
91 89
311 191
224 172
177 158
216 142
95 239
174 241
124 273
44 250
230 266
148 279
188 202
189 277
# Remaining lines are the edges.
# The first value is the source node index.
# The second value is the target node index.
0 1
0 2
0 3
1 32
1 37
2 34
2 36
3 33
3 35
4 18
4 20
4 31
5 11
5 12
5 28
6 10
6 24
6 28
7 17
7 22
7 29
8 18
8 26
8 29
9 10
9 11
9 30
10 25
11 24
12 14
12 23
13 15
13 19
13 23
14 16
14 17
15 16
15 21
16 22
17 21
18 27
19 20
19 27
20 26
21 25
22 25
23 24
26 34
27 34
28 33
29 36
30 32
30 33
31 32
31 35
35 37
36 37
