# First value is number of nodes (N)
36 
# Next N numbers describe the node locations
117 195
130 148
126 139
126 253
231 204
246 103
240 143
9 179
107 171
121 51
147 88
48 113
38 81
8 104
102 53
89 8
68 203
81 211
148 19
203 180
199 11
142 95
31 25
49 192
69 142
8 229
155 94
198 92
178 156
182 226
171 174
191 118
60 236
101 99
196 241
159 143
# Remaining lines are the edges.
# The first value is the source node index.
# The second value is the target node index.
0 1
0 2
0 3
1 30
1 35
2 31
2 33
3 32
3 34
4 5
4 6
4 29
5 20
5 28
6 19
6 27
7 8
7 13
7 25
8 16
8 24
9 10
9 11
9 27
10 15
10 21
11 12
11 14
12 13
12 23
13 22
14 18
14 21
15 18
15 22
16 17
16 23
17 19
17 25
18 20
19 28
20 26
21 35
22 33
23 32
24 26
24 30
25 32
26 33
27 31
28 31
29 30
29 34
34 35
