# First value is number of nodes (N)
58 
# Next N numbers describe the node locations
181 242
214 244
157 193
164 261
240 35
125 137
132 49
13 196
32 113
103 8
82 55
14 29
74 13
47 105
10 59
173 17
124 222
132 217
213 198
134 241
159 224
81 278
230 134
154 136
194 127
160 95
245 120
180 103
108 86
31 82
129 132
21 152
12 210
177 140
178 70
280 92
84 93
85 65
84 173
209 51
216 104
213 256
69 212
108 121
220 207
125 196
163 177
220 39
96 150
277 193
202 150
33 222
194 175
109 183
179 242
222 161
99 229
216 214
# Remaining lines are the edges.
# The first value is the source node index.
# The second value is the target node index.
0 1
0 2
0 3
1 52
1 54
2 53
2 55
3 56
3 57
4 15
4 35
4 39
5 13
5 33
5 39
6 12
6 34
6 36
7 14
7 32
7 38
8 10
8 11
8 31
9 10
9 15
9 37
10 28
11 13
11 29
12 14
12 27
13 38
14 37
15 30
16 17
16 32
16 41
17 18
17 42
18 22
18 49
19 20
19 33
19 43
20 21
20 44
21 31
21 51
22 35
22 44
23 24
23 30
23 45
24 26
24 46
25 28
25 34
25 50
26 27
26 49
27 40
28 41
29 36
29 42
30 48
31 46
32 51
33 50
34 47
35 47
36 48
37 43
38 45
39 40
40 52
41 52
42 53
43 53
44 54
45 54
46 55
47 55
48 56
49 57
50 57
51 56
