# First value is number of nodes (N)
32 
# Next N numbers describe the node locations
262 281
208 264
220 238
288 248
307 94
304 34
292 133
170 121
129 159
46 221
31 258
86 197
185 122
41 186
40 250
30 177
149 82
210 42
188 68
236 36
258 54
223 111
254 56
52 153
86 266
318 157
107 215
240 206
311 206
188 73
271 206
239 170
# Remaining lines are the edges.
# The first value is the source node index.
# The second value is the target node index.
0 1
0 2
0 3
1 26
1 29
2 27
2 30
3 28
3 31
4 5
4 6
4 25
5 19
5 22
6 20
6 21
7 8
7 16
7 23
8 11
8 12
9 11
9 14
9 24
10 12
10 15
10 24
11 15
12 14
13 14
13 15
13 23
16 17
16 18
17 19
17 21
18 20
18 22
19 20
21 22
23 26
24 26
25 27
25 28
27 31
28 30
29 30
29 31
