# First value is number of nodes (N)
32 
# Next N numbers describe the node locations
49 326
13 319
82 267
63 314
31 8
113 103
147 49
46 135
74 149
187 82
101 119
220 39
213 119
237 87
225 146
183 127
79 116
162 175
50 174
205 202
122 154
184 210
78 264
105 216
25 227
166 281
142 291
39 273
75 322
8 284
12 330
121 357
# Remaining lines are the edges.
# The first value is the source node index.
# The second value is the target node index.
0 1
0 2
0 3
1 27
1 30
2 26
2 31
3 28
3 29
4 5
4 6
4 11
5 8
5 10
6 7
6 9
7 8
7 16
8 17
9 10
9 13
10 12
11 12
11 13
12 15
13 14
14 15
14 21
15 20
16 18
16 20
17 19
17 21
18 23
18 24
19 22
19 25
20 23
21 22
22 27
23 26
24 27
24 29
25 26
25 28
28 31
29 30
30 31
