# First value is number of nodes (N)
34 
# Next N numbers describe the node locations
62 333
53 298
157 340
89 293
184 211
178 179
125 114
49 142
111 86
52 103
149 8
209 24
178 18
86 19
77 41
42 70
245 75
201 57
233 71
206 87
56 79
73 83
151 175
162 98
225 124
54 216
117 216
162 272
104 281
163 322
49 285
60 341
83 375
82 317
# Remaining lines are the edges.
# The first value is the source node index.
# The second value is the target node index.
0 1
0 2
0 3
1 30
1 33
2 29
2 31
3 28
3 32
4 5
4 6
4 27
5 24
5 26
6 22
6 23
7 8
7 9
7 25
8 14
8 20
9 15
9 21
10 11
10 12
10 13
11 16
11 18
12 17
12 19
13 14
13 15
14 21
15 20
16 19
16 24
17 18
17 24
18 23
19 23
20 22
21 22
25 26
25 30
26 28
27 28
27 29
29 33
30 31
31 32
32 33
