# First value is number of nodes (N)
32 
# Next N numbers describe the node locations
178 168
199 179
92 166
200 98
310 51
307 86
33 61
226 46
37 30
330 54
242 139
270 11
264 91
343 139
221 59
17 49
71 56
162 57
252 152
315 148
273 145
8 88
202 8
137 126
86 10
106 81
208 115
149 80
132 103
275 159
202 44
57 77
# Remaining lines are the edges.
# The first value is the source node index.
# The second value is the target node index.
0 1
0 2
0 3
1 26
1 29
2 28
2 31
3 27
3 30
4 5
4 7
4 11
5 9
5 19
6 8
6 21
6 23
7 9
7 10
8 15
8 24
9 13
10 14
10 20
11 12
11 22
12 18
12 20
13 18
13 19
14 17
14 22
15 16
15 21
16 24
16 28
17 23
17 27
18 26
19 29
20 29
21 31
22 30
23 31
24 30
25 26
25 27
25 28
