# First value is number of nodes (N)
30 
# Next N numbers describe the node locations
74 311
134 322
129 370
176 303
402 96
357 89
8 43
8 23
28 29
27 51
375 61
387 89
378 154
49 79
175 65
317 43
354 101
105 84
155 120
242 141
303 39
184 153
334 123
88 97
67 309
100 194
24 426
158 417
132 433
123 451
# Remaining lines are the edges.
# The first value is the source node index.
# The second value is the target node index.
0 1
0 2
0 3
1 26
1 27
2 28
2 29
3 24
3 25
4 10
4 11
4 12
5 10
5 11
5 12
6 7
6 8
6 13
7 9
7 14
8 9
8 14
9 13
10 15
11 15
12 16
13 17
14 17
15 16
16 19
17 18
18 20
18 21
19 20
19 21
20 22
21 23
22 24
22 25
23 24
23 25
26 28
26 29
27 28
27 29
