# First value is number of nodes (N)
30 
# Next N numbers describe the node locations
247 235
193 266
252 249
236 194
142 265
185 225
90 231
192 116
191 124
140 191
131 28
8 68
22 58
65 92
104 91
67 37
38 9
57 71
115 74
92 8
14 136
118 112
33 71
117 167
66 158
222 16
138 207
155 226
227 206
193 294
# Remaining lines are the edges.
# The first value is the source node index.
# The second value is the target node index.
0 1
0 2
0 3
1 26
1 29
2 28
2 29
3 25
3 27
4 5
4 6
4 29
5 27
5 28
6 23
6 24
7 8
7 25
7 28
8 9
8 10
9 21
9 22
10 18
10 19
11 16
11 17
11 20
12 15
12 16
12 17
13 14
13 15
13 20
14 21
14 25
15 19
16 19
17 18
18 22
20 24
21 24
22 23
23 26
26 27
