# First value is number of nodes (N)
28 
# Next N numbers describe the node locations
101 133
54 129
131 178
104 106
246 129
240 61
184 105
102 32
88 163
56 29
35 108
18 22
105 108
230 177
200 105
159 44
25 95
39 73
169 110
49 32
96 51
232 131
181 85
195 153
127 63
33 116
174 177
87 181
# Remaining lines are the edges.
# The first value is the source node index.
# The second value is the target node index.
0 1
0 2
0 3
1 25
1 27
2 23
2 26
3 22
3 24
4 5
4 13
4 21
5 14
5 15
6 8
6 13
6 18
7 9
7 15
7 20
8 14
8 20
9 10
9 11
10 12
10 17
11 16
11 19
12 16
12 18
13 26
14 27
15 24
16 25
17 19
17 25
18 23
19 24
20 22
21 22
21 23
26 27
