# First value is number of nodes (N)
34 
# Next N numbers describe the node locations
161 129
230 146
166 185
120 46
341 242
280 254
306 149
227 60
162 247
302 111
231 206
354 204
207 49
96 243
24 141
46 55
201 166
164 209
346 192
279 232
40 225
59 212
116 93
150 9
19 190
54 174
92 51
87 18
279 218
29 195
56 156
95 51
131 41
192 174
# Remaining lines are the edges.
# The first value is the source node index.
# The second value is the target node index.
0 1
0 2
0 3
1 28
1 33
2 29
2 30
3 31
3 32
4 5
4 6
4 11
5 10
5 19
6 9
6 18
7 9
7 12
7 16
8 10
8 13
8 17
9 17
10 16
11 18
11 19
12 22
12 23
13 20
13 21
14 15
14 24
14 25
15 26
15 27
16 33
17 33
18 28
19 28
20 24
20 29
21 25
21 30
22 26
22 31
23 27
23 32
24 30
25 29
26 32
27 31
