# First value is number of nodes (N)
30 
# Next N numbers describe the node locations
305 250
369 219
373 252
322 142
376 133
37 44
8 42
64 28
8 191
140 77
12 95
58 23
62 12
114 18
82 117
142 121
158 73
340 80
101 153
267 98
44 161
212 100
379 162
374 143
292 181
232 168
394 215
387 219
334 168
380 195
# Remaining lines are the edges.
# The first value is the source node index.
# The second value is the target node index.
0 1
0 2
0 3
1 26
1 29
2 27
2 28
3 24
3 25
4 17
4 22
4 23
5 6
5 9
5 11
6 10
6 12
7 8
7 9
7 12
8 10
8 11
9 14
10 14
11 13
12 13
13 16
14 15
15 16
15 20
16 21
17 18
17 19
18 20
18 25
19 21
19 24
20 24
21 25
22 26
22 28
23 27
23 29
26 27
28 29
