# First value is number of nodes (N)
30 
# Next N numbers describe the node locations
70 233
160 241
161 209
72 228
233 52
223 83
198 88
98 33
124 29
46 96
105 118
85 67
56 20
47 64
178 49
141 79
187 49
131 135
19 139
94 69
35 108
15 70
164 148
241 171
8 136
69 127
227 192
215 218
201 165
151 212
# Remaining lines are the edges.
# The first value is the source node index.
# The second value is the target node index.
0 1
0 2
0 3
1 27
1 29
2 26
2 28
3 24
3 25
4 5
4 6
4 23
5 16
5 22
6 14
6 15
7 13
7 14
7 16
8 10
8 12
8 16
9 10
9 11
9 17
10 19
11 12
11 15
12 21
13 20
13 21
14 22
15 19
17 18
17 29
18 20
18 24
19 25
20 25
21 24
22 28
23 26
23 27
26 29
27 28
