# First value is number of nodes (N)
40 
# Next N numbers describe the node locations
252 328
301 318
197 282
280 329
220 91
238 43
246 124
24 9
51 64
20 76
54 44
15 166
81 54
85 9
141 8
157 112
244 34
285 132
265 96
76 132
89 139
269 263
214 277
110 229
234 146
219 161
33 235
133 244
64 274
75 236
181 214
119 127
313 199
209 288
313 267
249 223
103 303
243 304
257 153
296 293
# Remaining lines are the edges.
# The first value is the source node index.
# The second value is the target node index.
0 1
0 2
0 3
1 34
1 39
2 36
2 37
3 35
3 38
4 5
4 6
4 17
5 16
5 18
6 14
6 15
7 8
7 9
7 13
8 10
8 12
9 12
9 19
10 13
10 20
11 19
11 20
11 26
12 15
13 14
14 16
15 16
17 18
17 32
18 24
19 23
20 23
21 22
21 25
21 33
22 27
22 31
23 29
24 25
24 31
25 30
26 28
26 29
27 28
27 30
28 36
29 36
30 35
31 35
32 34
32 38
33 34
33 37
37 39
38 39
