# First value is number of nodes (N)
34 
# Next N numbers describe the node locations
136 243
132 190
86 248
123 204
380 64
342 137
340 19
260 127
263 124
357 116
380 142
347 96
323 72
291 42
189 140
106 99
126 74
292 120
347 186
194 25
117 127
10 87
47 28
85 113
236 90
281 201
36 124
41 138
263 225
69 127
51 213
221 150
76 173
13 182
# Remaining lines are the edges.
# The first value is the source node index.
# The second value is the target node index.
0 1
0 2
0 3
1 28
1 31
2 29
2 33
3 30
3 32
4 6
4 8
4 9
5 7
5 10
5 11
6 12
6 13
7 12
7 13
8 10
8 17
9 11
9 18
10 18
11 17
12 19
13 19
14 16
14 20
14 22
15 16
15 21
15 23
16 24
17 25
18 25
19 24
20 23
20 27
21 22
21 27
22 26
23 26
24 28
25 28
26 29
27 30
29 32
30 33
31 32
31 33
