# First value is number of nodes (N)
30 
# Next N numbers describe the node locations
58 196
45 218
51 191
95 295
193 144
108 116
119 52
200 101
164 35
126 74
134 26
105 8
102 70
143 54
141 175
204 200
56 116
145 130
93 216
95 147
108 148
20 97
194 255
147 219
63 154
97 220
114 269
165 266
8 160
69 209
# Remaining lines are the edges.
# The first value is the source node index.
# The second value is the target node index.
0 1
0 2
0 3
1 28
1 29
2 24
2 25
3 26
3 27
4 7
4 14
4 15
5 6
5 16
5 17
6 10
6 11
7 8
7 9
8 11
8 13
9 10
9 12
10 13
11 12
12 21
13 20
14 19
14 23
15 18
15 22
16 19
16 21
17 18
17 20
18 25
19 24
20 29
21 28
22 23
22 27
23 26
24 28
25 27
26 29
