# First value is number of nodes (N)
34 
# Next N numbers describe the node locations
198 49
160 85
199 250
203 194
184 30
266 101
275 8
52 144
50 108
8 126
276 175
238 126
369 156
361 90
284 71
310 59
294 38
325 63
332 33
149 128
318 206
315 184
45 175
32 105
22 177
340 192
352 242
99 54
106 111
44 218
308 256
328 100
188 242
128 108
# Remaining lines are the edges.
# The first value is the source node index.
# The second value is the target node index.
0 1
0 2
0 3
1 28
1 33
2 29
2 32
3 30
3 31
4 5
4 6
4 27
5 15
5 17
6 16
6 18
7 8
7 9
7 22
8 23
8 24
9 23
9 24
10 11
10 20
10 21
11 14
11 19
12 13
12 25
12 26
13 17
13 18
14 15
14 16
15 18
16 17
19 22
19 33
20 25
20 30
21 26
21 31
22 29
23 28
24 29
25 31
26 30
27 28
27 32
32 33
