# First value is number of nodes (N)
34 
# Next N numbers describe the node locations
237 438
68 353
251 404
298 453
288 343
157 290
277 306
38 47
25 14
51 21
93 49
85 13
70 83
62 109
111 107
87 100
79 128
58 81
124 58
64 171
153 116
164 179
118 208
63 210
281 21
177 270
130 320
299 40
143 355
321 401
310 405
267 433
287 407
326 442
# Remaining lines are the edges.
# The first value is the source node index.
# The second value is the target node index.
0 1
0 2
0 3
1 28
1 31
2 29
2 32
3 30
3 33
4 5
4 6
4 27
5 24
5 26
6 23
6 25
7 8
7 9
7 12
8 10
8 11
9 10
9 11
10 17
11 18
12 15
12 16
13 14
13 15
13 17
14 16
14 18
15 20
16 19
17 19
18 20
19 22
20 21
21 22
21 24
22 23
23 26
24 25
25 28
26 28
27 29
27 30
29 33
30 32
31 32
31 33
