# First value is number of nodes (N)
34 
# Next N numbers describe the node locations
217 51
192 143
240 175
199 87
335 132
380 186
16 134
50 129
362 220
307 42
370 187
396 211
12 213
36 196
128 157
75 73
16 34
336 117
48 212
137 215
344 239
347 193
89 72
265 137
220 8
175 9
138 51
259 49
289 213
142 230
219 46
149 91
159 130
218 146
# Remaining lines are the edges.
# The first value is the source node index.
# The second value is the target node index.
0 1
0 2
0 3
1 29
1 33
2 28
2 32
3 30
3 31
4 8
4 10
4 17
5 9
5 11
5 17
6 12
6 14
6 16
7 13
7 15
7 16
8 9
8 20
9 21
10 11
10 21
11 20
12 13
12 18
13 19
14 15
14 19
15 18
16 22
17 23
18 29
19 29
20 28
21 28
22 26
22 32
23 27
23 33
24 25
24 27
24 31
25 26
25 30
26 31
27 30
32 33
