# First value is number of nodes (N)
36 
# Next N numbers describe the node locations
158 279
98 233
53 217
218 248
139 88
205 25
186 32
42 125
110 85
224 142
63 46
161 48
103 83
152 23
162 145
182 92
239 118
8 105
79 135
94 128
48 133
233 162
62 160
8 172
172 212
253 185
205 194
144 154
270 140
246 171
149 251
275 254
100 231
83 258
36 207
39 195
# Remaining lines are the edges.
# The first value is the source node index.
# The second value is the target node index.
0 1
0 2
0 3
1 32
1 33
2 34
2 35
3 30
3 31
4 7
4 8
4 14
5 8
5 13
5 16
6 11
6 12
6 16
7 18
7 20
8 11
9 11
9 13
9 15
10 12
10 17
10 19
12 13
14 15
14 27
15 29
16 28
17 20
17 23
18 19
18 23
19 22
20 22
21 24
21 25
21 26
22 35
23 34
24 27
24 32
25 29
25 31
26 28
26 30
27 33
28 31
29 30
32 35
33 34
