# First value is number of nodes (N)
28 
# Next N numbers describe the node locations
108 482
160 470
39 477
91 541
146 286
173 238
125 249
155 92
170 30
140 44
163 42
145 9
156 151
167 204
126 193
154 332
9 717
43 696
69 725
67 652
8 663
85 690
38 617
104 676
160 563
44 540
33 19
58 359
# Remaining lines are the edges.
# The first value is the source node index.
# The second value is the target node index.
0 1
0 2
0 3
1 26
1 27
2 26
2 27
3 24
3 25
4 5
4 6
4 15
5 13
5 14
6 13
6 14
7 8
7 9
7 12
8 10
8 11
9 10
9 11
10 11
12 13
12 14
15 26
15 27
16 18
16 19
16 20
17 18
17 19
17 20
18 21
19 21
20 22
21 23
22 24
22 25
23 24
23 25
