# First value is number of nodes (N)
36 
# Next N numbers describe the node locations
224 137
190 101
253 100
178 196
124 70
78 194
176 48
111 119
89 227
114 17
86 184
15 219
149 168
151 168
12 150
173 102
93 8
175 197
8 99
32 35
58 147
86 83
41 74
85 18
163 252
150 18
178 77
132 194
212 216
86 143
51 69
136 213
219 42
189 182
250 169
195 125
# Remaining lines are the edges.
# The first value is the source node index.
# The second value is the target node index.
0 1
0 2
0 3
1 30
1 35
2 32
2 34
3 31
3 33
4 6
4 7
4 25
5 7
5 11
5 27
6 9
6 26
7 10
8 10
8 11
8 24
9 16
9 29
10 14
11 17
12 13
12 17
12 29
13 15
13 28
14 18
14 27
15 21
15 26
16 19
16 25
17 20
18 19
18 22
19 23
20 21
20 23
21 22
22 30
23 30
24 28
24 31
25 32
26 32
27 31
28 34
29 33
33 35
34 35
