# First value is number of nodes (N)
32 
# Next N numbers describe the node locations
152 201
196 218
145 235
106 227
112 137
26 128
53 105
101 61
38 41
44 16
73 43
71 45
8 68
127 102
105 8
228 87
209 55
248 37
212 52
179 10
226 104
253 70
148 122
86 151
32 159
175 263
206 179
198 214
129 238
134 255
66 229
59 90
# Remaining lines are the edges.
# The first value is the source node index.
# The second value is the target node index.
0 1
0 2
0 3
1 26
1 27
2 29
2 31
3 28
3 30
4 13
4 22
4 23
5 12
5 23
5 24
6 10
6 11
6 24
7 8
7 10
7 13
8 11
8 12
9 10
9 12
9 14
11 14
13 18
14 19
15 16
15 17
15 22
16 19
16 21
17 18
17 20
18 21
19 20
20 27
21 27
22 26
23 31
24 30
25 26
25 28
25 29
28 31
29 30
