# First value is number of nodes (N)
126 
# Next N numbers describe the node locations
241 180
288 175
226 120
295 192
172 8
122 102
45 71
114 198
265 98
246 247
112 68
328 216
108 288
327 289
300 309
279 321
8 185
107 304
170 27
96 251
184 219
240 205
74 289
92 116
325 76
320 164
157 74
11 149
182 37
200 220
35 287
33 171
161 28
252 198
172 142
46 279
115 20
76 120
296 215
45 122
19 291
189 332
228 273
230 10
297 184
166 268
317 255
142 127
221 221
263 70
127 332
155 245
171 174
46 319
151 107
60 230
232 129
79 217
142 286
79 201
114 86
16 344
114 15
12 110
225 250
257 31
78 104
321 139
233 44
271 114
29 220
264 161
100 267
217 68
232 282
83 183
83 54
190 239
91 193
95 119
176 131
270 26
131 146
126 193
100 52
147 160
251 168
111 170
77 84
138 198
218 84
243 99
63 254
102 297
213 339
111 154
217 50
300 88
324 32
110 259
150 200
199 348
106 148
240 211
69 137
207 314
90 174
193 131
159 95
199 155
232 207
243 315
142 53
298 166
315 113
179 158
13 77
233 266
188 192
130 198
233 127
272 240
64 15
301 230
216 206
258 145
# Remaining lines are the edges.
# The first value is the source node index.
# The second value is the target node index.
0 1
0 2
0 3
1 120
1 121
2 122
2 125
3 123
3 124
4 36
4 80
4 81
5 36
5 82
5 83
6 37
6 76
6 79
7 37
7 77
7 78
8 38
8 43
8 44
9 38
9 45
9 46
10 39
10 43
10 47
11 42
11 44
11 49
12 40
12 45
12 50
13 41
13 46
13 48
14 40
14 52
14 56
15 42
15 53
15 56
16 39
16 54
16 55
17 41
17 51
17 55
18 47
18 52
18 81
19 50
19 54
19 83
20 48
20 53
20 82
21 49
21 51
21 80
22 57
22 58
22 61
23 57
23 59
23 60
24 65
24 67
24 69
25 64
25 67
25 71
26 62
26 66
26 68
27 63
27 66
27 70
28 60
28 65
28 73
29 58
29 62
29 74
30 61
30 64
30 72
31 59
31 63
31 75
32 68
32 73
32 76
33 69
33 74
33 77
34 71
34 75
34 79
35 70
35 72
35 78
36 84
37 84
38 85
39 106
40 104
41 105
42 107
43 96
44 97
45 99
46 98
47 100
48 103
49 102
50 101
51 92
52 93
53 94
54 95
55 87
56 86
57 85
58 94
59 93
60 95
61 92
62 91
63 88
64 89
65 90
66 87
67 86
68 97
69 96
70 99
71 98
72 100
73 103
74 101
75 102
76 104
77 105
78 107
79 106
80 90
81 91
82 88
83 89
84 108
85 108
86 109
87 109
88 112
89 113
90 115
91 114
92 116
93 117
94 119
95 118
96 112
97 113
98 114
99 115
100 110
101 111
102 111
103 110
104 116
105 117
106 119
107 118
108 120
109 120
110 121
111 121
112 122
113 123
114 125
115 124
116 122
117 123
118 125
119 124
