# First value is number of nodes (N)
34 
# Next N numbers describe the node locations
167 216
223 189
199 195
106 232
257 28
286 93
127 17
104 49
51 16
25 63
38 86
44 60
60 62
86 74
30 12
193 28
360 85
65 125
320 120
351 166
313 95
255 67
216 33
261 119
297 102
337 148
41 155
69 151
229 135
293 183
75 221
96 182
88 132
46 225
# Remaining lines are the edges.
# The first value is the source node index.
# The second value is the target node index.
0 1
0 2
0 3
1 28
1 29
2 30
2 32
3 31
3 33
4 5
4 15
4 21
5 16
5 17
6 7
6 8
6 15
7 11
7 13
8 12
8 14
9 11
9 12
9 26
10 13
10 14
10 27
11 14
12 13
15 22
16 19
16 24
17 20
17 25
18 19
18 20
18 23
19 25
20 24
21 22
21 23
22 28
23 28
24 29
25 29
26 32
26 33
27 30
27 31
30 33
31 32
