# First value is number of nodes (N)
36 
# Next N numbers describe the node locations
189 285
127 286
249 270
205 260
193 64
102 137
194 69
187 13
220 24
165 33
122 123
142 27
165 39
270 14
107 121
61 101
214 106
8 148
58 115
131 170
34 160
15 239
174 135
282 117
269 150
137 153
47 217
29 194
220 195
219 169
263 205
69 257
179 234
248 205
165 283
210 234
# Remaining lines are the edges.
# The first value is the source node index.
# The second value is the target node index.
0 1
0 2
0 3
1 31
1 34
2 30
2 35
3 32
3 33
4 8
4 9
4 23
5 10
5 11
5 22
6 8
6 10
6 12
7 9
7 11
7 13
8 13
9 12
10 15
11 14
12 16
13 16
14 15
14 18
15 17
16 24
17 21
17 27
18 20
18 26
19 20
19 21
19 25
20 27
21 26
22 25
22 29
23 24
23 28
24 30
25 32
26 31
27 31
28 29
28 33
29 30
32 35
33 34
34 35
