# First value is number of nodes (N)
32 
# Next N numbers describe the node locations
98 168
305 259
132 218
100 257
236 80
226 18
297 40
257 20
285 8
163 48
261 65
64 68
326 47
268 145
253 70
9 228
70 130
140 100
298 82
256 148
180 105
32 179
88 168
145 128
49 245
31 269
146 268
58 203
97 205
274 161
253 173
158 159
# Remaining lines are the edges.
# The first value is the source node index.
# The second value is the target node index.
0 1
0 2
0 3
1 29
1 30
2 26
2 31
3 27
3 28
4 10
4 13
4 14
5 8
5 9
5 14
6 7
6 12
6 13
7 8
7 10
8 12
9 11
9 20
10 20
11 16
11 23
12 18
13 19
14 18
15 21
15 24
15 25
16 21
16 22
17 19
17 22
17 23
18 29
19 29
20 31
21 27
22 28
23 30
24 26
24 28
25 26
25 27
30 31
