# First value is number of nodes (N)
34 
# Next N numbers describe the node locations
225 97
168 119
195 113
198 46
528 74
533 91
426 123
471 64
509 134
492 78
498 38
507 8
463 70
484 148
47 80
9 113
50 100
42 83
133 117
40 120
60 115
32 127
279 83
356 78
396 27
397 112
334 27
81 42
62 140
332 110
281 152
142 43
172 109
183 73
# Remaining lines are the edges.
# The first value is the source node index.
# The second value is the target node index.
0 1
0 2
0 3
1 28
1 33
2 29
2 30
3 31
3 32
4 5
4 8
4 10
5 9
5 11
6 7
6 8
6 11
7 9
7 10
8 13
9 13
10 12
11 12
12 24
13 25
14 16
14 18
14 27
15 17
15 19
15 27
16 17
16 20
17 21
18 19
18 21
19 20
20 28
21 28
22 24
22 26
22 30
23 25
23 26
23 29
24 29
25 30
26 32
27 31
31 33
32 33
