# First value is number of nodes (N)
38 
# Next N numbers describe the node locations
115 160
218 127
77 122
145 199
270 144
34 76
69 141
216 160
244 63
89 21
125 255
138 271
248 86
60 31
150 238
36 184
275 102
82 66
204 201
15 193
194 105
98 8
32 216
185 278
148 204
15 107
173 241
105 50
235 130
133 52
208 251
8 215
125 137
122 204
240 113
82 67
74 156
258 204
# Remaining lines are the edges.
# The first value is the source node index.
# The second value is the target node index.
0 1
0 2
0 3
1 34
1 37
2 35
2 36
3 32
3 33
4 7
4 12
4 16
5 6
5 13
5 17
6 15
6 19
7 14
7 18
8 9
8 12
8 20
9 13
9 21
10 11
10 15
10 22
11 14
11 23
12 28
13 29
14 30
15 31
16 20
16 24
17 21
17 27
18 23
18 26
19 22
19 25
20 34
21 35
22 36
23 37
24 28
24 32
25 31
25 33
26 30
26 33
27 29
27 32
28 34
29 35
30 37
31 36
