# First value is number of nodes (N)
32 
# Next N numbers describe the node locations
160 178
153 191
254 230
239 189
233 171
190 51
32 42
14 155
85 172
57 57
8 88
80 140
101 57
62 78
115 132
84 8
134 52
179 122
125 62
112 99
144 114
57 186
246 188
240 94
276 217
195 218
115 223
207 197
243 246
140 110
288 149
288 196
# Remaining lines are the edges.
# The first value is the source node index.
# The second value is the target node index.
0 1
0 2
0 3
1 26
1 29
2 28
2 31
3 27
3 30
4 17
4 22
4 23
5 16
5 18
5 23
6 9
6 10
6 15
7 10
7 11
7 21
8 9
8 13
8 21
9 11
10 13
11 14
12 15
12 18
12 19
13 18
14 17
14 19
15 16
16 20
17 20
19 29
20 29
21 26
22 24
22 27
23 30
24 28
24 31
25 26
25 27
25 28
30 31
