# First value is number of nodes (N)
34 
# Next N numbers describe the node locations
247 269
217 228
243 326
249 291
267 165
291 105
124 63
73 245
156 81
290 45
15 58
103 88
204 114
97 101
93 84
36 105
210 82
222 43
242 8
238 48
243 45
8 114
31 106
70 35
179 24
204 159
115 135
292 225
156 189
261 245
296 305
257 236
186 287
247 251
# Remaining lines are the edges.
# The first value is the source node index.
# The second value is the target node index.
0 1
0 2
0 3
1 28
1 31
2 29
2 32
3 30
3 33
4 5
4 25
4 27
5 8
5 9
6 23
6 24
6 26
7 21
7 22
7 26
8 17
8 19
9 18
9 20
10 14
10 21
10 23
11 15
11 22
11 23
12 13
12 16
12 25
13 14
13 15
14 22
15 21
16 19
16 20
17 20
17 24
18 19
18 24
25 28
26 28
27 29
27 30
29 33
30 32
31 32
31 33
