# First value is number of nodes (N)
36 
# Next N numbers describe the node locations
186 179
112 178
112 246
208 261
216 13
181 54
23 106
130 47
247 46
227 48
264 13
250 75
136 32
91 55
220 65
283 110
172 52
85 21
131 87
8 115
256 96
153 49
202 147
15 175
67 190
15 156
74 84
195 150
253 230
250 230
179 251
264 231
228 240
155 136
23 120
52 243
# Remaining lines are the edges.
# The first value is the source node index.
# The second value is the target node index.
0 1
0 2
0 3
1 33
1 34
2 30
2 35
3 31
3 32
4 8
4 10
4 12
5 9
5 11
5 13
6 13
6 17
6 19
7 12
7 17
7 18
8 11
8 14
9 10
9 14
10 15
11 15
12 16
13 16
14 27
15 20
16 21
17 21
18 24
18 26
19 23
19 25
20 28
20 31
21 33
22 27
22 29
22 32
23 26
23 35
24 25
24 35
25 34
26 34
27 33
28 30
28 32
29 30
29 31
