# First value is number of nodes (N)
34 
# Next N numbers describe the node locations
195 300
258 240
219 298
135 267
291 145
299 84
272 105
279 14
74 23
26 127
45 237
78 38
20 57
97 73
60 131
70 128
85 69
124 52
202 110
228 32
245 93
281 69
228 43
251 74
251 17
141 172
237 148
291 207
276 181
267 271
208 280
170 247
242 202
263 237
# Remaining lines are the edges.
# The first value is the source node index.
# The second value is the target node index.
0 1
0 2
0 3
1 30
1 33
2 29
2 31
3 28
3 32
4 5
4 26
4 27
5 6
5 7
6 21
6 23
7 22
7 24
8 10
8 11
8 13
9 10
9 12
9 14
10 25
11 14
11 16
12 13
12 16
13 15
14 15
15 18
16 17
17 20
17 25
18 19
18 26
19 23
19 24
20 21
20 22
21 24
22 23
25 30
26 28
27 28
27 29
29 33
30 31
31 32
32 33
