# First value is number of nodes (N)
34 
# Next N numbers describe the node locations
113 327
52 263
15 326
157 339
119 163
134 208
62 115
55 64
237 68
112 56
136 57
95 33
107 30
148 15
29 84
180 103
200 113
184 164
242 201
167 196
206 273
187 183
159 174
236 292
210 332
208 294
91 266
94 175
104 315
220 334
13 218
21 263
53 243
75 256
# Remaining lines are the edges.
# The first value is the source node index.
# The second value is the target node index.
0 1
0 2
0 3
1 30
1 32
2 31
2 33
3 28
3 29
4 5
4 17
4 26
5 9
5 10
6 7
6 15
6 27
7 11
7 12
8 13
8 14
8 16
9 11
9 13
10 12
10 14
11 14
12 13
15 16
15 19
16 18
17 18
17 19
18 21
19 20
20 24
20 25
21 22
21 23
22 24
22 28
23 25
23 29
24 29
25 28
26 32
26 33
27 30
27 31
30 33
31 32
