# First value is number of nodes (N)
32 
# Next N numbers describe the node locations
88 289
30 275
122 268
74 227
210 19
173 38
42 148
226 72
116 88
154 13
183 135
147 8
154 49
95 97
213 128
126 68
93 40
35 125
185 182
59 130
52 142
72 115
130 173
82 152
25 222
165 238
134 224
40 238
137 304
25 283
51 316
109 315
# Remaining lines are the edges.
# The first value is the source node index.
# The second value is the target node index.
0 1
0 2
0 3
1 28
1 29
2 26
2 31
3 27
3 30
4 7
4 9
4 11
5 7
5 8
5 9
6 13
6 17
6 24
7 14
8 10
8 13
9 12
10 14
10 15
11 12
11 16
12 21
13 20
14 18
15 16
15 21
16 19
17 19
17 20
18 22
18 25
19 23
20 23
21 22
22 27
23 26
24 27
24 29
25 26
25 28
28 31
29 30
30 31
