# First value is number of nodes (N)
28 
# Next N numbers describe the node locations
292 157
333 192
288 200
268 100
365 255
422 122
386 87
409 69
401 20
150 58
169 106
38 28
20 18
32 37
107 72
71 8
52 89
133 100
77 108
351 28
370 45
405 57
394 186
414 229
365 248
205 83
310 81
255 184
# Remaining lines are the edges.
# The first value is the source node index.
# The second value is the target node index.
0 1
0 2
0 3
1 23
1 27
2 24
2 27
3 25
3 26
4 23
4 24
4 27
5 6
5 7
5 22
6 19
6 21
7 20
7 21
8 19
8 20
8 21
9 17
9 18
9 25
10 17
10 18
10 25
11 13
11 14
11 15
12 13
12 14
12 15
13 16
14 16
15 17
16 18
19 26
20 26
22 23
22 24
