# First value is number of nodes (N)
34 
# Next N numbers describe the node locations
105 237
95 199
79 272
122 259
295 84
149 176
265 19
200 61
255 154
271 152
209 185
214 119
179 12
178 91
214 24
184 54
258 186
276 193
128 25
260 128
93 53
249 269
77 143
115 219
151 177
126 250
61 132
187 261
99 201
34 197
133 268
56 253
66 220
33 240
# Remaining lines are the edges.
# The first value is the source node index.
# The second value is the target node index.
0 1
0 2
0 3
1 28
1 31
2 30
2 33
3 29
3 32
4 6
4 8
4 9
5 7
5 10
5 11
6 14
6 15
7 12
7 13
8 10
8 16
9 11
9 17
10 17
11 16
12 14
12 18
13 15
13 19
14 19
15 18
16 21
17 21
18 20
19 20
20 26
21 27
22 24
22 25
22 26
23 24
23 25
23 27
24 28
25 28
26 29
27 30
29 33
30 32
31 32
31 33
