# First value is number of nodes (N)
32 
# Next N numbers describe the node locations
139 325
189 304
192 332
30 329
243 269
238 220
200 146
161 141
150 94
144 277
92 186
29 165
113 233
8 108
15 54
58 17
100 66
141 207
46 99
198 47
92 8
157 75
61 144
181 144
106 171
209 40
91 102
211 300
160 238
58 225
206 256
204 312
# Remaining lines are the edges.
# The first value is the source node index.
# The second value is the target node index.
0 1
0 2
0 3
1 30
1 31
2 27
2 31
3 28
3 29
4 5
4 27
4 31
5 6
5 28
6 7
6 8
7 23
7 26
8 24
8 25
9 12
9 27
9 30
10 12
10 21
10 29
11 13
11 22
11 29
12 17
13 14
13 18
14 15
14 16
15 18
15 20
16 19
16 20
17 23
17 28
18 26
19 21
19 25
20 25
21 24
22 24
22 26
23 30
