# First value is number of nodes (N)
38 
# Next N numbers describe the node locations
34 280
48 277
166 270
41 209
191 73
209 53
164 11
68 86
106 111
177 78
161 32
94 50
179 110
100 8
250 108
97 140
122 144
56 74
39 40
129 98
264 169
131 153
183 214
227 203
253 214
206 162
143 217
226 262
195 232
8 95
22 158
70 202
19 159
170 287
67 240
53 210
79 211
77 243
# Remaining lines are the edges.
# The first value is the source node index.
# The second value is the target node index.
0 1
0 2
0 3
1 34
1 35
2 33
2 37
3 32
3 36
4 10
4 12
4 14
5 6
5 9
5 14
6 10
6 13
7 8
7 15
7 18
8 11
8 21
9 12
9 19
10 19
11 13
11 17
12 16
13 18
14 20
15 16
15 17
16 31
17 29
18 29
19 30
20 24
20 28
21 22
21 26
22 23
22 27
23 25
23 28
24 25
24 27
25 26
26 35
27 33
28 33
29 32
30 31
30 32
31 34
34 37
35 36
36 37
