# First value is number of nodes (N)
34 
# Next N numbers describe the node locations
208 187
150 222
253 204
241 135
351 87
317 96
371 119
26 156
54 75
103 19
63 83
168 88
80 100
132 48
137 8
8 189
40 174
244 10
113 149
38 208
13 215
52 157
47 198
344 145
344 151
293 162
364 162
290 76
247 93
214 70
322 188
298 131
163 148
89 239
# Remaining lines are the edges.
# The first value is the source node index.
# The second value is the target node index.
0 1
0 2
0 3
1 32
1 33
2 28
2 30
3 29
3 31
4 5
4 6
4 27
5 23
5 25
6 24
6 26
7 8
7 15
7 16
8 9
8 10
9 11
9 13
10 12
10 14
11 14
11 18
12 13
12 18
13 17
14 17
15 19
15 21
16 20
16 22
17 29
18 28
19 20
19 32
20 33
21 22
21 33
22 32
23 26
23 31
24 25
24 31
25 30
26 30
27 28
27 29
