# First value is number of nodes (N)
36 
# Next N numbers describe the node locations
195 172
249 178
185 153
215 88
279 66
92 24
60 98
34 99
298 148
91 241
70 68
22 56
69 156
29 179
8 119
59 161
114 207
211 254
90 113
267 54
202 239
262 193
212 236
284 252
8 233
164 237
161 8
231 15
97 102
215 121
159 109
217 44
302 240
280 215
177 10
136 199
# Remaining lines are the edges.
# The first value is the source node index.
# The second value is the target node index.
0 1
0 2
0 3
1 32
1 33
2 30
2 35
3 31
3 34
4 8
4 19
4 27
5 10
5 11
5 26
6 11
6 15
6 28
7 10
7 14
7 28
8 20
8 21
9 12
9 16
9 25
10 15
11 14
12 13
12 15
13 14
13 24
16 18
16 24
17 18
17 23
17 25
18 22
19 29
19 34
20 23
20 33
21 22
21 32
22 33
23 32
24 35
25 35
26 27
26 34
27 31
28 30
29 30
29 31
