# First value is number of nodes (N)
34 
# Next N numbers describe the node locations
157 235
164 193
270 281
281 240
373 182
374 117
354 179
346 51
329 176
208 79
329 51
344 8
24 58
302 41
172 81
12 102
43 79
42 119
85 23
106 29
37 117
15 136
224 37
167 71
56 151
72 91
356 246
329 211
106 185
157 132
307 247
281 220
320 282
289 249
# Remaining lines are the edges.
# The first value is the source node index.
# The second value is the target node index.
0 1
0 2
0 3
1 28
1 29
2 30
2 33
3 31
3 32
4 5
4 26
4 27
5 6
5 7
6 8
6 10
7 9
7 11
8 9
8 13
9 14
10 11
10 14
11 13
12 15
12 16
12 25
13 22
14 22
15 17
15 20
16 18
16 21
17 19
17 21
18 19
18 20
19 23
20 24
21 24
22 23
23 29
24 28
25 28
25 29
26 30
26 32
27 31
27 33
30 31
32 33
