# First value is number of nodes (N)
38 
# Next N numbers describe the node locations
53 303
93 232
112 329
34 237
124 22
89 30
215 102
170 100
54 103
208 86
205 61
183 90
13 72
21 23
155 66
210 25
42 31
130 169
109 50
165 167
40 85
11 79
228 189
158 226
110 140
125 270
10 141
191 167
120 228
203 292
101 193
103 266
109 207
16 217
123 267
166 304
51 210
75 176
# Remaining lines are the edges.
# The first value is the source node index.
# The second value is the target node index.
0 1
0 2
0 3
1 32
1 37
2 34
2 35
3 33
3 36
4 14
4 15
4 18
5 13
5 16
5 18
6 9
6 11
6 22
7 8
7 11
7 19
8 16
8 21
9 10
9 14
10 15
10 19
11 15
12 13
12 14
12 20
13 21
16 20
17 23
17 24
17 30
18 24
19 27
20 26
21 26
22 27
22 29
23 25
23 28
24 37
25 31
25 35
26 33
27 32
28 29
28 34
29 35
30 32
30 36
31 33
31 34
36 37
