# First value is number of nodes (N)
30 
# Next N numbers describe the node locations
243 145
270 156
265 44
250 97
322 70
221 75
53 162
69 8
38 86
95 132
58 121
124 42
22 112
19 33
8 88
289 86
224 25
288 86
131 10
110 115
57 22
199 134
109 167
291 105
323 111
180 36
169 175
135 37
171 68
286 83
# Remaining lines are the edges.
# The first value is the source node index.
# The second value is the target node index.
0 1
0 2
0 3
1 24
1 29
2 25
2 27
3 26
3 28
4 15
4 16
4 23
5 16
5 17
5 21
6 10
6 12
6 22
7 13
7 18
7 20
8 12
8 13
8 20
9 10
9 11
9 21
10 14
11 18
11 19
12 14
13 14
15 17
15 29
16 25
17 24
18 25
19 22
19 27
20 27
21 26
22 26
23 24
23 28
28 29
