# First value is number of nodes (N)
32 
# Next N numbers describe the node locations
125 353
54 345
135 349
153 295
80 279
150 290
62 230
197 243
190 183
177 59
150 217
48 193
53 55
68 41
23 47
109 27
48 68
8 110
98 28
71 8
47 110
141 72
10 170
58 61
104 138
15 232
150 145
175 206
28 294
97 285
168 295
86 325
# Remaining lines are the edges.
# The first value is the source node index.
# The second value is the target node index.
0 1
0 2
0 3
1 28
1 31
2 30
2 31
3 27
3 29
4 5
4 6
4 31
5 29
5 30
6 25
6 26
7 8
7 27
7 30
8 9
8 10
9 21
9 24
10 20
10 27
11 20
11 22
11 24
12 13
12 14
12 23
13 18
13 19
14 17
14 19
15 18
15 19
15 21
16 17
16 18
16 20
17 22
21 23
22 25
23 26
24 26
25 28
28 29
