# First value is number of nodes (N)
34 
# Next N numbers describe the node locations
172 274
176 284
101 364
107 345
222 183
253 195
231 192
203 168
146 79
158 117
163 18
45 259
16 63
77 98
28 37
57 40
67 159
63 34
63 8
66 99
274 112
248 136
233 188
86 224
138 214
228 209
79 288
109 362
260 190
216 204
150 359
59 322
31 299
83 301
# Remaining lines are the edges.
# The first value is the source node index.
# The second value is the target node index.
0 1
0 2
0 3
1 28
1 29
2 30
2 32
3 31
3 33
4 6
4 21
4 25
5 7
5 22
5 25
6 22
6 24
7 21
7 24
8 9
8 10
8 20
9 16
9 19
10 17
10 18
11 12
11 13
11 16
12 14
12 17
13 15
13 18
14 18
14 19
15 17
15 19
16 23
20 21
20 22
23 26
23 29
24 29
25 28
26 32
26 33
27 28
27 30
27 31
30 33
31 32
