# First value is number of nodes (N)
28 
# Next N numbers describe the node locations
172 198
149 135
237 198
161 157
269 56
147 46
171 8
227 18
8 102
13 60
301 88
75 25
152 52
217 73
65 111
125 72
294 119
253 98
295 141
20 182
164 68
236 100
167 130
248 138
66 161
100 103
250 163
290 191
# Remaining lines are the edges.
# The first value is the source node index.
# The second value is the target node index.
0 1
0 2
0 3
1 24
1 25
2 26
2 27
3 22
3 23
4 7
4 10
4 21
5 6
5 11
5 20
6 7
6 12
7 13
8 9
8 14
8 19
9 11
9 15
10 16
10 18
11 14
12 13
12 15
13 17
14 24
15 25
16 17
16 27
17 26
18 23
18 27
19 22
19 24
20 22
20 25
21 23
21 26
