# First value is number of nodes (N)
38 
# Next N numbers describe the node locations
211 240
138 284
164 203
138 255
209 121
213 15
197 77
100 152
177 8
143 34
213 118
249 118
114 21
95 20
285 147
215 147
35 85
86 114
305 231
311 172
278 190
231 160
250 161
278 196
13 143
9 119
60 98
107 106
196 285
225 189
80 151
31 262
181 243
172 248
59 215
93 266
128 268
61 257
# Remaining lines are the edges.
# The first value is the source node index.
# The second value is the target node index.
0 1
0 2
0 3
1 36
1 37
2 33
2 34
3 32
3 35
4 7
4 8
4 11
5 6
5 9
5 11
6 8
6 10
7 9
7 10
8 12
9 13
10 15
11 14
12 13
12 17
13 16
14 20
14 22
15 21
15 23
16 25
16 27
17 24
17 26
18 19
18 20
18 21
19 22
19 23
20 28
21 29
22 29
23 28
24 27
24 31
25 26
25 31
26 30
27 30
28 33
29 32
30 35
31 34
32 37
33 36
34 37
35 36
