# First value is number of nodes (N)
38 
# Next N numbers describe the node locations
90 145
166 154
47 123
99 185
298 120
227 150
41 293
200 246
187 272
210 186
108 271
87 286
178 20
124 101
200 8
149 16
189 31
212 81
215 33
291 188
284 198
210 73
298 183
310 192
309 292
60 194
91 96
119 92
148 296
184 264
135 208
32 233
79 131
143 252
116 138
218 147
39 151
92 173
# Remaining lines are the edges.
# The first value is the source node index.
# The second value is the target node index.
0 1
0 2
0 3
1 32
1 37
2 34
2 36
3 33
3 35
4 22
4 23
4 30
5 21
5 24
5 30
6 9
6 11
6 31
7 8
7 19
7 20
8 9
8 28
9 29
10 11
10 25
10 29
11 28
12 15
12 16
12 26
13 16
13 17
13 27
14 15
14 18
14 27
15 17
16 18
17 21
18 22
19 22
19 24
20 21
20 23
23 24
25 26
25 32
26 34
27 34
28 33
29 33
30 35
31 32
31 36
35 37
36 37
