# First value is number of nodes (N)
32 
# Next N numbers describe the node locations
180 357
133 358
138 308
219 312
142 187
43 251
136 143
81 184
104 118
89 52
98 112
11 21
75 11
124 32
59 54
8 84
45 199
116 239
22 142
152 80
42 77
39 305
75 121
181 134
60 292
128 256
222 178
189 254
201 267
231 251
173 322
93 318
# Remaining lines are the edges.
# The first value is the source node index.
# The second value is the target node index.
0 1
0 2
0 3
1 30
1 31
2 28
2 31
3 29
3 30
4 5
4 6
4 27
5 21
5 24
6 22
6 23
7 8
7 16
7 17
8 9
8 19
9 10
9 12
10 14
10 20
11 12
11 15
11 20
12 13
13 14
13 19
14 15
15 18
16 18
16 21
17 24
17 25
18 22
19 23
20 22
21 31
23 26
24 26
25 28
25 30
26 29
27 28
27 29
