# First value is number of nodes (N)
34 
# Next N numbers describe the node locations
209 243
217 284
125 196
212 253
182 73
141 130
172 77
82 104
202 62
25 83
68 24
111 187
116 110
9 106
44 96
39 107
192 17
86 38
185 66
128 20
50 157
208 15
210 89
31 134
48 196
246 166
245 233
109 283
63 246
225 166
172 281
221 220
208 230
196 203
# Remaining lines are the edges.
# The first value is the source node index.
# The second value is the target node index.
0 1
0 2
0 3
1 30
1 31
2 29
2 33
3 28
3 32
4 5
4 8
4 26
5 6
5 12
6 7
6 18
7 9
7 14
8 16
8 17
9 13
9 15
10 11
10 15
10 19
11 13
11 14
12 20
12 27
13 20
14 23
15 23
16 19
16 22
17 18
17 21
18 22
19 21
20 24
21 25
22 25
23 24
24 28
25 29
26 29
26 31
27 28
27 30
30 33
31 32
32 33
