# First value is number of nodes (N)
32 
# Next N numbers describe the node locations
142 179
100 106
111 185
14 171
229 89
230 23
171 113
217 67
253 72
180 40
271 104
209 141
235 98
110 148
144 68
155 159
213 165
244 153
191 150
46 43
56 143
43 41
100 40
142 220
99 207
88 90
10 53
92 71
184 224
242 205
44 207
102 221
# Remaining lines are the edges.
# The first value is the source node index.
# The second value is the target node index.
0 1
0 2
0 3
1 26
1 27
2 29
2 31
3 28
3 30
4 9
4 11
4 12
5 7
5 8
5 9
6 7
6 11
6 13
7 10
8 10
8 12
9 22
10 17
11 17
12 16
13 20
13 24
14 18
14 19
14 21
15 16
15 18
15 23
16 29
17 29
18 28
19 25
19 27
20 25
20 30
21 22
21 26
22 27
23 24
23 31
24 28
25 26
30 31
