# First value is number of nodes (N)
32 
# Next N numbers describe the node locations
147 336
85 346
201 342
154 302
110 270
148 285
86 220
215 232
201 180
212 51
189 218
64 122
145 101
66 39
111 17
11 51
8 113
93 99
39 73
50 8
100 153
136 13
21 173
147 122
158 111
37 235
95 196
170 228
55 294
123 278
206 298
121 326
# Remaining lines are the edges.
# The first value is the source node index.
# The second value is the target node index.
0 1
0 2
0 3
1 28
1 31
2 30
2 31
3 27
3 29
4 5
4 6
4 31
5 29
5 30
6 25
6 26
7 8
7 27
7 30
8 9
8 10
9 21
9 24
10 20
10 27
11 20
11 22
11 24
12 13
12 14
12 23
13 18
13 19
14 19
14 21
15 16
15 18
15 19
16 17
16 22
17 18
17 20
21 23
22 25
23 26
24 26
25 28
28 29
