# First value is number of nodes (N)
36 
# Next N numbers describe the node locations
132 140
127 239
129 201
74 168
213 142
22 91
197 68
216 153
63 46
159 223
71 139
26 136
135 105
17 124
163 115
252 134
61 38
127 21
128 47
179 67
8 161
213 159
131 116
156 124
109 37
116 41
74 236
211 162
246 192
16 168
193 170
71 90
133 227
157 202
179 250
99 255
# Remaining lines are the edges.
# The first value is the source node index.
# The second value is the target node index.
0 1
0 2
0 3
1 32
1 34
2 33
2 35
3 30
3 31
4 15
4 18
4 19
5 13
5 16
5 20
6 7
6 17
6 19
7 14
7 21
8 10
8 12
8 23
9 14
9 15
9 27
10 11
10 26
11 13
11 29
12 18
12 25
13 22
14 23
15 28
16 17
16 24
17 25
18 24
19 22
20 26
20 29
21 27
21 28
22 32
23 33
24 31
25 31
26 35
27 30
28 34
29 30
32 33
34 35
