# First value is number of nodes (N)
34 
# Next N numbers describe the node locations
111 305
105 315
154 345
157 307
298 61
307 83
255 36
215 78
268 17
290 24
235 8
177 83
290 228
234 316
239 186
219 9
125 163
97 112
70 170
180 175
31 133
118 180
28 174
8 171
134 147
112 132
229 304
303 284
29 219
118 153
189 345
205 355
143 224
214 280
# Remaining lines are the edges.
# The first value is the source node index.
# The second value is the target node index.
0 1
0 2
0 3
1 28
1 29
2 30
2 33
3 31
3 32
4 6
4 8
4 12
5 7
5 9
5 12
6 7
6 10
7 11
8 9
8 11
9 10
10 15
11 15
12 14
13 14
13 26
13 27
14 19
15 18
16 19
16 21
16 25
17 18
17 20
17 24
18 25
19 24
20 22
20 23
21 22
21 23
22 28
23 28
24 29
25 29
26 30
26 32
27 31
27 33
30 31
32 33
