# First value is number of nodes (N)
30 
# Next N numbers describe the node locations
218 206
143 163
216 205
117 173
172 121
113 33
78 8
93 39
46 171
53 89
26 135
12 84
124 29
70 106
26 40
152 60
198 60
217 151
218 87
133 220
85 218
90 135
9 149
163 131
134 166
43 216
162 156
242 110
157 113
71 112
# Remaining lines are the edges.
# The first value is the source node index.
# The second value is the target node index.
0 1
0 2
0 3
1 24
1 29
2 26
2 27
3 25
3 28
4 16
4 17
4 23
5 6
5 7
5 15
6 12
6 14
7 11
7 13
8 10
8 21
8 22
9 10
9 13
9 14
10 20
11 14
11 22
12 13
12 16
15 18
15 29
16 27
17 18
17 26
18 27
19 20
19 21
19 26
20 25
21 24
22 25
23 24
23 28
28 29
