# First value is number of nodes (N)
38 
# Next N numbers describe the node locations
114 174
157 136
60 143
139 195
272 110
272 81
274 56
197 159
182 65
266 24
213 26
175 17
303 108
275 129
8 81
62 89
43 20
104 64
206 240
194 293
246 260
299 232
42 79
34 63
202 256
217 274
18 140
135 271
269 185
242 233
102 12
161 34
108 42
170 263
21 108
203 165
85 243
43 197
# Remaining lines are the edges.
# The first value is the source node index.
# The second value is the target node index.
0 1
0 2
0 3
1 32
1 35
2 34
2 37
3 33
3 36
4 7
4 9
4 12
5 6
5 9
5 13
6 8
6 12
7 8
7 13
8 11
9 10
10 11
10 31
11 30
12 28
13 29
14 16
14 23
14 26
15 17
15 22
15 26
16 22
16 30
17 23
17 31
18 21
18 25
18 27
19 20
19 24
19 27
20 25
20 29
21 24
21 28
22 34
23 34
24 33
25 33
26 37
27 36
28 35
29 35
30 32
31 32
36 37
