# First value is number of nodes (N)
34 
# Next N numbers describe the node locations
190 301
224 261
251 286
122 308
279 103
283 46
240 52
53 208
124 171
129 141
10 252
26 241
154 183
174 111
134 58
75 73
136 108
284 17
157 80
223 10
248 73
245 177
181 211
8 263
29 282
72 249
77 244
285 145
23 166
68 307
291 239
238 249
244 215
264 246
# Remaining lines are the edges.
# The first value is the source node index.
# The second value is the target node index.
0 1
0 2
0 3
1 31
1 32
2 30
2 33
3 28
3 29
4 5
4 6
4 27
5 17
5 20
6 18
6 19
7 8
7 9
7 14
8 10
8 11
9 12
9 13
10 23
10 25
11 24
11 26
12 21
12 22
13 21
13 22
14 15
14 16
15 17
15 19
16 18
16 20
17 18
19 20
21 32
22 33
23 24
23 28
24 29
25 26
25 29
26 28
27 30
27 31
30 32
31 33
