# First value is number of nodes (N)
38 
# Next N numbers describe the node locations
218 296
196 308
163 325
239 252
219 152
9 157
40 109
18 185
87 64
104 11
215 49
161 163
212 12
72 146
209 44
223 8
163 152
119 123
228 47
274 116
158 166
240 101
39 167
27 221
39 158
243 170
289 174
105 257
282 235
290 175
102 299
139 202
179 240
117 262
287 259
165 252
179 250
221 329
# Remaining lines are the edges.
# The first value is the source node index.
# The second value is the target node index.
0 1
0 2
0 3
1 34
1 35
2 33
2 37
3 32
3 36
4 19
4 20
4 25
5 6
5 23
5 24
6 8
6 22
7 13
7 22
7 23
8 9
8 16
9 10
9 14
10 15
10 21
11 12
11 14
11 21
12 15
12 16
13 17
13 24
14 18
15 18
16 17
17 20
18 19
19 29
20 31
21 26
22 27
23 30
24 27
25 26
25 28
26 32
27 33
28 29
28 34
29 32
30 31
30 35
31 33
34 37
35 36
36 37
