# First value is number of nodes (N)
38 
# Next N numbers describe the node locations
91 295
127 236
80 263
175 277
234 37
166 84
190 19
147 8
219 132
290 88
263 13
54 38
159 40
191 63
297 170
271 160
137 51
284 172
319 156
256 212
150 137
49 116
98 121
16 50
57 145
28 91
72 160
42 146
70 217
289 210
190 215
183 194
245 255
47 170
152 240
72 212
134 246
117 288
# Remaining lines are the edges.
# The first value is the source node index.
# The second value is the target node index.
0 1
0 2
0 3
1 34
1 35
2 33
2 37
3 32
3 36
4 9
4 10
4 12
5 8
5 11
5 13
6 7
6 10
6 13
7 11
7 12
8 15
8 19
9 14
9 18
10 20
11 21
12 16
13 16
14 17
14 19
15 17
15 18
16 28
17 30
18 29
19 29
20 22
20 31
21 23
21 26
22 24
22 27
23 25
23 27
24 25
24 26
25 28
26 35
27 33
28 33
29 32
30 31
30 32
31 34
34 37
35 36
36 37
