# First value is number of nodes (N)
36 
# Next N numbers describe the node locations
234 250
175 268
188 216
271 247
212 182
249 69
274 116
249 51
32 93
52 91
26 133
36 18
59 120
36 177
47 150
49 40
152 80
118 25
166 71
210 35
179 8
273 12
268 46
229 9
172 83
99 229
186 123
146 188
311 119
229 190
299 185
160 165
145 233
152 271
218 285
207 249
# Remaining lines are the edges.
# The first value is the source node index.
# The second value is the target node index.
0 1
0 2
0 3
1 32
1 33
2 31
2 35
3 30
3 34
4 5
4 26
4 29
5 6
5 7
6 22
6 24
7 21
7 23
8 9
8 10
8 16
9 12
9 14
10 11
10 13
11 14
11 15
12 13
12 15
13 25
14 27
15 17
16 17
16 18
17 20
18 19
18 26
19 20
19 24
20 23
21 24
21 28
22 23
22 28
25 27
25 33
26 31
27 31
28 30
29 30
29 32
32 35
33 34
34 35
