# First value is number of nodes (N)
34 
# Next N numbers describe the node locations
178 261
253 222
221 274
138 257
206 140
211 111
282 78
67 143
19 84
109 19
34 27
77 85
53 64
10 72
16 50
109 18
308 72
153 37
103 185
270 31
323 79
255 47
299 42
241 89
233 136
285 141
64 158
206 207
117 198
228 242
286 283
250 274
191 295
201 262
# Remaining lines are the edges.
# The first value is the source node index.
# The second value is the target node index.
0 1
0 2
0 3
1 30
1 33
2 29
2 31
3 28
3 32
4 5
4 6
4 27
5 23
5 24
6 21
6 22
7 11
7 14
7 26
8 12
8 13
8 26
9 11
9 13
9 15
10 12
10 14
10 15
11 12
13 14
15 17
16 20
16 24
16 25
17 18
17 24
18 19
18 23
19 21
19 22
20 21
20 22
23 25
25 30
26 28
27 28
27 29
29 33
30 31
31 32
32 33
