# First value is number of nodes (N)
34 
# Next N numbers describe the node locations
120 238
185 259
62 289
118 217
297 197
164 104
9 118
18 59
61 133
279 86
314 140
266 127
278 158
297 190
223 19
181 15
155 45
74 166
215 102
161 36
155 94
40 20
84 47
302 203
274 154
184 160
8 183
111 227
162 223
244 244
67 260
64 214
29 240
19 195
# Remaining lines are the edges.
# The first value is the source node index.
# The second value is the target node index.
0 1
0 2
0 3
1 28
1 29
2 30
2 32
3 31
3 33
4 12
4 13
4 25
5 17
5 18
5 25
6 7
6 8
6 26
7 21
7 22
8 21
8 22
9 10
9 11
9 14
10 12
10 23
11 13
11 24
12 24
13 23
14 15
14 16
15 18
15 19
16 17
16 20
17 19
18 20
19 21
20 22
23 29
24 29
25 28
26 32
26 33
27 28
27 30
27 31
30 33
31 32
