# First value is number of nodes (N)
34 
# Next N numbers describe the node locations
106 209
73 166
58 230
163 227
9 104
54 48
36 76
184 11
217 115
244 12
171 316
166 312
215 287
186 304
182 339
151 328
106 296
257 166
192 209
290 116
153 96
288 52
260 62
232 89
117 8
97 35
88 123
57 17
151 41
80 290
223 223
175 243
132 151
29 173
# Remaining lines are the edges.
# The first value is the source node index.
# The second value is the target node index.
0 1
0 2
0 3
1 32
1 33
2 29
2 33
3 30
3 31
4 5
4 6
4 33
5 25
5 27
6 26
6 28
7 8
7 9
7 24
8 20
8 23
9 21
9 22
10 13
10 15
10 31
11 14
11 16
11 31
12 13
12 14
12 30
13 16
14 15
15 29
16 29
17 18
17 19
17 30
18 20
18 22
19 21
19 23
20 21
22 23
24 27
24 28
25 28
25 32
26 27
26 32
