# First value is number of nodes (N)
32 
# Next N numbers describe the node locations
154 179
177 203
181 159
79 209
226 21
198 10
187 41
78 128
49 90
99 67
135 103
145 60
131 15
154 160
102 105
42 111
79 163
252 152
206 228
163 144
8 128
22 165
118 70
223 59
259 113
167 244
206 240
142 183
216 205
235 160
20 182
197 88
# Remaining lines are the edges.
# The first value is the source node index.
# The second value is the target node index.
0 1
0 2
0 3
1 26
1 29
2 28
2 31
3 27
3 30
4 5
4 6
4 24
5 12
5 23
6 11
6 22
7 8
7 13
7 21
8 9
8 20
9 12
9 15
10 11
10 14
10 19
11 23
12 22
13 18
13 19
14 16
14 21
15 16
15 20
16 27
17 18
17 24
17 28
18 26
19 29
20 30
21 30
22 31
23 31
24 29
25 26
25 27
25 28
