# First value is number of nodes (N)
34 
# Next N numbers describe the node locations
310 325
276 367
370 379
276 339
288 125
219 184
217 185
84 15
62 48
37 23
32 67
67 42
42 192
8 76
31 260
118 80
180 112
148 100
68 209
186 144
11 313
172 197
223 184
334 216
211 262
378 261
272 278
295 282
366 353
339 259
217 362
388 322
297 306
325 377
# Remaining lines are the edges.
# The first value is the source node index.
# The second value is the target node index.
0 1
0 2
0 3
1 30
1 33
2 31
2 33
3 32
3 33
4 5
4 6
4 23
5 19
5 22
6 20
6 21
7 8
7 9
7 16
8 10
8 12
9 11
9 13
10 13
10 15
11 12
11 15
12 14
13 14
14 18
15 17
16 17
16 18
17 19
18 20
19 21
20 22
21 24
22 24
23 25
23 26
24 30
25 29
25 31
26 28
26 32
27 28
27 29
27 30
28 31
29 32
