# First value is number of nodes (N)
38 
# Next N numbers describe the node locations
137 258
150 177
164 314
117 286
226 253
247 189
215 163
244 123
32 222
52 205
124 121
62 239
107 234
14 166
146 63
62 56
84 13
131 26
35 101
150 42
94 72
95 105
178 25
226 67
174 114
169 243
95 177
35 289
137 68
164 107
229 90
222 265
127 157
164 61
166 262
147 338
86 330
164 319
# Remaining lines are the edges.
# The first value is the source node index.
# The second value is the target node index.
0 1
0 2
0 3
1 32
1 33
2 35
2 37
3 34
3 36
4 5
4 25
4 31
5 6
5 7
6 24
6 30
7 23
7 29
8 11
8 13
8 27
9 10
9 12
9 13
10 26
10 27
11 12
11 26
12 25
13 18
14 19
14 20
14 28
15 16
15 18
15 19
16 17
16 20
17 22
17 28
18 21
19 22
20 21
21 24
22 23
23 30
24 29
25 37
26 32
27 36
28 32
29 33
30 33
31 34
31 35
34 37
35 36
