# First value is number of nodes (N)
34 
# Next N numbers describe the node locations
148 291
117 267
10 276
214 295
246 101
237 166
261 28
54 161
50 53
12 72
8 26
54 18
76 70
70 62
150 92
81 64
163 72
53 102
154 27
286 153
146 218
317 228
254 237
281 247
309 275
269 203
118 183
30 184
241 279
267 291
78 181
44 241
55 207
85 200
# Remaining lines are the edges.
# The first value is the source node index.
# The second value is the target node index.
0 1
0 2
0 3
1 30
1 32
2 31
2 33
3 28
3 29
4 5
4 6
4 19
5 16
5 17
6 15
6 18
7 8
7 9
7 27
8 10
8 13
9 10
9 12
10 11
11 12
11 13
12 17
13 18
14 15
14 16
14 26
15 17
16 18
19 20
19 21
20 22
20 24
21 23
21 25
22 23
22 28
23 29
24 25
24 29
25 28
26 32
26 33
27 30
27 31
30 33
31 32
