# First value is number of nodes (N)
34 
# Next N numbers describe the node locations
137 233
159 183
268 299
115 287
295 8
308 62
317 25
329 75
344 46
309 54
170 21
88 58
14 65
44 96
129 163
53 71
8 116
70 123
287 105
324 106
195 16
104 45
69 202
35 174
213 76
266 123
15 229
42 266
95 174
203 130
97 303
152 300
159 289
108 269
# Remaining lines are the edges.
# The first value is the source node index.
# The second value is the target node index.
0 1
0 2
0 3
1 28
1 29
2 30
2 32
3 31
3 33
4 6
4 8
4 20
5 7
5 9
5 20
6 7
6 18
7 19
8 9
8 19
9 18
10 12
10 14
10 21
11 13
11 15
11 21
12 13
12 16
13 17
14 15
14 17
15 16
16 23
17 22
18 25
19 25
20 24
21 24
22 27
22 28
23 26
23 28
24 29
25 29
26 32
26 33
27 30
27 31
30 33
31 32
