# First value is number of nodes (N)
32 
# Next N numbers describe the node locations
157 223
107 198
121 218
253 202
143 54
51 145
143 15
101 51
9 62
163 54
90 35
8 134
66 131
170 155
74 140
27 176
17 157
169 78
35 173
26 187
222 63
238 116
125 159
160 178
202 166
199 108
231 131
263 147
133 199
100 212
65 204
78 180
# Remaining lines are the edges.
# The first value is the source node index.
# The second value is the target node index.
0 1
0 2
0 3
1 29
1 31
2 28
2 30
3 26
3 27
4 5
4 6
4 17
5 15
5 16
6 9
6 10
7 9
7 11
7 13
8 10
8 12
8 14
9 14
10 13
11 16
11 19
12 15
12 18
13 23
14 22
15 19
16 18
17 20
17 21
18 31
19 30
20 25
20 27
21 24
21 26
22 25
22 29
23 24
23 28
24 27
25 26
28 31
29 30
