# First value is number of nodes (N)
34 
# Next N numbers describe the node locations
182 315
172 274
123 316
205 320
205 103
104 18
55 8
15 49
266 78
41 67
8 47
43 44
43 109
93 107
18 99
110 228
199 169
256 140
96 165
125 291
312 91
205 164
253 196
316 226
269 206
325 247
231 196
50 191
315 254
98 272
210 292
196 299
185 343
81 326
# Remaining lines are the edges.
# The first value is the source node index.
# The second value is the target node index.
0 1
0 2
0 3
1 30
1 33
2 29
2 31
3 28
3 32
4 8
4 12
4 17
5 6
5 8
5 9
6 10
6 11
7 9
7 10
7 11
8 16
9 14
10 14
11 13
12 13
12 15
13 18
14 19
15 16
15 19
16 18
17 20
17 21
18 27
19 27
20 22
20 25
21 23
21 26
22 24
22 26
23 24
23 25
24 30
25 28
26 28
27 29
29 33
30 31
31 32
32 33
