# First value is number of nodes (N)
38 
# Next N numbers describe the node locations
191 262
213 273
135 296
188 257
286 87
300 44
233 76
97 148
52 141
66 114
25 88
176 134
158 104
109 65
116 17
32 174
9 118
119 133
59 19
39 103
179 14
152 31
257 58
248 70
278 42
219 47
244 8
80 201
234 161
50 215
109 263
293 173
251 217
121 296
279 241
161 192
175 271
255 221
# Remaining lines are the edges.
# The first value is the source node index.
# The second value is the target node index.
0 1
0 2
0 3
1 34
1 35
2 33
2 37
3 32
3 36
4 5
4 6
4 31
5 24
5 26
6 23
6 25
7 11
7 27
7 30
8 9
8 10
8 30
9 17
9 19
10 16
10 18
11 12
11 28
12 13
12 20
13 19
13 21
14 18
14 20
14 21
15 16
15 17
15 29
16 19
17 18
20 26
21 25
22 23
22 24
22 28
23 26
24 25
27 29
27 35
28 32
29 33
30 33
31 32
31 34
34 37
35 36
36 37
