# First value is number of nodes (N)
38 
# Next N numbers describe the node locations
114 250
107 296
61 314
274 278
264 181
288 182
247 100
126 184
47 137
53 155
152 119
128 96
180 99
8 157
20 84
167 41
160 68
198 14
181 93
227 63
220 33
77 53
282 47
19 149
248 136
232 73
279 146
22 218
210 160
83 185
262 200
164 205
133 221
233 251
150 290
99 278
177 290
124 330
# Remaining lines are the edges.
# The first value is the source node index.
# The second value is the target node index.
0 1
0 2
0 3
1 34
1 35
2 32
2 37
3 33
3 36
4 5
4 6
4 31
5 26
5 30
6 24
6 25
7 10
7 24
7 26
8 14
8 23
8 29
9 11
9 13
9 29
10 11
10 12
11 23
12 21
12 22
13 14
13 27
14 21
15 16
15 17
15 21
16 18
16 20
17 19
17 25
18 19
18 28
19 22
20 22
20 25
23 27
24 30
26 28
27 35
28 33
29 32
30 33
31 32
31 34
34 37
35 36
36 37
