# First value is number of nodes (N)
34 
# Next N numbers describe the node locations
388 214
353 171
259 255
275 266
351 45
236 60
146 143
209 162
100 207
288 22
350 8
342 98
118 46
70 10
29 123
128 83
37 109
25 65
369 32
355 48
56 103
16 133
95 15
391 53
351 169
232 130
181 199
271 198
306 147
385 114
247 233
263 229
224 201
198 265
# Remaining lines are the edges.
# The first value is the source node index.
# The second value is the target node index.
0 1
0 2
0 3
1 28
1 29
2 30
2 32
3 31
3 33
4 18
4 19
4 25
5 7
5 9
5 25
6 7
6 8
6 26
7 22
8 20
8 21
9 10
9 11
10 18
10 23
11 19
11 24
12 14
12 16
12 22
13 15
13 17
13 22
14 15
14 20
15 21
16 17
16 21
17 20
18 24
19 23
23 29
24 29
25 28
26 32
26 33
27 28
27 30
27 31
30 33
31 32
