# First value is number of nodes (N)
30 
# Next N numbers describe the node locations
126 310
163 285
161 333
102 319
191 172
213 113
265 101
187 36
233 71
153 43
194 84
255 101
289 78
187 10
179 18
163 145
78 309
37 194
61 18
73 206
147 238
8 276
194 223
116 335
28 249
31 250
134 307
246 342
270 267
207 298
# Remaining lines are the edges.
# The first value is the source node index.
# The second value is the target node index.
0 1
0 2
0 3
1 26
1 28
2 27
2 29
3 24
3 25
4 5
4 15
4 22
5 6
5 7
6 11
6 12
7 13
7 14
8 10
8 11
8 12
9 10
9 13
9 14
10 15
11 12
13 14
15 17
16 20
16 21
16 23
17 18
17 19
18 20
18 24
19 21
19 25
20 25
21 24
22 28
22 29
23 26
23 27
26 29
27 28
