# First value is number of nodes (N)
32 
# Next N numbers describe the node locations
212 240
278 196
146 200
230 250
167 18
118 10
225 96
218 53
53 8
82 33
66 54
159 142
205 53
20 56
17 135
121 91
123 114
8 116
22 181
73 196
120 197
83 203
50 154
76 225
280 126
264 101
102 257
54 199
268 160
295 158
305 153
229 163
# Remaining lines are the edges.
# The first value is the source node index.
# The second value is the target node index.
0 1
0 2
0 3
1 28
1 30
2 29
2 31
3 26
3 27
4 5
4 6
4 7
5 8
5 9
6 12
6 24
7 12
7 25
8 10
8 13
9 11
9 14
10 14
10 15
11 13
11 15
12 16
13 17
14 17
15 16
16 19
17 18
18 22
18 23
19 20
19 21
20 22
20 26
21 23
21 27
22 27
23 26
24 28
24 29
25 30
25 31
28 31
29 30
