# First value is number of nodes (N)
36 
# Next N numbers describe the node locations
141 238
99 142
46 243
125 184
232 107
125 123
81 115
173 114
69 61
209 112
34 43
220 170
117 31
30 68
74 34
175 13
220 34
93 13
207 101
163 8
75 102
164 35
158 123
140 95
63 149
30 136
155 241
219 154
171 115
44 95
141 137
249 156
46 199
94 196
190 190
119 216
# Remaining lines are the edges.
# The first value is the source node index.
# The second value is the target node index.
0 1
0 2
0 3
1 30
1 35
2 32
2 34
3 31
3 33
4 9
4 16
4 27
5 12
5 24
5 26
6 7
6 14
6 25
7 15
7 28
8 10
8 14
8 29
9 11
9 28
10 13
10 17
11 18
11 26
12 17
12 21
13 20
13 25
14 20
15 16
15 21
16 19
17 19
18 23
18 27
19 22
20 23
21 22
22 30
23 30
24 29
24 32
25 32
26 31
27 31
28 34
29 33
33 35
34 35
