# First value is number of nodes (N)
34 
# Next N numbers describe the node locations
110 265
211 284
218 266
181 253
214 152
117 181
265 98
12 67
34 144
189 10
225 15
16 105
73 151
232 55
257 63
59 100
192 48
15 179
219 33
259 33
55 207
184 142
77 35
135 157
20 264
135 141
208 219
245 252
157 147
118 107
213 255
266 252
212 254
212 172
# Remaining lines are the edges.
# The first value is the source node index.
# The second value is the target node index.
0 1
0 2
0 3
1 30
1 32
2 31
2 33
3 28
3 29
4 5
4 6
4 27
5 11
5 12
6 13
6 14
7 11
7 15
7 17
8 12
8 15
8 20
9 13
9 16
9 18
10 14
10 16
10 19
11 20
12 17
13 19
14 18
15 23
16 22
17 24
18 25
19 25
20 24
21 22
21 23
21 26
22 29
23 28
24 29
25 28
26 32
26 33
27 30
27 31
30 33
31 32
