# First value is number of nodes (N)
34 
# Next N numbers describe the node locations
215 276
72 229
228 173
277 284
315 62
297 93
307 101
36 128
14 71
72 64
60 81
86 14
37 20
99 103
86 8
96 107
68 137
131 87
146 22
169 31
214 88
169 59
231 120
249 52
168 185
60 174
206 242
308 214
134 200
313 236
299 229
255 251
261 217
300 269
# Remaining lines are the edges.
# The first value is the source node index.
# The second value is the target node index.
0 1
0 2
0 3
1 28
1 31
2 29
2 32
3 30
3 33
4 5
4 6
4 27
5 21
5 23
6 22
6 24
7 8
7 10
7 25
8 11
8 12
9 10
9 11
9 12
10 13
11 14
12 14
13 17
13 26
14 18
15 16
15 18
15 26
16 17
16 25
17 20
18 19
19 23
19 24
20 21
20 22
21 24
22 23
25 28
26 28
27 29
27 30
29 33
30 32
31 32
31 33
