# First value is number of nodes (N)
34 
# Next N numbers describe the node locations
128 182
235 223
89 128
24 228
229 35
320 179
290 190
311 109
222 59
192 52
271 203
332 240
236 12
225 33
294 200
339 189
170 130
109 177
247 77
50 155
68 166
276 151
201 73
192 34
293 227
324 235
70 106
23 150
77 84
36 191
29 220
136 55
255 241
243 171
# Remaining lines are the edges.
# The first value is the source node index.
# The second value is the target node index.
0 1
0 2
0 3
1 32
1 33
2 28
2 31
3 29
3 30
4 7
4 12
4 13
5 7
5 14
5 15
6 10
6 11
6 21
7 21
8 12
8 16
8 22
9 13
9 16
9 23
10 14
10 24
11 15
11 25
12 23
13 22
14 25
15 24
16 18
17 18
17 19
17 20
18 33
19 26
19 29
20 27
20 30
21 33
22 31
23 31
24 32
25 32
26 28
26 30
27 28
27 29
