# First value is number of nodes (N)
34 
# Next N numbers describe the node locations
389 254
357 232
382 301
324 198
247 258
181 227
219 136
309 192
148 31
122 35
79 194
47 216
115 225
66 146
48 177
23 193
17 322
26 106
38 144
59 123
53 43
93 8
95 43
113 73
93 53
248 162
224 189
93 299
240 231
328 303
322 330
358 288
359 316
324 257
# Remaining lines are the edges.
# The first value is the source node index.
# The second value is the target node index.
0 1
0 2
0 3
1 28
1 31
2 29
2 32
3 30
3 33
4 5
4 25
4 27
5 12
5 26
6 7
6 25
6 26
7 8
7 9
8 21
8 23
9 22
9 24
10 12
10 13
10 15
11 12
11 14
11 16
13 14
13 17
14 18
15 16
15 18
16 17
17 20
18 19
19 23
19 24
20 21
20 22
21 24
22 23
25 28
26 28
27 29
27 30
29 33
30 32
31 32
31 33
