# First value is number of nodes (N)
28 
# Next N numbers describe the node locations
132 175
98 135
183 145
96 222
122 50
63 25
85 8
9 173
8 227
10 176
288 121
302 162
394 140
446 135
416 171
397 170
396 119
393 197
340 130
344 186
9 119
43 14
14 9
40 126
247 150
55 221
53 181
142 105
# Remaining lines are the edges.
# The first value is the source node index.
# The second value is the target node index.
0 1
0 2
0 3
1 23
1 27
2 24
2 27
3 25
3 26
4 5
4 6
4 27
5 21
5 22
6 21
6 22
7 8
7 9
7 23
8 25
8 26
9 25
9 26
10 18
10 19
10 24
11 18
11 19
11 24
12 14
12 15
12 16
13 14
13 15
13 16
14 17
15 17
16 18
17 19
20 21
20 22
20 23
