# First value is number of nodes (N)
34 
# Next N numbers describe the node locations
117 291
183 301
126 280
54 280
243 83
162 68
210 33
39 134
72 54
105 34
123 63
78 183
165 8
158 66
270 153
278 139
321 199
279 198
328 248
243 137
310 302
295 296
285 323
240 276
290 233
258 218
52 109
34 205
235 333
164 274
49 231
18 229
42 263
76 207
# Remaining lines are the edges.
# The first value is the source node index.
# The second value is the target node index.
0 1
0 2
0 3
1 28
1 29
2 30
2 33
3 31
3 32
4 5
4 6
4 15
5 11
5 14
6 12
6 13
7 8
7 26
7 27
8 9
8 10
9 11
9 13
10 12
10 14
11 12
13 14
15 16
15 17
16 18
16 25
17 19
17 24
18 20
18 24
19 21
19 25
20 22
20 23
21 22
21 23
22 28
23 28
24 29
25 29
26 30
26 32
27 31
27 33
30 31
32 33
