# First value is number of nodes (N)
36 
# Next N numbers describe the node locations
169 299
99 287
157 240
154 278
141 80
162 33
105 42
175 81
209 131
99 127
218 215
28 149
36 277
287 127
48 230
244 106
262 153
51 190
280 81
15 103
168 25
156 8
52 138
55 50
194 29
206 194
82 183
228 239
102 222
191 165
101 182
157 232
165 295
242 261
155 277
136 293
# Remaining lines are the edges.
# The first value is the source node index.
# The second value is the target node index.
0 1
0 2
0 3
1 31
1 35
2 30
2 34
3 32
3 33
4 5
4 6
4 29
5 22
5 24
6 21
6 23
7 8
7 9
7 20
8 15
8 16
9 14
9 17
10 16
10 18
10 25
11 17
11 19
11 26
12 14
12 19
12 28
13 15
13 18
13 27
14 26
15 25
16 27
17 28
18 24
19 23
20 21
20 22
21 24
22 23
25 31
26 30
27 33
28 32
29 30
29 31
32 35
33 34
34 35
