# First value is number of nodes (N)
30 
# Next N numbers describe the node locations
121 261
67 262
138 222
129 203
49 73
14 24
58 83
41 90
121 27
50 129
96 124
155 111
59 93
109 72
112 100
88 31
8 80
95 124
68 150
68 155
29 181
143 93
94 126
159 162
152 197
156 150
61 230
25 200
123 210
67 212
# Remaining lines are the edges.
# The first value is the source node index.
# The second value is the target node index.
0 1
0 2
0 3
1 26
1 27
2 24
2 29
3 25
3 28
4 5
4 6
4 17
5 15
5 16
6 7
6 8
7 12
7 16
8 11
8 15
9 12
9 13
9 18
10 11
10 14
10 19
11 23
12 22
13 14
13 21
14 20
15 21
16 20
17 18
17 19
18 26
19 24
20 27
21 25
22 23
22 25
23 24
26 29
27 28
28 29
