# First value is number of nodes (N)
28 
# Next N numbers describe the node locations
48 251
94 293
8 214
39 204
28 101
66 67
43 46
236 91
275 127
245 139
239 165
178 275
233 285
179 260
173 251
177 289
195 334
266 182
205 27
115 8
150 80
43 81
82 12
86 8
186 108
140 316
74 217
18 161
# Remaining lines are the edges.
# The first value is the source node index.
# The second value is the target node index.
0 1
0 2
0 3
1 25
1 26
2 3
2 27
3 27
4 5
4 6
4 27
5 21
5 24
6 22
6 23
7 8
7 9
7 18
8 9
8 17
9 17
10 11
10 12
10 17
11 13
11 15
12 14
12 16
13 14
13 25
14 26
15 16
15 26
16 25
18 19
18 20
19 21
19 23
20 22
20 24
21 22
23 24
