# First value is number of nodes (N)
38 
# Next N numbers describe the node locations
181 331
185 330
233 340
153 247
204 190
214 184
21 134
97 207
141 66
80 22
104 32
153 24
107 43
161 21
30 118
155 85
65 231
139 192
59 189
76 164
59 110
197 87
117 72
146 245
55 23
239 189
231 158
248 238
93 314
59 212
215 201
150 340
26 291
167 244
199 343
206 319
254 287
202 323
# Remaining lines are the edges.
# The first value is the source node index.
# The second value is the target node index.
0 1
0 2
0 3
1 35
1 37
2 34
2 36
3 32
3 33
4 24
4 26
4 27
5 23
5 25
5 27
6 18
6 20
6 29
7 17
7 19
7 29
8 9
8 11
8 15
9 12
9 13
10 11
10 13
10 14
11 22
12 14
12 22
13 21
14 20
15 19
15 21
16 17
16 18
16 28
17 20
18 19
21 26
22 25
23 26
23 30
24 25
24 30
27 36
28 31
28 32
29 32
30 33
31 34
31 35
33 37
34 37
35 36
