# First value is number of nodes (N)
32 
# Next N numbers describe the node locations
209 280
252 270
271 288
158 241
309 204
290 115
228 165
277 65
265 207
220 149
170 92
130 217
62 156
128 40
140 93
78 8
22 117
49 118
12 157
141 47
47 97
25 28
70 61
143 92
186 140
189 59
180 104
285 233
197 166
103 207
238 227
270 234
# Remaining lines are the edges.
# The first value is the source node index.
# The second value is the target node index.
0 1
0 2
0 3
1 30
1 31
2 27
2 31
3 28
3 29
4 5
4 27
4 31
5 6
5 7
6 26
6 30
7 24
7 25
8 9
8 27
8 30
9 10
9 28
10 19
10 25
11 17
11 26
11 29
12 14
12 16
12 29
13 14
13 15
13 25
14 23
15 21
15 22
16 18
16 20
17 18
17 23
18 21
19 22
19 23
20 21
20 22
24 26
24 28
