# First value is number of nodes (N)
34 
# Next N numbers describe the node locations
193 197
146 211
218 145
184 239
399 123
365 120
412 64
91 75
354 48
365 16
331 53
380 44
319 54
328 27
119 95
14 115
100 136
12 131
400 255
48 254
29 144
72 99
302 252
341 75
268 45
148 87
337 198
290 211
264 172
201 158
212 85
294 259
292 229
71 176
# Remaining lines are the edges.
# The first value is the source node index.
# The second value is the target node index.
0 1
0 2
0 3
1 29
1 33
2 28
2 30
3 31
3 32
4 5
4 6
4 18
5 8
5 10
6 9
6 11
7 14
7 15
7 25
8 9
8 12
9 13
10 11
10 13
11 12
12 24
13 24
14 16
14 19
15 17
15 20
16 20
16 21
17 19
17 21
18 22
18 23
19 33
20 33
21 29
22 26
22 31
23 27
23 32
24 30
25 29
25 30
26 28
26 32
27 28
27 31
