# First value is number of nodes (N)
34 
# Next N numbers describe the node locations
203 171
172 267
229 298
281 130
214 78
162 51
162 15
102 64
48 19
41 52
10 66
293 235
424 285
378 280
419 177
383 267
420 254
387 128
277 279
102 25
46 110
171 41
147 177
16 97
292 230
348 224
110 18
203 29
123 41
76 136
366 82
267 150
275 183
268 152
# Remaining lines are the edges.
# The first value is the source node index.
# The second value is the target node index.
0 1
0 2
0 3
1 28
1 29
2 31
2 32
3 30
3 33
4 5
4 21
4 27
5 6
5 7
6 21
6 26
7 19
7 20
8 9
8 10
8 26
9 19
9 22
10 20
10 23
11 12
11 15
11 17
12 16
12 18
13 14
13 15
13 18
14 16
14 17
15 25
16 25
17 24
18 24
19 23
20 22
21 28
22 29
23 29
24 32
25 33
26 28
27 30
27 31
30 32
31 33
