# First value is number of nodes (N)
34 
# Next N numbers describe the node locations
85 231
119 183
35 186
135 278
296 49
273 96
265 19
269 28
247 18
280 85
267 50
247 62
279 126
175 70
103 69
269 209
110 162
225 140
160 81
13 78
300 290
258 259
67 186
273 257
115 112
44 122
238 277
93 221
179 137
118 221
74 210
41 139
166 306
172 246
# Remaining lines are the edges.
# The first value is the source node index.
# The second value is the target node index.
0 1
0 2
0 3
1 28
1 29
2 30
2 31
3 32
3 33
4 6
4 9
4 10
5 7
5 9
5 11
6 8
6 11
7 8
7 10
8 13
9 12
10 16
11 16
12 15
12 17
13 14
13 17
14 18
14 19
15 20
15 21
16 28
17 28
18 24
18 30
19 25
19 31
20 26
20 32
21 27
21 33
22 24
22 25
22 29
23 26
23 27
23 29
24 31
25 30
26 33
27 32
