# First value is number of nodes (N)
34 
# Next N numbers describe the node locations
194 215
224 109
121 212
140 197
150 110
77 86
178 45
101 65
178 121
62 114
131 153
44 99
120 109
225 82
20 81
131 142
148 33
213 23
151 75
46 37
54 25
157 61
64 126
149 183
76 181
66 166
227 100
90 103
201 83
75 230
99 174
92 128
219 217
140 195
# Remaining lines are the edges.
# The first value is the source node index.
# The second value is the target node index.
0 1
0 2
0 3
1 28
1 33
2 30
2 32
3 29
3 31
4 5
4 6
4 8
5 7
5 9
6 10
6 26
7 11
7 27
8 13
8 23
9 12
9 22
10 15
10 23
11 14
11 22
12 16
12 27
13 17
13 26
14 19
14 25
15 18
15 24
16 17
16 21
17 20
18 19
18 21
19 20
20 28
21 28
22 30
23 29
24 25
24 30
25 29
26 32
27 31
31 33
32 33
