# First value is number of nodes (N)
32 
# Next N numbers describe the node locations
59 308
102 330
26 333
49 269
103 294
82 271
123 229
9 211
42 195
89 147
103 66
71 20
26 119
159 100
33 87
131 8
167 68
26 21
114 19
173 42
137 81
83 51
119 105
147 154
69 140
169 218
133 143
8 187
144 274
88 257
27 282
81 336
# Remaining lines are the edges.
# The first value is the source node index.
# The second value is the target node index.
0 1
0 2
0 3
1 28
1 31
2 30
2 31
3 27
3 29
4 5
4 6
4 31
5 29
5 30
6 25
6 26
7 8
7 27
7 30
8 9
8 10
9 23
9 24
10 20
10 21
11 13
11 14
11 15
12 14
12 24
12 27
13 17
13 22
14 17
15 18
15 19
16 18
16 19
16 23
17 21
18 21
19 20
20 22
22 26
23 25
24 26
25 28
28 29
