# First value is number of nodes (N)
34 
# Next N numbers describe the node locations
216 288
301 281
254 255
231 219
264 116
108 14
42 40
57 78
159 104
155 45
47 8
78 42
289 143
218 83
233 18
145 82
62 33
32 64
175 111
35 83
32 142
132 196
194 172
142 259
76 112
71 227
324 192
213 132
241 200
96 238
250 216
289 228
327 249
218 276
# Remaining lines are the edges.
# The first value is the source node index.
# The second value is the target node index.
0 1
0 2
0 3
1 30
1 32
2 31
2 33
3 28
3 29
4 12
4 13
4 27
5 9
5 10
5 11
6 8
6 10
6 16
7 8
7 11
7 17
8 15
9 13
9 15
10 17
11 16
12 14
12 26
13 14
14 18
15 18
16 19
17 19
18 21
19 20
20 24
20 25
21 22
21 23
22 24
22 28
23 25
23 29
24 29
25 28
26 32
26 33
27 30
27 31
30 33
31 32
