# First value is number of nodes (N)
28 
# Next N numbers describe the node locations
61 336
55 299
74 390
80 275
130 151
173 29
94 72
191 23
215 49
112 61
96 36
96 18
106 89
126 100
209 168
32 122
154 227
86 179
180 260
12 171
26 176
172 218
136 247
49 222
27 414
22 409
53 416
53 442
# Remaining lines are the edges.
# The first value is the source node index.
# The second value is the target node index.
0 1
0 2
0 3
1 24
1 25
2 26
2 27
3 22
3 23
4 6
4 8
4 9
5 7
5 8
5 9
6 10
6 11
7 10
7 11
8 13
9 13
10 12
11 12
12 15
13 14
14 18
14 21
15 19
15 20
16 17
16 18
16 21
17 19
17 20
18 22
19 23
20 23
21 22
24 26
24 27
25 26
25 27
