# First value is number of nodes (N)
34 
# Next N numbers describe the node locations
153 291
161 248
174 335
225 335
242 57
156 113
107 144
137 167
96 173
120 45
51 69
42 51
261 22
125 37
252 47
199 22
111 66
21 133
197 8
217 19
191 107
59 180
55 155
32 191
23 157
192 146
194 258
253 208
184 230
38 289
190 316
238 324
195 300
166 303
# Remaining lines are the edges.
# The first value is the source node index.
# The second value is the target node index.
0 1
0 2
0 3
1 28
1 29
2 30
2 32
3 31
3 33
4 14
4 15
4 25
5 7
5 9
5 25
6 7
6 8
6 26
7 20
8 21
8 22
9 10
9 11
10 16
10 17
11 18
11 19
12 14
12 18
12 20
13 15
13 19
13 20
14 19
15 18
16 21
16 23
17 22
17 24
21 24
22 23
23 29
24 29
25 28
26 32
26 33
27 28
27 30
27 31
30 33
31 32
