# First value is number of nodes (N)
32 
# Next N numbers describe the node locations
34 179
131 228
80 248
57 154
248 57
37 72
34 62
181 34
82 13
172 38
175 124
44 107
198 65
55 96
175 14
68 52
232 90
41 132
72 72
164 52
152 174
76 146
34 156
230 157
123 222
178 217
193 216
83 204
122 126
114 172
167 201
113 179
# Remaining lines are the edges.
# The first value is the source node index.
# The second value is the target node index.
0 1
0 2
0 3
1 26
1 27
2 29
2 31
3 28
3 30
4 10
4 14
4 16
5 11
5 15
5 17
6 8
6 13
6 17
7 9
7 12
7 16
8 9
8 15
9 14
10 12
10 20
11 13
11 21
12 19
13 18
14 19
15 18
16 23
17 22
18 29
19 28
20 23
20 29
21 22
21 28
22 27
23 26
24 25
24 27
24 31
25 26
25 30
30 31
