# First value is number of nodes (N)
30 
# Next N numbers describe the node locations
141 168
249 130
119 188
133 142
170 12
165 111
40 63
121 64
80 11
70 55
39 109
83 12
97 105
227 69
236 39
231 19
103 96
105 92
43 34
50 103
35 141
53 140
114 52
217 119
258 113
56 164
241 75
143 90
94 108
54 176
# Remaining lines are the edges.
# The first value is the source node index.
# The second value is the target node index.
0 1
0 2
0 3
1 24
1 26
2 25
2 29
3 27
3 28
4 8
4 13
4 15
5 7
5 11
5 14
6 10
6 11
6 16
7 12
7 17
8 18
8 22
9 10
9 18
9 19
10 20
11 22
12 19
12 21
13 23
13 26
14 15
14 26
15 24
16 17
16 25
17 27
18 27
19 29
20 21
20 29
21 28
22 28
23 24
23 25
