# First value is number of nodes (N)
38 
# Next N numbers describe the node locations
205 252
222 226
145 273
230 263
179 221
252 271
127 148
91 48
68 40
102 8
18 98
8 165
26 44
75 65
102 50
155 62
95 124
114 82
42 199
15 223
47 213
31 190
164 34
167 198
142 253
63 294
215 106
224 111
240 18
172 101
153 315
161 295
128 192
129 294
227 133
253 113
174 332
236 283
# Remaining lines are the edges.
# The first value is the source node index.
# The second value is the target node index.
0 1
0 2
0 3
1 34
1 35
2 33
2 36
3 32
3 37
4 5
4 6
4 23
5 30
5 31
6 15
6 16
7 9
7 13
7 14
8 12
8 14
8 17
9 12
9 22
10 11
10 12
10 13
11 18
11 19
13 17
14 15
15 22
16 20
16 21
17 29
18 21
18 24
19 20
19 25
20 24
21 25
22 28
23 26
23 27
24 32
25 33
26 29
26 35
27 28
27 34
28 35
29 34
30 33
30 37
31 32
31 36
36 37
