# First value is number of nodes (N)
38 
# Next N numbers describe the node locations
67 279
188 175
127 274
143 249
265 220
305 182
276 172
93 191
16 195
43 179
8 164
67 77
23 98
120 93
25 33
117 30
105 8
143 17
87 118
120 50
107 51
243 85
70 61
251 118
279 102
14 285
60 115
78 257
198 101
295 152
261 172
214 276
183 146
267 164
151 300
164 269
123 221
85 278
# Remaining lines are the edges.
# The first value is the source node index.
# The second value is the target node index.
0 1
0 2
0 3
1 32
1 33
2 35
2 37
3 34
3 36
4 5
4 6
4 31
5 24
5 30
6 23
6 29
7 8
7 9
7 27
8 11
8 25
9 10
9 26
10 12
10 25
11 12
11 26
12 14
13 17
13 18
13 27
14 15
14 16
15 18
15 19
16 17
16 20
17 19
18 20
19 21
20 22
21 24
21 28
22 23
22 28
23 30
24 29
25 37
26 32
27 36
28 32
29 33
30 33
31 34
31 35
34 37
35 36
