# First value is number of nodes (N)
34 
# Next N numbers describe the node locations
177 196
172 129
57 186
99 229
380 47
444 45
397 226
31 114
67 62
439 148
443 118
435 100
471 131
475 87
476 79
283 59
187 14
167 31
109 23
71 89
437 109
329 69
325 117
269 66
149 174
137 71
8 170
71 134
261 122
174 79
18 171
66 211
39 222
65 190
# Remaining lines are the edges.
# The first value is the source node index.
# The second value is the target node index.
0 1
0 2
0 3
1 28
1 29
2 30
2 33
3 31
3 32
4 5
4 6
4 21
5 11
5 14
6 12
6 13
7 8
7 26
7 27
8 18
8 19
9 11
9 13
9 20
10 12
10 14
10 20
11 12
13 14
15 16
15 17
15 23
16 18
16 24
17 19
17 25
18 25
19 24
20 22
21 22
21 23
22 28
23 28
24 29
25 29
26 30
26 32
27 31
27 33
30 31
32 33
