# First value is number of nodes (N)
30 
# Next N numbers describe the node locations
99 116
183 146
98 131
94 214
222 137
76 57
35 124
145 30
204 50
202 89
190 12
239 53
240 89
121 19
82 160
30 68
23 181
77 33
265 110
101 161
140 69
124 98
27 151
202 130
69 97
241 166
41 191
100 92
174 212
147 199
# Remaining lines are the edges.
# The first value is the source node index.
# The second value is the target node index.
0 1
0 2
0 3
1 25
1 29
2 24
2 27
3 26
3 28
4 9
4 12
4 23
5 6
5 7
5 15
6 14
6 22
7 8
7 9
8 10
8 12
9 11
10 11
10 13
11 18
12 18
13 17
13 20
14 16
14 19
15 16
15 17
16 26
17 27
18 25
19 21
19 29
20 21
20 24
21 27
22 24
22 26
23 25
23 28
28 29
