# First value is number of nodes (N)
30 
# Next N numbers describe the node locations
171 207
90 189
169 144
251 187
199 57
171 17
226 15
74 23
68 119
88 102
65 62
30 116
30 58
51 32
51 48
75 72
13 141
49 161
92 143
86 64
182 107
140 76
249 46
246 109
256 123
15 207
128 91
120 129
204 163
120 164
# Remaining lines are the edges.
# The first value is the source node index.
# The second value is the target node index.
0 1
0 2
0 3
1 25
1 29
2 27
2 28
3 24
3 26
4 5
4 20
4 23
5 6
5 7
6 21
6 22
7 13
7 14
8 9
8 16
8 18
9 11
9 21
10 14
10 15
10 19
11 14
11 17
12 13
12 15
12 16
13 19
15 29
16 25
17 18
17 25
18 27
19 27
20 22
20 26
21 26
22 24
23 24
23 28
28 29
