# First value is number of nodes (N)
34 
# Next N numbers describe the node locations
67 251
95 209
22 239
66 317
13 134
45 73
69 80
239 180
303 154
203 117
301 60
151 147
256 71
242 61
179 306
126 306
65 344
21 345
284 39
236 32
122 270
135 214
207 8
130 26
160 220
84 112
142 189
59 61
51 78
34 265
80 360
58 326
220 236
44 185
# Remaining lines are the edges.
# The first value is the source node index.
# The second value is the target node index.
0 1
0 2
0 3
1 32
1 33
2 29
2 33
3 30
3 31
4 5
4 6
4 33
5 25
5 27
6 26
6 28
7 8
7 9
7 32
8 10
8 12
9 11
9 13
10 11
10 18
11 19
12 13
12 19
13 18
14 16
14 20
14 30
15 17
15 20
15 31
16 29
16 31
17 29
17 30
18 22
19 22
20 21
21 24
21 32
22 23
23 27
23 28
24 25
24 26
25 28
26 27
