# First value is number of nodes (N)
34 
# Next N numbers describe the node locations
110 295
173 263
55 290
47 267
305 8
133 27
172 11
185 24
186 25
133 76
24 24
212 91
92 106
285 105
60 161
86 240
163 100
301 130
231 170
220 167
270 103
110 90
117 164
288 214
199 213
128 235
76 208
24 197
170 236
232 273
8 256
45 242
73 253
48 275
# Remaining lines are the edges.
# The first value is the source node index.
# The second value is the target node index.
0 1
0 2
0 3
1 28
1 29
2 30
2 32
3 31
3 33
4 8
4 9
4 13
5 6
5 7
5 12
6 8
6 10
7 9
7 11
8 11
9 10
10 16
11 16
12 14
12 15
13 17
13 18
14 22
14 27
15 25
15 26
16 22
17 20
17 23
18 21
18 24
19 20
19 21
19 25
20 24
21 23
22 28
23 29
24 29
25 28
26 32
26 33
27 30
27 31
30 33
31 32
