# First value is number of nodes (N)
34 
# Next N numbers describe the node locations
226 214
199 204
175 189
153 96
300 97
33 106
296 61
28 90
14 205
284 65
116 159
289 32
67 64
63 68
106 132
281 194
290 8
47 46
33 30
289 34
286 35
152 76
267 15
72 23
194 56
154 117
243 208
115 217
62 99
253 32
159 233
150 259
217 239
204 230
# Remaining lines are the edges.
# The first value is the source node index.
# The second value is the target node index.
0 1
0 2
0 3
1 30
1 32
2 31
2 33
3 28
3 29
4 6
4 9
4 15
5 7
5 8
5 14
6 10
6 16
7 12
7 17
8 13
8 18
9 11
9 19
10 19
10 20
11 16
11 20
12 18
12 21
13 17
13 21
14 25
14 27
15 24
15 26
16 22
17 23
18 23
19 22
20 25
21 24
22 29
23 28
24 29
25 28
26 32
26 33
27 30
27 31
30 33
31 32
