# First value is number of nodes (N)
30 
# Next N numbers describe the node locations
225 264
267 195
151 211
196 112
514 300
493 285
481 250
505 276
460 301
485 223
414 269
429 222
12 281
58 291
51 295
61 267
42 234
86 299
376 208
361 250
158 14
200 50
177 59
518 66
124 143
199 98
310 229
324 194
97 220
120 256
# Remaining lines are the edges.
# The first value is the source node index.
# The second value is the target node index.
0 1
0 2
0 3
1 26
1 27
2 28
2 29
3 24
3 25
4 6
4 7
4 8
5 6
5 7
5 8
6 9
7 9
8 10
9 11
10 11
10 19
11 18
12 14
12 15
12 16
13 14
13 15
13 16
14 17
15 17
16 28
17 29
18 19
18 27
19 26
20 21
20 22
20 24
21 23
21 25
22 23
22 25
23 24
26 27
28 29
