# First value is number of nodes (N)
36 
# Next N numbers describe the node locations
180 264
154 254
253 211
73 235
207 172
232 131
173 176
230 30
212 22
10 148
39 208
279 63
227 75
244 8
150 30
66 96
61 102
174 9
87 67
106 66
254 168
36 183
304 213
263 171
298 127
221 186
45 179
119 173
255 195
169 185
172 202
258 194
87 192
253 256
104 201
91 199
# Remaining lines are the edges.
# The first value is the source node index.
# The second value is the target node index.
0 1
0 2
0 3
1 30
1 35
2 31
2 33
3 32
3 34
4 5
4 6
4 29
5 20
5 28
6 18
6 19
7 13
7 19
7 20
8 12
8 17
8 20
9 16
9 21
9 27
10 15
10 21
10 26
11 12
11 13
11 24
12 19
13 17
14 15
14 17
14 18
15 27
16 18
16 26
21 35
22 25
22 28
22 33
23 24
23 25
23 31
24 33
25 30
26 32
27 32
28 31
29 30
29 34
34 35
