# First value is number of nodes (N)
38 
# Next N numbers describe the node locations
98 206
75 289
39 231
34 137
225 68
121 106
230 102
145 183
103 8
165 33
103 82
188 141
200 79
252 157
42 20
104 74
59 32
40 76
140 78
18 72
202 197
173 245
222 279
252 242
214 298
228 251
56 77
200 279
236 300
172 230
12 139
107 103
93 176
173 300
94 209
20 202
42 262
79 241
# Remaining lines are the edges.
# The first value is the source node index.
# The second value is the target node index.
0 1
0 2
0 3
1 33
1 36
2 34
2 35
3 32
3 37
4 6
4 9
4 13
5 7
5 10
5 11
6 11
6 12
7 12
7 13
8 9
8 14
8 16
9 18
10 15
10 17
11 20
12 18
13 21
14 17
14 19
15 16
15 19
16 26
17 26
18 31
19 30
20 23
20 29
21 24
21 27
22 24
22 25
22 29
23 25
23 28
24 28
25 27
26 32
27 33
28 33
29 34
30 31
30 35
31 32
34 37
35 36
36 37
