# First value is number of nodes (N)
34 
# Next N numbers describe the node locations
271 358
224 347
310 335
250 307
208 92
169 231
207 88
55 63
32 111
81 181
17 169
55 178
51 175
56 142
104 36
130 268
22 305
138 63
191 130
78 99
156 28
59 323
118 229
209 53
175 195
204 330
105 256
272 218
40 338
225 173
315 271
262 332
313 304
288 298
# Remaining lines are the edges.
# The first value is the source node index.
# The second value is the target node index.
0 1
0 2
0 3
1 28
1 31
2 29
2 32
3 30
3 33
4 5
4 6
4 27
5 21
5 22
6 23
6 24
7 8
7 13
7 14
8 9
8 10
9 11
9 12
10 11
10 12
11 15
12 16
13 17
13 19
14 18
14 20
15 21
15 25
16 22
16 26
17 18
17 23
18 24
19 20
19 24
20 23
21 26
22 25
25 28
26 28
27 29
27 30
29 33
30 32
31 32
31 33
