# First value is number of nodes (N)
34 
# Next N numbers describe the node locations
66 270
18 298
68 295
136 324
234 104
165 92
196 15
168 8
189 47
174 25
173 139
67 63
81 113
257 171
67 124
76 108
116 158
171 38
49 102
251 180
183 232
153 176
194 112
183 194
118 228
33 151
262 292
116 235
194 310
71 289
8 235
18 306
55 309
51 290
# Remaining lines are the edges.
# The first value is the source node index.
# The second value is the target node index.
0 1
0 2
0 3
1 30
1 33
2 29
2 31
3 28
3 32
4 5
4 6
4 13
5 8
5 9
6 7
6 10
7 8
7 9
8 10
9 11
10 12
11 15
11 18
12 14
12 17
13 19
13 20
14 16
14 18
15 16
15 17
16 24
17 25
18 25
19 22
19 26
20 23
20 27
21 22
21 23
21 24
22 27
23 26
24 29
25 30
26 28
27 28
29 33
30 31
31 32
32 33
