# First value is number of nodes (N)
34 
# Next N numbers describe the node locations
178 264
159 266
182 229
285 252
230 148
135 27
118 12
123 125
30 238
313 234
322 107
274 102
292 54
115 99
16 57
47 60
26 16
33 29
335 34
282 94
211 43
64 63
85 25
200 30
293 9
160 88
313 144
210 137
206 176
187 195
97 198
134 225
255 235
163 220
# Remaining lines are the edges.
# The first value is the source node index.
# The second value is the target node index.
0 1
0 2
0 3
1 30
1 33
2 29
2 31
3 28
3 32
4 5
4 6
4 27
5 23
5 24
6 21
6 22
7 13
7 16
7 17
8 14
8 15
8 25
9 11
9 18
9 26
10 12
10 19
10 26
11 19
11 20
12 18
12 20
13 23
13 25
14 16
14 21
15 17
15 22
16 22
17 21
18 24
19 24
20 23
25 30
26 28
27 28
27 29
29 33
30 31
31 32
32 33
