# First value is number of nodes (N)
32 
# Next N numbers describe the node locations
251 210
156 231
268 233
267 192
301 180
240 139
79 181
165 158
176 186
116 173
176 104
156 88
66 29
45 127
104 79
93 42
86 93
19 84
91 15
38 8
9 55
71 57
214 17
267 27
40 82
246 109
160 51
296 230
288 175
180 83
158 188
230 232
# Remaining lines are the edges.
# The first value is the source node index.
# The second value is the target node index.
0 1
0 2
0 3
1 30
1 31
2 27
2 31
3 28
3 29
4 27
4 28
4 31
5 8
5 25
5 26
6 9
6 13
6 30
7 10
7 11
7 30
8 9
8 10
9 24
10 23
11 14
11 29
12 15
12 17
12 19
13 16
13 17
14 18
14 22
15 16
15 22
16 21
17 20
18 19
18 21
19 20
20 24
21 24
22 23
23 25
25 28
26 27
26 29
