# First value is number of nodes (N)
34 
# Next N numbers describe the node locations
201 275
136 255
239 261
264 272
234 199
262 39
164 95
85 30
44 29
140 79
60 95
82 86
150 13
222 72
200 55
244 21
203 47
36 97
41 144
77 116
197 98
130 158
113 171
33 202
102 176
81 176
133 143
300 161
92 191
129 209
292 180
278 230
262 230
264 224
# Remaining lines are the edges.
# The first value is the source node index.
# The second value is the target node index.
0 1
0 2
0 3
1 28
1 29
2 30
2 32
3 31
3 33
4 5
4 6
4 27
5 13
5 15
6 14
6 16
7 8
7 9
7 12
8 10
8 17
9 11
9 18
10 18
10 19
11 17
11 19
12 15
12 16
13 16
13 20
14 15
14 20
17 23
18 23
19 22
20 25
21 22
21 24
21 26
22 29
23 28
24 25
24 28
25 29
26 32
26 33
27 30
27 31
30 33
31 32
