# First value is number of nodes (N)
32 
# Next N numbers describe the node locations
102 240
66 185
155 208
15 260
131 25
87 8
147 22
138 120
200 97
148 45
245 198
170 131
222 242
257 147
36 85
57 36
23 14
8 52
41 71
242 75
91 138
248 290
221 162
79 50
175 202
221 231
173 262
108 126
122 161
169 154
229 291
25 113
# Remaining lines are the edges.
# The first value is the source node index.
# The second value is the target node index.
0 1
0 2
0 3
1 27
1 31
2 26
2 28
3 29
3 30
4 6
4 11
4 23
5 6
5 15
5 16
6 9
7 8
7 12
7 25
8 11
8 19
9 14
9 19
10 12
10 13
10 22
11 22
12 21
13 21
13 24
14 18
14 20
15 17
15 20
16 17
16 18
17 31
18 31
19 27
20 28
21 30
22 29
23 27
23 28
24 26
24 30
25 26
25 29
