# First value is number of nodes (N)
32 
# Next N numbers describe the node locations
113 207
83 231
113 235
123 130
8 213
13 153
38 98
51 172
210 13
185 40
222 46
298 64
310 60
258 65
277 174
258 212
267 22
172 37
153 109
193 194
159 76
200 12
117 70
132 31
141 154
119 152
76 52
39 212
248 244
115 256
61 106
101 244
# Remaining lines are the edges.
# The first value is the source node index.
# The second value is the target node index.
0 1
0 2
0 3
1 27
1 31
2 28
2 31
3 29
3 30
4 5
4 27
4 31
5 6
5 7
6 26
6 30
7 25
7 29
8 16
8 17
8 21
9 15
9 17
9 20
10 11
10 14
10 21
11 12
11 13
12 14
12 16
13 16
13 18
14 15
15 19
17 22
18 20
18 24
19 24
19 28
20 23
21 23
22 26
22 30
23 26
24 25
25 27
28 29
