# First value is number of nodes (N)
34 
# Next N numbers describe the node locations
203 231
204 207
259 243
155 258
317 8
244 72
253 23
110 89
74 69
328 71
335 87
370 41
355 53
64 146
36 108
171 42
114 86
120 40
344 69
359 91
10 160
72 138
19 193
136 212
178 115
91 235
19 195
330 166
91 244
298 194
176 134
232 196
149 227
241 228
# Remaining lines are the edges.
# The first value is the source node index.
# The second value is the target node index.
0 1
0 2
0 3
1 30
1 33
2 29
2 31
3 28
3 32
4 6
4 9
4 11
5 6
5 10
5 12
6 15
7 8
7 13
7 16
8 14
8 17
9 10
9 18
10 19
11 12
11 19
12 18
13 22
13 23
14 20
14 21
15 16
15 17
16 24
17 24
18 27
19 27
20 22
20 25
21 23
21 26
22 26
23 25
24 30
25 28
26 28
27 29
29 33
30 31
31 32
32 33
