# First value is number of nodes (N)
34 
# Next N numbers describe the node locations
124 362
114 263
50 308
142 376
233 91
102 28
224 9
127 220
124 127
163 56
171 11
170 59
214 31
185 9
181 8
25 44
199 155
208 182
220 269
170 189
207 295
227 287
229 335
155 334
201 292
181 312
113 249
178 271
198 338
151 291
70 285
15 298
119 294
29 117
# Remaining lines are the edges.
# The first value is the source node index.
# The second value is the target node index.
0 1
0 2
0 3
1 30
1 32
2 31
2 33
3 28
3 29
4 5
4 6
4 17
5 11
5 14
6 12
6 13
7 15
7 16
7 27
8 9
8 10
8 15
9 11
9 13
10 12
10 14
11 12
13 14
15 19
16 18
16 26
17 18
17 19
18 21
19 20
20 24
20 25
21 22
21 23
22 24
22 28
23 25
23 29
24 29
25 28
26 32
26 33
27 30
27 31
30 33
31 32
