# First value is number of nodes (N)
40 
# Next N numbers describe the node locations
144 192
175 271
191 159
121 252
222 54
116 159
265 100
43 24
67 28
81 102
164 58
206 79
157 35
315 173
26 132
178 103
37 152
269 44
126 109
197 253
234 241
54 177
259 291
317 219
270 188
260 259
135 164
67 259
152 153
96 142
318 264
229 315
210 185
204 266
164 312
200 292
210 147
263 226
111 208
238 99
# Remaining lines are the edges.
# The first value is the source node index.
# The second value is the target node index.
0 1
0 2
0 3
1 35
1 37
2 36
2 39
3 34
3 38
4 6
4 11
4 12
5 7
5 8
5 21
6 13
6 32
7 9
7 17
8 10
8 18
9 14
9 16
10 14
10 15
11 16
11 18
12 15
12 17
13 23
13 25
14 27
15 29
16 29
17 28
18 28
19 20
19 26
19 33
20 22
20 24
21 26
21 27
22 25
22 31
23 24
23 30
24 36
25 35
26 39
27 38
28 39
29 38
30 31
30 37
31 34
32 36
32 37
33 34
33 35
