# First value is number of nodes (N)
36 
# Next N numbers describe the node locations
204 195
193 250
106 164
136 263
155 25
120 22
222 97
59 93
310 78
31 81
314 104
114 59
298 102
313 38
60 44
78 88
139 62
60 45
272 84
55 98
264 176
18 62
282 74
147 159
250 87
18 108
222 184
99 142
32 182
280 187
49 66
243 197
191 265
131 232
153 209
127 202
# Remaining lines are the edges.
# The first value is the source node index.
# The second value is the target node index.
0 1
0 2
0 3
1 31
1 34
2 30
2 35
3 32
3 33
4 5
4 6
4 23
5 14
5 16
6 13
6 15
7 11
7 19
7 21
8 12
8 20
8 22
9 14
9 17
9 19
10 13
10 18
10 20
11 16
11 17
12 15
12 18
13 22
14 21
15 16
17 25
18 24
19 28
20 29
21 25
22 24
23 26
23 27
24 31
25 30
26 29
26 31
27 28
27 30
28 33
29 32
32 35
33 34
34 35
