# First value is number of nodes (N)
38 
# Next N numbers describe the node locations
170 271
120 311
217 276
165 228
283 187
253 191
102 160
80 42
148 72
108 134
251 33
290 121
161 40
153 32
222 42
184 44
296 226
308 149
327 211
56 113
113 203
45 211
97 213
53 134
30 230
31 254
281 213
295 191
209 159
157 161
296 271
68 249
32 286
155 180
225 282
103 225
239 306
172 312
# Remaining lines are the edges.
# The first value is the source node index.
# The second value is the target node index.
0 1
0 2
0 3
1 32
1 37
2 34
2 36
3 33
3 35
4 11
4 12
4 28
5 16
5 26
5 28
6 10
6 19
6 29
7 8
7 9
7 19
8 12
8 15
9 13
9 14
10 13
10 15
11 14
11 17
12 13
14 15
16 27
16 30
17 18
17 27
18 26
18 30
19 23
20 23
20 25
20 31
21 22
21 24
21 31
22 25
22 29
23 24
24 32
25 32
26 34
27 34
28 33
29 33
30 36
31 35
35 37
36 37
