# First value is number of nodes (N)
32 
# Next N numbers describe the node locations
122 204
184 189
74 154
110 270
276 50
318 71
210 11
272 28
314 106
349 114
216 121
285 94
156 12
174 76
27 82
154 109
143 106
270 135
327 176
117 95
118 50
37 188
61 240
85 202
28 247
8 227
49 99
39 227
56 287
109 179
250 177
87 87
# Remaining lines are the edges.
# The first value is the source node index.
# The second value is the target node index.
0 1
0 2
0 3
1 29
1 30
2 26
2 31
3 27
3 28
4 7
4 8
4 10
5 7
5 9
5 11
6 7
6 12
6 13
8 9
8 17
9 18
10 11
10 18
11 17
12 14
12 19
13 15
13 20
14 16
14 20
15 16
15 19
16 29
17 30
18 30
19 31
20 31
21 23
21 24
21 27
22 23
22 25
22 28
23 29
24 26
24 28
25 26
25 27
