# First value is number of nodes (N)
34 
# Next N numbers describe the node locations
113 246
90 177
157 282
106 223
247 64
38 137
13 118
160 111
259 117
63 158
207 73
212 24
158 26
162 111
45 57
22 72
17 15
17 62
67 53
64 70
114 76
159 23
173 184
240 152
189 213
169 190
116 68
110 29
112 83
268 283
149 239
19 246
109 216
123 271
# Remaining lines are the edges.
# The first value is the source node index.
# The second value is the target node index.
0 1
0 2
0 3
1 28
1 31
2 29
2 33
3 30
3 32
4 8
4 10
4 11
5 9
5 14
5 16
6 9
6 15
6 17
7 8
7 12
7 13
8 23
9 22
10 13
10 20
11 12
11 21
12 20
13 21
14 17
14 19
15 16
15 19
16 18
17 18
18 27
19 26
20 26
21 27
22 24
22 25
23 24
23 25
24 29
25 30
26 28
27 28
29 32
30 33
31 32
31 33
