# First value is number of nodes (N)
32 
# Next N numbers describe the node locations
151 315
113 314
141 342
180 258
59 300
120 257
64 273
152 207
128 159
74 155
73 118
165 148
8 104
173 106
63 76
9 24
46 26
33 48
138 23
125 59
135 55
54 38
37 96
107 176
17 162
13 298
56 258
189 202
76 263
112 251
145 279
90 348
# Remaining lines are the edges.
# The first value is the source node index.
# The second value is the target node index.
0 1
0 2
0 3
1 28
1 31
2 30
2 31
3 27
3 29
4 5
4 6
4 31
5 29
5 30
6 25
6 26
7 8
7 27
7 30
8 9
8 10
9 23
9 24
10 20
10 21
11 13
11 23
11 27
12 17
12 22
12 24
13 18
13 19
14 16
14 19
14 22
15 16
15 17
15 18
16 21
17 21
18 20
19 20
22 26
23 26
24 25
25 28
28 29
