# First value is number of nodes (N)
34 
# Next N numbers describe the node locations
167 376
60 341
203 348
180 330
226 128
238 70
171 137
11 18
31 134
59 146
106 108
69 191
38 192
198 198
105 37
148 28
155 8
197 60
212 15
148 117
191 52
15 333
180 249
208 193
189 261
202 261
70 285
118 302
149 298
96 229
102 335
111 235
152 275
170 373
# Remaining lines are the edges.
# The first value is the source node index.
# The second value is the target node index.
0 1
0 2
0 3
1 30
1 33
2 32
2 33
3 31
3 33
4 5
4 6
4 23
5 17
5 20
6 18
6 19
7 8
7 9
7 14
8 10
8 12
9 11
9 13
10 13
10 21
11 12
11 21
12 22
13 22
14 15
14 16
15 17
15 19
16 18
16 20
17 18
19 20
21 26
22 24
23 24
23 25
24 31
25 28
25 32
26 27
26 30
27 29
27 32
28 29
28 30
29 31
