# First value is number of nodes (N)
30 
# Next N numbers describe the node locations
162 417
199 418
106 385
125 423
117 108
81 62
186 87
174 176
141 60
107 28
169 25
55 32
112 87
189 73
220 69
181 176
179 177
82 138
98 264
47 279
158 237
69 191
8 392
75 342
74 369
18 363
187 277
68 266
69 333
114 341
# Remaining lines are the edges.
# The first value is the source node index.
# The second value is the target node index.
0 1
0 2
0 3
1 3
1 29
2 3
2 28
4 5
4 6
4 17
5 11
5 12
6 13
6 14
7 8
7 15
7 16
8 9
8 10
9 11
9 12
10 13
10 14
11 12
13 14
15 16
15 20
16 21
17 18
17 19
18 20
18 27
19 21
19 26
20 26
21 27
22 23
22 24
22 25
23 24
23 25
24 29
25 28
26 29
27 28
