# First value is number of nodes (N)
36 
# Next N numbers describe the node locations
148 148
160 263
97 138
136 185
177 69
297 59
221 55
102 86
229 82
230 43
242 28
128 13
209 8
37 100
22 8
21 100
62 81
297 113
247 219
237 180
292 168
225 126
251 237
284 230
197 121
65 104
107 91
199 161
35 133
220 226
231 270
54 143
158 129
121 235
65 203
108 253
# Remaining lines are the edges.
# The first value is the source node index.
# The second value is the target node index.
0 1
0 2
0 3
1 30
1 35
2 32
2 34
3 31
3 33
4 6
4 10
4 17
5 9
5 12
5 17
6 9
6 24
7 11
7 14
7 24
8 9
8 10
8 27
10 12
11 12
11 16
13 16
13 26
13 28
14 15
14 26
15 25
15 28
16 25
17 20
18 21
18 23
18 29
19 20
19 22
19 29
20 23
21 22
21 27
22 30
23 30
24 32
25 31
26 31
27 32
28 34
29 33
33 35
34 35
