# First value is number of nodes (N)
30 
# Next N numbers describe the node locations
152 194
108 151
230 117
123 184
215 79
232 19
175 17
49 120
206 23
87 26
50 37
102 57
111 111
118 81
61 59
8 87
108 86
42 109
244 64
193 32
156 112
151 157
27 136
131 108
80 164
221 88
244 128
220 198
55 184
29 197
# Remaining lines are the edges.
# The first value is the source node index.
# The second value is the target node index.
0 1
0 2
0 3
1 24
1 29
2 26
2 27
3 25
3 28
4 6
4 19
4 20
5 6
5 8
5 18
6 11
7 14
7 21
7 22
8 13
8 19
9 10
9 13
9 23
10 11
10 15
11 14
12 16
12 21
12 23
13 16
14 17
15 17
15 22
16 24
17 24
18 20
18 26
19 26
20 25
21 25
22 28
23 27
27 29
28 29
