# First value is number of nodes (N)
32 
# Next N numbers describe the node locations
8 288
18 341
18 330
21 223
96 343
36 252
44 160
78 257
118 358
123 244
124 33
173 33
158 8
212 86
179 22
25 13
149 51
76 70
170 196
103 100
193 142
138 94
41 116
189 108
126 173
101 246
54 150
74 343
95 279
78 228
12 167
83 323
# Remaining lines are the edges.
# The first value is the source node index.
# The second value is the target node index.
0 1
0 2
0 3
1 27
1 31
2 28
2 31
3 29
3 30
4 5
4 27
4 31
5 6
5 7
6 26
6 30
7 25
7 29
8 9
8 27
8 28
9 18
9 29
10 11
10 12
10 19
11 16
11 21
12 14
12 15
13 14
13 16
13 20
14 21
15 16
15 17
17 19
17 22
18 20
18 24
19 24
20 23
21 23
22 26
22 30
23 26
24 25
25 28
