# First value is number of nodes (N)
34 
# Next N numbers describe the node locations
222 276
155 270
255 244
285 265
300 107
256 41
211 31
46 126
102 86
191 81
153 40
208 8
200 46
231 71
198 31
145 147
81 202
236 111
26 211
26 200
8 179
159 175
167 174
53 213
27 241
94 235
316 146
296 217
151 220
88 265
271 192
258 265
278 199
312 221
# Remaining lines are the edges.
# The first value is the source node index.
# The second value is the target node index.
0 1
0 2
0 3
1 28
1 29
2 30
2 32
3 31
3 33
4 5
4 6
4 26
5 11
5 13
6 12
6 14
7 8
7 20
7 21
8 10
8 15
9 13
9 14
9 17
10 11
10 12
11 14
12 13
15 17
15 22
16 18
16 19
16 25
17 25
18 20
18 23
19 21
19 24
20 24
21 23
22 27
22 28
23 29
24 29
25 28
26 32
26 33
27 30
27 31
30 33
31 32
