# First value is number of nodes (N)
34 
# Next N numbers describe the node locations
171 320
302 305
342 265
384 339
309 210
312 243
336 8
68 53
30 70
48 8
8 47
10 50
23 106
92 14
103 88
120 100
105 116
71 65
175 103
53 140
132 37
178 90
104 137
80 319
236 139
89 313
165 124
327 256
273 214
380 194
376 283
325 318
367 283
386 309
# Remaining lines are the edges.
# The first value is the source node index.
# The second value is the target node index.
0 1
0 2
0 3
1 28
1 31
2 29
2 32
3 30
3 33
4 5
4 6
4 27
5 24
5 26
6 23
6 25
7 8
7 9
7 14
8 11
8 12
9 10
9 13
10 11
10 12
11 13
12 19
13 20
14 17
14 18
15 16
15 17
15 20
16 18
16 19
17 22
18 21
19 22
20 21
21 24
22 23
23 26
24 25
25 28
26 28
27 29
27 30
29 33
30 32
31 32
31 33
