# First value is number of nodes (N)
34 
# Next N numbers describe the node locations
163 164
164 126
140 200
79 136
284 38
318 40
360 26
353 146
303 56
345 42
164 95
139 176
59 64
298 280
122 159
75 50
316 31
334 69
359 219
168 90
8 87
99 83
19 52
50 114
232 261
140 282
161 296
97 253
205 30
168 125
216 234
155 269
71 268
126 19
# Remaining lines are the edges.
# The first value is the source node index.
# The second value is the target node index.
0 1
0 2
0 3
1 28
1 29
2 30
2 31
3 32
3 33
4 6
4 8
4 16
5 7
5 9
5 16
6 7
6 17
7 18
8 9
8 18
9 17
10 12
10 15
10 19
11 13
11 14
11 19
12 20
12 21
13 24
13 26
14 25
14 27
15 22
15 23
16 28
17 29
18 29
19 28
20 22
20 32
21 23
21 33
22 33
23 32
24 25
24 30
25 31
26 27
26 31
27 30
