# First value is number of nodes (N)
32 
# Next N numbers describe the node locations
170 311
180 246
19 215
122 268
163 186
193 219
118 135
181 155
205 49
160 126
61 167
207 115
106 176
122 8
42 51
65 206
157 8
8 160
112 25
162 83
205 62
170 36
83 120
10 101
124 44
127 80
81 128
127 204
107 240
153 243
226 228
164 221
# Remaining lines are the edges.
# The first value is the source node index.
# The second value is the target node index.
0 1
0 2
0 3
1 30
1 31
2 28
2 31
3 27
3 29
4 5
4 6
4 31
5 29
5 30
6 25
6 26
7 11
7 27
7 30
8 11
8 16
8 20
9 12
9 19
9 20
10 12
10 17
10 18
11 19
12 28
13 14
13 16
13 24
14 18
14 23
15 17
15 22
15 27
16 21
17 23
18 22
19 24
20 21
21 25
22 26
23 26
24 25
28 29
