# First value is number of nodes (N)
38 
# Next N numbers describe the node locations
187 193
323 134
300 149
186 230
281 194
216 248
261 79
156 176
213 48
19 63
33 156
49 162
28 186
14 97
56 174
41 110
136 56
17 43
51 51
105 33
110 88
210 12
185 40
148 36
176 26
298 169
72 219
174 257
282 31
64 222
158 199
304 233
183 205
183 242
350 124
332 153
310 176
324 81
# Remaining lines are the edges.
# The first value is the source node index.
# The second value is the target node index.
0 1
0 2
0 3
1 35
1 37
2 34
2 36
3 32
3 33
4 5
4 25
4 31
5 26
5 27
6 7
6 8
6 25
7 22
7 24
8 21
8 23
9 10
9 11
9 18
10 13
10 14
11 12
11 15
12 13
12 16
13 17
14 16
14 29
15 17
15 30
16 20
17 19
18 19
18 20
19 24
20 23
21 24
21 28
22 23
22 28
25 36
26 30
26 33
27 29
27 32
28 37
29 33
30 32
31 34
31 35
34 37
35 36
