# First value is number of nodes (N)
38 
# Next N numbers describe the node locations
208 167
264 161
271 188
141 202
291 56
233 43
248 68
52 118
60 40
151 203
78 198
57 201
12 217
21 197
59 151
83 111
8 158
62 54
49 55
27 93
18 84
93 94
134 26
191 154
180 8
163 234
101 88
76 241
218 205
194 51
203 135
313 111
189 123
187 199
277 126
307 166
280 216
209 156
# Remaining lines are the edges.
# The first value is the source node index.
# The second value is the target node index.
0 1
0 2
0 3
1 35
1 37
2 34
2 36
3 32
3 33
4 5
4 6
4 31
5 24
5 30
6 23
6 29
7 19
7 21
7 22
8 18
8 20
8 22
9 11
9 13
9 25
10 13
10 14
10 27
11 12
11 14
12 16
12 27
13 16
14 15
15 21
15 26
16 20
17 18
17 19
17 26
18 21
19 20
22 24
23 28
23 30
24 29
25 28
25 33
26 37
27 33
28 36
29 32
30 32
31 34
31 35
34 37
35 36
