# First value is number of nodes (N)
34 
# Next N numbers describe the node locations
36 356
86 328
94 350
35 301
173 218
223 195
221 119
249 118
16 121
8 49
39 82
46 52
45 38
91 179
52 8
79 40
53 65
172 177
118 8
202 65
193 127
159 71
235 126
205 98
194 21
135 210
41 183
165 265
52 250
196 298
124 289
76 317
67 300
107 373
# Remaining lines are the edges.
# The first value is the source node index.
# The second value is the target node index.
0 1
0 2
0 3
1 30
1 33
2 29
2 31
3 28
3 32
4 5
4 25
4 27
5 6
5 7
6 21
6 23
7 22
7 24
8 9
8 10
8 26
9 11
9 14
10 12
10 15
11 15
11 16
12 14
12 16
13 17
13 25
13 26
14 18
15 18
16 17
17 20
18 19
19 23
19 24
20 21
20 22
21 24
22 23
25 30
26 28
27 28
27 29
29 33
30 31
31 32
32 33
