# First value is number of nodes (N)
38 
# Next N numbers describe the node locations
199 347
199 332
235 333
189 281
249 164
155 151
284 164
46 296
8 184
31 171
150 14
92 16
120 48
131 95
138 115
110 33
69 116
81 174
48 156
39 69
83 65
173 56
138 69
139 169
153 60
270 127
157 189
113 206
66 300
217 114
253 204
240 243
172 239
265 278
85 342
206 262
256 287
201 345
# Remaining lines are the edges.
# The first value is the source node index.
# The second value is the target node index.
0 1
0 2
0 3
1 34
1 35
2 33
2 37
3 32
3 36
4 5
4 6
4 31
5 26
5 29
6 25
6 30
7 8
7 9
7 28
8 17
8 19
9 16
9 18
10 11
10 12
10 22
11 13
11 21
12 14
12 20
13 15
13 20
14 18
14 21
15 19
15 22
16 19
16 27
17 18
17 27
20 23
21 24
22 24
23 26
23 28
24 25
25 29
26 30
27 32
28 34
29 35
30 33
31 32
31 33
34 37
35 36
36 37
