# First value is number of nodes (N)
34 
# Next N numbers describe the node locations
103 173
57 197
176 204
115 311
258 16
286 39
310 41
136 13
316 68
291 61
142 38
75 8
195 32
304 113
328 96
90 118
54 32
19 27
180 34
71 68
200 73
104 166
54 79
280 136
104 318
109 278
52 227
62 305
100 319
104 196
47 257
257 264
222 158
30 138
# Remaining lines are the edges.
# The first value is the source node index.
# The second value is the target node index.
0 1
0 2
0 3
1 30
1 33
2 31
2 32
3 28
3 29
4 5
4 6
4 12
5 8
5 13
6 9
6 14
7 10
7 11
7 12
8 14
8 15
9 13
9 15
10 16
10 18
11 17
11 19
12 20
13 23
14 23
15 20
16 17
16 21
17 22
18 19
18 22
19 21
20 32
21 33
22 33
23 32
24 26
24 28
24 31
25 27
25 29
25 31
26 29
26 30
27 28
27 30
