# First value is number of nodes (N)
34 
# Next N numbers describe the node locations
238 344
205 277
286 322
111 340
225 98
250 64
269 48
87 143
39 101
80 146
9 102
39 102
35 159
19 178
109 28
119 107
109 18
150 28
164 8
134 93
157 10
57 199
104 128
173 166
55 71
137 194
171 205
107 131
145 258
264 265
238 213
259 167
190 274
185 306
# Remaining lines are the edges.
# The first value is the source node index.
# The second value is the target node index.
0 1
0 2
0 3
1 30
1 33
2 29
2 31
3 28
3 32
4 5
4 6
4 23
5 17
5 19
6 18
6 20
7 8
7 9
7 22
8 10
8 12
9 11
9 13
10 13
10 14
11 12
11 14
12 21
13 21
14 16
15 19
15 20
15 22
16 17
16 18
17 20
18 19
21 27
22 26
23 24
23 25
24 27
24 30
25 26
25 29
26 28
27 28
29 33
30 31
31 32
32 33
