# First value is number of nodes (N)
34 
# Next N numbers describe the node locations
268 266
110 228
313 205
207 140
287 23
323 62
297 78
347 26
287 25
357 64
376 83
343 58
253 42
197 82
24 138
45 137
270 131
66 90
194 58
333 213
21 144
73 122
48 144
33 248
314 201
48 231
130 80
82 145
130 133
246 232
124 197
203 249
223 209
73 148
# Remaining lines are the edges.
# The first value is the source node index.
# The second value is the target node index.
0 1
0 2
0 3
1 30
1 33
2 29
2 31
3 28
3 32
4 6
4 7
4 12
5 8
5 9
5 13
6 8
6 10
7 9
7 11
8 11
9 10
10 19
11 19
12 16
12 18
13 16
13 18
14 17
14 20
14 22
15 17
15 21
15 23
16 24
17 26
18 26
19 24
20 23
20 27
21 22
21 27
22 25
23 25
24 29
25 30
26 28
27 28
29 33
30 31
31 32
32 33
