# First value is number of nodes (N)
34 
# Next N numbers describe the node locations
151 337
61 393
146 335
189 395
147 25
225 147
135 60
44 127
19 72
78 82
58 79
65 28
50 31
88 40
68 29
83 173
234 239
225 84
32 121
158 298
274 235
122 130
45 178
77 171
238 250
280 240
121 309
256 288
176 338
88 303
86 314
141 403
57 401
205 308
# Remaining lines are the edges.
# The first value is the source node index.
# The second value is the target node index.
0 1
0 2
0 3
1 29
1 32
2 30
2 33
3 28
3 31
4 5
4 6
4 21
5 19
5 20
6 13
6 14
7 9
7 11
7 18
8 10
8 12
8 18
9 10
9 13
10 14
11 12
11 14
12 13
15 16
15 17
15 23
16 19
16 24
17 20
17 25
18 22
19 25
20 24
21 22
21 23
22 26
23 26
24 27
25 27
26 29
27 28
28 33
29 30
30 31
31 32
32 33
