# First value is number of nodes (N)
38 
# Next N numbers describe the node locations
137 172
83 194
90 204
108 252
173 13
89 27
104 178
17 92
64 70
40 29
106 8
87 68
259 26
61 73
75 42
186 105
127 27
214 177
8 164
253 131
273 122
174 58
82 100
276 225
239 242
40 204
9 226
245 200
220 216
65 202
52 226
30 273
214 94
101 155
28 157
114 258
217 269
130 219
# Remaining lines are the edges.
# The first value is the source node index.
# The second value is the target node index.
0 1
0 2
0 3
1 32
1 33
2 34
2 37
3 35
3 36
4 10
4 12
4 16
5 6
5 16
5 17
6 11
6 15
7 8
7 9
7 18
8 11
8 14
9 10
9 13
10 14
11 13
12 15
12 20
13 22
14 22
15 21
16 21
17 27
17 28
18 25
18 26
19 20
19 23
19 24
20 32
21 32
22 33
23 28
23 37
24 27
24 36
25 31
25 34
26 30
26 35
27 37
28 36
29 30
29 31
29 33
30 34
31 35
