# First value is number of nodes (N)
28 
# Next N numbers describe the node locations
236 261
248 235
268 246
185 251
286 74
249 131
241 68
303 49
89 39
31 8
15 43
34 56
86 18
190 59
323 98
352 191
330 79
342 146
129 56
45 89
99 106
271 167
201 185
132 158
162 194
170 183
326 235
269 208
# Remaining lines are the edges.
# The first value is the source node index.
# The second value is the target node index.
0 1
0 2
0 3
1 26
1 27
2 26
2 27
3 24
3 25
4 6
4 7
4 14
5 6
5 7
5 27
6 13
7 13
8 10
8 11
8 12
9 10
9 11
9 12
10 19
11 19
12 18
13 18
14 16
14 17
15 16
15 17
15 26
16 21
17 21
18 20
19 20
20 23
21 22
22 24
22 25
23 24
23 25
