# First value is number of nodes (N)
38 
# Next N numbers describe the node locations
185 307
115 333
220 336
211 298
255 132
11 345
50 29
92 21
78 38
122 45
78 49
76 45
133 75
160 99
190 163
152 114
203 150
187 159
227 81
23 116
79 112
92 227
29 196
38 203
62 150
9 157
14 217
37 209
114 253
170 241
240 199
185 352
159 344
36 255
232 358
261 321
264 263
197 276
# Remaining lines are the edges.
# The first value is the source node index.
# The second value is the target node index.
0 1
0 2
0 3
1 32
1 33
2 35
2 37
3 34
3 36
4 16
4 18
4 30
5 15
5 17
5 30
6 7
6 8
6 10
7 9
7 11
8 12
8 19
9 12
9 20
10 13
10 20
11 13
11 19
12 18
13 17
14 15
14 16
14 29
15 18
16 17
19 25
20 24
21 22
21 23
21 28
22 25
22 27
23 24
23 26
24 27
25 26
26 33
27 33
28 29
28 32
29 37
30 36
31 32
31 34
31 35
34 37
35 36
