# First value is number of nodes (N)
32 
# Next N numbers describe the node locations
38 190
22 225
19 147
105 158
60 138
111 243
98 126
230 192
153 201
283 230
292 173
252 200
246 253
200 255
219 191
132 261
223 223
238 137
46 47
165 105
195 17
196 80
216 69
136 8
137 66
118 29
176 71
27 23
112 189
74 247
68 151
19 155
# Remaining lines are the edges.
# The first value is the source node index.
# The second value is the target node index.
0 1
0 2
0 3
1 29
1 31
2 27
2 31
3 28
3 30
4 5
4 6
4 31
5 29
5 30
6 25
6 26
7 11
7 14
7 19
8 14
8 16
8 17
9 10
9 12
9 16
10 11
10 17
11 12
12 13
13 14
13 15
15 28
15 29
16 28
17 22
18 23
18 24
18 27
19 21
19 24
20 21
20 22
20 23
21 26
22 26
23 25
24 25
27 30
