# First value is number of nodes (N)
30 
# Next N numbers describe the node locations
149 261
179 223
129 283
116 274
181 47
131 18
77 8
50 28
8 69
99 70
75 41
145 64
117 60
51 58
22 123
210 99
170 111
198 173
48 178
99 131
112 175
154 162
207 214
67 233
104 229
134 191
47 293
204 282
180 314
121 314
# Remaining lines are the edges.
# The first value is the source node index.
# The second value is the target node index.
0 1
0 2
0 3
1 25
1 28
2 26
2 27
3 24
3 29
4 5
4 11
4 15
5 6
5 12
6 7
6 13
7 8
7 10
8 13
8 14
9 10
9 12
9 14
10 11
11 16
12 19
13 19
14 18
15 16
15 17
16 21
17 21
17 22
18 20
18 23
19 20
20 25
21 24
22 25
22 27
23 24
23 26
26 29
27 28
28 29
