# First value is number of nodes (N)
32 
# Next N numbers describe the node locations
195 118
210 93
176 163
165 56
331 120
363 71
228 92
316 58
8 86
50 93
264 63
316 110
352 50
358 129
42 82
47 126
53 170
43 41
303 155
281 13
98 124
66 46
137 111
146 71
244 141
256 38
241 24
225 150
227 8
242 178
101 28
111 171
# Remaining lines are the edges.
# The first value is the source node index.
# The second value is the target node index.
0 1
0 2
0 3
1 26
1 27
2 29
2 31
3 28
3 30
4 6
4 12
4 13
5 7
5 12
5 13
6 10
6 24
7 11
7 25
8 9
8 15
8 17
9 14
9 16
10 11
10 19
11 18
12 19
13 18
14 17
14 21
15 16
15 20
16 31
17 30
18 29
19 28
20 23
20 31
21 22
21 30
22 23
22 27
23 26
24 27
24 29
25 26
25 28
