# First value is number of nodes (N)
30 
# Next N numbers describe the node locations
186 186
310 163
218 234
153 145
327 114
47 109
76 28
228 84
159 65
103 73
204 23
255 48
313 58
272 138
53 121
8 127
93 70
47 8
51 146
64 72
256 62
276 85
220 142
313 173
158 220
211 100
280 179
268 222
248 124
229 189
# Remaining lines are the edges.
# The first value is the source node index.
# The second value is the target node index.
0 1
0 2
0 3
1 26
1 28
2 27
2 29
3 24
3 25
4 12
4 13
4 23
5 9
5 14
5 15
6 9
6 16
6 17
7 8
7 10
7 11
8 9
8 22
10 12
10 20
11 13
11 21
12 21
13 20
14 15
14 18
15 18
16 17
16 19
17 19
18 24
19 24
20 25
21 25
22 28
22 29
23 26
23 27
26 29
27 28
