# First value is number of nodes (N)
38 
# Next N numbers describe the node locations
209 275
137 288
267 268
208 232
252 71
235 44
269 31
263 54
248 73
135 8
214 34
168 117
132 16
100 92
68 9
63 8
33 48
30 62
56 46
107 72
121 129
20 95
170 156
49 225
36 191
45 147
75 220
23 215
271 96
185 140
90 228
249 245
138 249
73 272
251 221
267 226
196 170
271 196
# Remaining lines are the edges.
# The first value is the source node index.
# The second value is the target node index.
0 1
0 2
0 3
1 32
1 33
2 35
2 37
3 34
3 36
4 5
4 6
4 29
5 8
5 10
6 7
6 9
7 10
7 28
8 9
8 28
9 12
10 11
11 19
11 29
12 15
12 18
13 14
13 16
13 19
14 17
14 18
15 16
15 17
16 21
17 20
18 21
19 20
20 25
21 24
22 25
22 27
22 30
23 24
23 26
23 30
24 27
25 26
26 33
27 33
28 37
29 36
30 32
31 32
31 34
31 35
34 37
35 36
