# First value is number of nodes (N)
34 
# Next N numbers describe the node locations
38 203
41 246
169 268
160 214
171 106
93 16
110 8
26 8
37 46
47 46
121 100
82 73
24 22
190 208
25 119
214 155
187 368
220 312
120 391
46 298
74 103
15 115
171 152
249 200
224 274
229 275
58 370
72 338
35 310
87 362
94 347
13 220
221 242
195 226
# Remaining lines are the edges.
# The first value is the source node index.
# The second value is the target node index.
0 1
0 2
0 3
1 28
1 31
2 32
2 33
3 29
3 30
4 6
4 10
4 15
5 6
5 7
5 8
6 14
7 9
7 12
8 9
8 12
9 11
10 11
10 13
11 20
12 21
13 14
13 21
14 20
15 22
15 23
16 17
16 18
16 19
17 24
17 25
18 26
18 29
19 27
19 30
20 31
21 31
22 24
22 32
23 25
23 33
24 33
25 32
26 28
26 30
27 28
27 29
