# First value is number of nodes (N)
30 
# Next N numbers describe the node locations
178 229
248 232
115 202
198 188
203 184
255 108
71 115
9 85
57 44
23 60
107 8
152 43
87 105
96 46
52 8
306 201
212 150
274 147
142 93
83 131
26 140
203 92
113 122
289 200
263 217
159 141
188 178
71 176
228 191
283 247
# Remaining lines are the edges.
# The first value is the source node index.
# The second value is the target node index.
0 1
0 2
0 3
1 24
1 29
2 25
2 27
3 26
3 28
4 15
4 16
4 23
5 16
5 17
5 21
6 9
6 20
6 22
7 8
7 9
7 20
8 13
8 14
9 14
10 11
10 13
10 14
11 12
11 21
12 18
12 19
13 18
15 17
15 29
16 25
17 24
18 25
19 22
19 27
20 27
21 26
22 26
23 24
23 28
28 29
