# First value is number of nodes (N)
38 
# Next N numbers describe the node locations
244 270
158 209
155 282
237 220
223 218
111 140
99 54
126 94
127 130
155 20
220 9
191 41
209 41
220 42
117 116
59 126
273 40
277 126
77 148
17 156
47 195
32 183
306 157
324 129
334 125
221 74
56 276
111 180
337 191
361 161
115 261
218 213
155 178
91 258
359 244
309 156
187 258
143 247
# Remaining lines are the edges.
# The first value is the source node index.
# The second value is the target node index.
0 1
0 2
0 3
1 32
1 37
2 33
2 36
3 34
3 35
4 22
4 23
4 31
5 7
5 14
5 30
6 7
6 9
6 15
7 8
8 12
8 13
9 10
9 11
10 13
10 16
11 12
11 17
12 16
13 17
14 20
14 21
15 18
15 19
16 24
17 25
18 21
18 27
19 20
19 26
20 27
21 26
22 25
22 28
23 24
23 29
24 35
25 34
26 33
27 32
28 29
28 35
29 34
30 33
30 37
31 32
31 36
36 37
