# First value is number of nodes (N)
32 
# Next N numbers describe the node locations
164 293
100 283
209 302
174 210
228 142
97 114
97 56
75 57
12 19
64 9
29 67
135 15
157 42
74 141
19 26
67 19
197 89
99 181
44 125
99 194
151 78
47 204
265 193
207 155
281 249
190 264
15 242
199 247
260 298
111 189
215 204
241 235
# Remaining lines are the edges.
# The first value is the source node index.
# The second value is the target node index.
0 1
0 2
0 3
1 26
1 29
2 28
2 31
3 27
3 30
4 16
4 22
4 23
5 17
5 18
5 23
6 9
6 10
6 20
7 10
7 11
7 15
8 9
8 14
8 15
9 11
10 14
11 12
12 16
12 19
13 18
13 19
13 21
14 18
15 17
16 20
17 21
19 29
20 29
21 26
22 24
22 27
23 30
24 28
24 31
25 26
25 27
25 28
30 31
