# First value is number of nodes (N)
36 
# Next N numbers describe the node locations
172 267
119 285
148 171
193 276
227 117
217 81
130 8
146 43
204 102
126 134
91 34
16 18
194 116
97 63
229 162
44 160
80 89
38 96
39 146
14 106
37 213
24 123
38 193
33 209
130 136
115 40
139 101
75 176
117 98
233 186
61 277
157 144
95 189
192 213
156 212
102 236
# Remaining lines are the edges.
# The first value is the source node index.
# The second value is the target node index.
0 1
0 2
0 3
1 30
1 35
2 32
2 34
3 31
3 33
4 5
4 8
4 29
5 7
5 12
6 7
6 10
6 11
7 13
8 15
8 24
9 15
9 27
9 28
10 17
10 25
11 16
11 26
12 14
12 24
13 16
13 25
14 20
14 29
15 18
16 21
17 19
17 27
18 19
18 22
19 23
20 21
20 23
21 22
22 30
23 30
24 32
25 31
26 28
26 31
27 32
28 34
29 33
33 35
34 35
