# First value is number of nodes (N)
28 
# Next N numbers describe the node locations
205 157
184 74
155 132
260 137
357 107
74 176
20 233
73 87
39 190
73 237
49 156
491 152
435 100
463 83
380 104
455 105
445 8
448 60
430 109
380 207
391 88
277 11
374 153
317 119
315 158
294 89
119 205
99 155
# Remaining lines are the edges.
# The first value is the source node index.
# The second value is the target node index.
0 1
0 2
0 3
1 26
1 27
2 26
2 27
3 24
3 25
4 21
4 22
4 23
5 7
5 8
5 9
6 7
6 8
6 9
7 10
8 10
9 26
10 27
11 13
11 15
11 18
12 14
12 15
12 18
13 16
13 17
14 16
14 17
15 19
16 20
17 20
18 19
19 22
20 21
21 25
22 24
23 24
23 25
