# First value is number of nodes (N)
32 
# Next N numbers describe the node locations
227 322
182 326
184 350
227 265
144 190
99 87
112 179
17 38
9 99
37 71
70 134
66 9
58 161
105 243
55 75
110 22
101 61
75 102
74 269
16 158
62 197
90 188
154 143
31 255
200 22
106 316
183 147
207 166
219 32
177 320
216 265
158 331
# Remaining lines are the edges.
# The first value is the source node index.
# The second value is the target node index.
0 1
0 2
0 3
1 30
1 31
2 29
2 31
3 28
3 30
4 5
4 6
4 27
5 22
5 24
6 21
6 23
7 8
7 9
7 11
8 14
8 19
9 10
9 15
10 12
10 17
11 15
11 16
12 19
12 20
13 18
13 20
13 30
14 16
14 17
15 24
16 22
17 24
18 23
18 25
19 23
20 21
21 26
22 26
25 29
25 31
26 28
27 28
27 29
