# First value is number of nodes (N)
32 
# Next N numbers describe the node locations
207 256
258 273
276 249
161 221
323 188
264 153
208 198
267 77
265 172
221 118
190 56
138 189
72 168
228 82
176 107
104 150
75 8
64 56
134 22
54 43
22 35
37 35
49 213
143 27
139 143
292 21
160 164
294 206
190 177
119 210
252 214
311 246
# Remaining lines are the edges.
# The first value is the source node index.
# The second value is the target node index.
0 1
0 2
0 3
1 30
1 31
2 27
2 31
3 28
3 29
4 5
4 27
4 31
5 6
5 7
6 26
6 30
7 24
7 25
8 9
8 27
8 30
9 10
9 28
10 18
10 25
11 17
11 26
11 29
12 14
12 22
12 29
13 14
13 15
13 25
14 23
15 21
15 22
16 18
16 19
16 20
17 19
17 23
18 23
19 21
20 21
20 22
24 26
24 28
