# First value is number of nodes (N)
32 
# Next N numbers describe the node locations
242 262
57 278
104 203
195 213
110 223
133 168
105 152
183 109
179 88
261 109
22 100
58 56
8 51
252 53
201 50
226 31
160 23
99 85
72 126
77 35
42 79
97 87
43 8
96 9
224 79
173 60
39 168
17 244
88 191
236 165
96 171
44 220
# Remaining lines are the edges.
# The first value is the source node index.
# The second value is the target node index.
0 1
0 2
0 3
1 27
1 31
2 28
2 31
3 29
3 30
4 5
4 27
4 31
5 6
5 7
6 26
6 30
7 24
7 25
8 14
8 25
8 29
9 13
9 24
9 29
10 11
10 12
10 26
11 21
11 23
12 20
12 22
13 14
13 15
14 17
15 16
15 24
16 23
16 25
17 19
17 21
18 20
18 21
18 28
19 20
19 22
22 23
26 27
28 30
