# First value is number of nodes (N)
36 
# Next N numbers describe the node locations
147 215
148 176
89 215
231 199
193 92
204 73
158 78
243 44
191 52
49 60
60 81
260 85
36 23
29 44
79 50
253 43
151 12
249 19
109 38
205 30
255 132
77 187
223 260
22 101
233 220
268 168
275 218
120 138
217 135
51 196
167 195
88 183
242 198
234 225
98 266
147 224
# Remaining lines are the edges.
# The first value is the source node index.
# The second value is the target node index.
0 1
0 2
0 3
1 30
1 35
2 31
2 34
3 32
3 33
4 5
4 6
4 21
5 20
5 28
6 18
6 19
7 17
7 19
7 20
8 15
8 16
8 20
9 12
9 14
9 27
10 13
10 18
10 27
11 15
11 17
11 25
12 13
12 16
13 23
14 18
14 23
15 19
16 17
21 29
21 31
22 24
22 26
22 35
23 31
24 28
24 33
25 26
25 33
26 32
27 30
28 32
29 30
29 34
34 35
