# First value is number of nodes (N)
32 
# Next N numbers describe the node locations
151 136
188 138
163 48
90 123
211 143
101 106
175 108
94 90
98 58
139 68
144 29
60 151
111 164
19 195
36 180
113 181
205 72
113 53
40 68
179 30
64 179
102 138
147 217
146 176
187 200
79 123
177 170
172 214
78 152
197 175
207 48
63 27
# Remaining lines are the edges.
# The first value is the source node index.
# The second value is the target node index.
0 1
0 2
0 3
1 26
1 27
2 30
2 31
3 28
3 29
4 6
4 16
4 24
5 7
5 17
5 25
6 7
6 19
7 18
8 9
8 11
8 17
9 10
9 16
10 12
10 19
11 13
11 18
12 15
12 21
13 14
13 20
14 21
14 23
15 20
15 22
16 30
17 31
18 31
19 30
20 29
21 28
22 23
22 27
23 26
24 27
24 29
25 26
25 28
