# First value is number of nodes (N)
38 
# Next N numbers describe the node locations
154 271
151 249
105 199
242 240
297 252
14 253
22 213
236 98
288 70
209 63
278 68
209 26
242 53
294 98
194 26
143 23
162 112
147 114
155 89
67 87
143 135
56 169
27 140
39 252
312 219
208 167
238 157
316 187
186 156
57 162
54 234
224 277
188 175
84 230
243 263
286 195
155 273
105 279
# Remaining lines are the edges.
# The first value is the source node index.
# The second value is the target node index.
0 1
0 2
0 3
1 32
1 37
2 33
2 36
3 34
3 35
4 24
4 25
4 31
5 22
5 23
5 30
6 21
6 23
6 29
7 8
7 9
7 28
8 13
8 27
9 12
9 15
10 11
10 13
10 14
11 15
11 16
12 14
12 16
13 26
14 18
15 18
16 17
17 20
17 28
18 19
19 20
19 22
20 21
21 30
22 29
23 37
24 27
24 35
25 26
25 34
26 35
27 34
28 32
29 33
30 33
31 32
31 36
36 37
