# First value is number of nodes (N)
34 
# Next N numbers describe the node locations
166 328
223 352
41 197
137 298
212 184
189 162
206 75
33 87
66 68
117 47
108 31
70 21
161 8
94 65
51 190
134 159
142 120
167 77
143 125
39 167
67 363
21 232
87 261
26 300
22 350
54 313
228 248
175 370
62 296
54 321
141 333
187 334
239 305
167 307
# Remaining lines are the edges.
# The first value is the source node index.
# The second value is the target node index.
0 1
0 2
0 3
1 30
1 32
2 31
2 33
3 28
3 29
4 5
4 6
4 26
5 16
5 18
6 15
6 17
7 8
7 9
7 19
8 11
8 12
9 10
9 13
10 11
10 12
11 13
12 17
13 18
14 15
14 16
14 19
15 18
16 17
19 21
20 24
20 25
20 27
21 22
21 23
22 24
22 28
23 25
23 29
24 29
25 28
26 32
26 33
27 30
27 31
30 33
31 32
