# First value is number of nodes (N)
32 
# Next N numbers describe the node locations
30 316
200 330
124 240
140 250
153 199
189 135
120 146
83 127
228 77
58 110
53 58
93 17
19 147
8 98
68 51
22 45
102 151
85 63
130 107
139 227
70 149
218 191
243 190
131 216
38 214
213 232
161 301
227 294
250 301
157 229
41 141
101 243
# Remaining lines are the edges.
# The first value is the source node index.
# The second value is the target node index.
0 1
0 2
0 3
1 27
1 28
2 26
2 31
3 29
3 30
4 5
4 6
4 19
5 18
5 21
6 16
6 17
7 12
7 16
7 18
8 14
8 15
8 18
9 13
9 14
9 20
10 13
10 15
10 17
11 14
11 15
11 17
12 13
12 24
16 20
19 23
19 27
20 30
21 22
21 29
22 26
22 28
23 29
23 31
24 30
24 31
25 26
25 27
25 28
