# First value is number of nodes (N)
34 
# Next N numbers describe the node locations
178 299
129 324
122 233
198 259
270 84
295 40
223 53
205 178
262 91
296 82
296 87
331 84
132 11
198 56
131 203
85 165
62 137
290 127
293 118
151 77
55 168
64 208
22 213
24 152
120 125
39 296
297 122
65 248
175 211
154 224
73 309
118 295
161 291
122 250
# Remaining lines are the edges.
# The first value is the source node index.
# The second value is the target node index.
0 1
0 2
0 3
1 30
1 33
2 29
2 31
3 28
3 32
4 6
4 8
4 9
5 7
5 10
5 11
6 12
6 13
7 12
7 13
8 10
8 17
9 11
9 18
10 18
11 17
12 19
13 19
14 16
14 20
14 22
15 16
15 21
15 23
16 24
17 26
18 26
19 24
20 23
20 27
21 22
21 27
22 25
23 25
24 29
25 30
26 28
27 28
29 33
30 31
31 32
32 33
