# First value is number of nodes (N)
32 
# Next N numbers describe the node locations
180 106
215 88
152 86
171 162
326 109
55 69
338 159
75 108
16 133
307 168
280 139
305 218
24 224
111 86
314 202
58 163
29 152
273 167
60 203
278 241
256 200
169 212
190 243
126 233
159 37
261 53
193 209
208 202
214 25
190 53
163 29
133 23
# Remaining lines are the edges.
# The first value is the source node index.
# The second value is the target node index.
0 1
0 2
0 3
1 28
1 30
2 29
2 31
3 26
3 27
4 6
4 9
4 25
5 7
5 8
5 24
6 10
6 14
7 12
7 15
8 13
8 16
9 11
9 17
10 17
10 19
11 14
11 19
12 16
12 18
13 15
13 18
14 20
15 21
16 21
17 20
18 23
19 22
20 27
21 26
22 23
22 27
23 26
24 30
24 31
25 28
25 29
28 31
29 30
