# First value is number of nodes (N)
36 
# Next N numbers describe the node locations
179 228
183 201
86 190
239 162
174 57
130 147
12 102
185 98
62 182
191 135
46 149
234 120
122 73
23 182
50 48
25 157
168 8
158 23
205 79
87 41
79 99
142 18
157 79
159 92
26 247
8 170
221 133
252 94
200 182
119 239
173 206
246 163
55 220
161 257
108 194
175 225
# Remaining lines are the edges.
# The first value is the source node index.
# The second value is the target node index.
0 1
0 2
0 3
1 30
1 35
2 32
2 34
3 31
3 33
4 7
4 16
4 27
5 12
5 24
5 26
6 14
6 15
6 25
7 11
7 28
8 10
8 15
8 29
9 10
9 17
9 28
10 13
11 18
11 26
12 14
12 19
13 20
13 25
14 21
15 20
16 17
16 21
17 19
18 23
18 27
19 22
20 23
21 22
22 30
23 30
24 29
24 32
25 32
26 31
27 31
28 34
29 33
33 35
34 35
