# First value is number of nodes (N)
32 
# Next N numbers describe the node locations
125 227
218 251
182 233
34 216
243 141
264 45
101 23
90 24
46 8
241 116
276 96
149 132
231 81
209 29
45 64
95 63
126 79
273 149
139 109
86 79
107 77
8 50
104 117
24 116
140 141
160 186
92 137
272 234
93 238
103 168
93 248
150 283
# Remaining lines are the edges.
# The first value is the source node index.
# The second value is the target node index.
0 1
0 2
0 3
1 28
1 31
2 27
2 29
3 26
3 30
4 9
4 11
4 13
5 10
5 12
5 13
6 7
6 8
6 16
7 14
7 20
8 15
8 21
9 12
9 17
10 11
10 17
11 18
12 18
13 16
14 19
14 21
15 19
15 20
16 24
17 25
18 22
19 22
20 23
21 23
22 28
23 26
24 25
24 26
25 27
27 31
28 29
29 30
30 31
