# First value is number of nodes (N)
32 
# Next N numbers describe the node locations
89 328
149 349
101 318
43 282
221 112
191 73
187 58
160 37
166 31
155 31
153 85
199 281
216 238
201 256
209 104
111 22
58 217
70 68
33 160
49 214
34 218
67 184
48 222
9 198
213 302
192 272
9 234
50 234
164 290
202 343
173 346
146 302
# Remaining lines are the edges.
# The first value is the source node index.
# The second value is the target node index.
0 1
0 2
0 3
1 28
1 30
2 29
2 31
3 26
3 27
4 5
4 6
4 11
5 7
5 9
6 8
6 10
7 8
7 14
8 15
9 10
9 15
10 14
11 12
11 13
12 16
12 24
13 16
13 25
14 17
15 17
16 19
17 18
18 22
18 23
19 20
19 21
20 22
20 26
21 23
21 27
22 27
23 26
24 28
24 29
25 30
25 31
28 31
29 30
