# First value is number of nodes (N)
38 
# Next N numbers describe the node locations
174 220
205 306
145 237
119 199
247 89
238 118
256 172
227 156
193 59
239 8
128 96
218 89
62 92
189 21
148 141
174 86
40 259
70 21
112 11
95 26
30 200
39 219
19 126
143 37
200 103
178 34
95 83
34 140
67 198
96 70
252 207
107 296
159 249
16 68
98 250
137 269
114 245
158 292
# Remaining lines are the edges.
# The first value is the source node index.
# The second value is the target node index.
0 1
0 2
0 3
1 32
1 37
2 34
2 36
3 33
3 35
4 5
4 7
4 11
5 8
5 9
6 7
6 9
6 30
7 15
8 10
8 15
9 13
10 12
10 14
11 13
11 14
12 17
12 22
13 25
14 24
15 23
16 20
16 21
16 31
17 18
17 19
18 25
18 29
19 23
19 26
20 22
20 28
21 24
21 27
22 27
23 29
24 28
25 26
26 33
27 34
28 34
29 33
30 32
30 36
31 32
31 35
35 37
36 37
