# First value is number of nodes (N)
38 
# Next N numbers describe the node locations
154 177
199 280
219 213
255 228
229 196
232 196
222 170
293 49
15 24
56 105
62 112
59 224
57 173
89 90
102 237
15 161
75 126
14 130
177 80
92 85
139 16
27 26
181 31
300 74
256 120
293 28
228 46
174 271
197 142
124 220
305 142
287 223
304 238
167 200
279 260
242 241
293 140
249 229
# Remaining lines are the edges.
# The first value is the source node index.
# The second value is the target node index.
0 1
0 2
0 3
1 34
1 35
2 33
2 37
3 32
3 36
4 5
4 28
4 31
5 6
5 7
6 24
6 26
7 23
7 25
8 9
8 10
8 20
9 17
9 19
10 15
10 16
11 12
11 15
11 27
12 16
12 17
13 14
13 15
13 17
14 16
14 29
18 19
18 22
18 28
19 21
20 21
20 22
21 26
22 25
23 26
23 30
24 25
24 30
27 29
27 35
28 33
29 33
30 32
31 32
31 34
34 37
35 36
36 37
