# First value is number of nodes (N)
30 
# Next N numbers describe the node locations
194 324
332 342
256 385
85 409
301 307
45 97
8 108
108 28
92 13
39 124
96 17
58 87
166 54
120 91
75 338
126 165
161 135
231 107
219 242
240 211
171 210
193 207
352 305
293 371
244 259
209 226
377 353
324 332
296 414
287 396
# Remaining lines are the edges.
# The first value is the source node index.
# The second value is the target node index.
0 1
0 2
0 3
1 26
1 27
2 28
2 29
3 24
3 25
4 17
4 22
4 23
5 6
5 9
5 11
6 9
6 11
7 8
7 10
7 12
8 10
8 12
9 14
10 14
11 13
12 13
13 16
14 15
15 16
15 20
16 21
17 18
17 19
18 20
18 25
19 21
19 24
20 24
21 25
22 26
22 27
23 28
23 29
26 27
28 29
