# First value is number of nodes (N)
36 
# Next N numbers describe the node locations
210 263
224 283
148 293
183 246
236 175
290 72
201 161
225 89
248 76
211 61
26 225
33 202
152 121
177 83
123 163
56 132
23 102
11 137
107 28
233 14
225 50
166 17
208 58
173 93
263 45
134 152
90 228
69 258
281 118
199 185
266 194
93 258
265 290
151 168
133 155
205 307
# Remaining lines are the edges.
# The first value is the source node index.
# The second value is the target node index.
0 1
0 2
0 3
1 32
1 33
2 31
2 35
3 30
3 34
4 5
4 6
4 29
5 24
5 28
6 23
6 25
7 8
7 9
7 28
8 20
8 22
9 19
9 21
10 14
10 17
10 27
11 15
11 16
11 27
12 15
12 17
12 26
13 16
13 18
13 23
14 15
14 18
16 17
18 21
19 22
19 24
20 21
20 24
22 23
25 26
25 33
26 31
27 31
28 30
29 30
29 32
32 35
33 34
34 35
