# First value is number of nodes (N)
28 
# Next N numbers describe the node locations
117 366
100 315
129 406
79 408
73 50
44 26
69 155
89 8
127 48
23 60
8 119
153 103
62 157
111 152
27 140
160 156
142 144
29 164
44 219
124 363
103 482
131 514
84 514
107 488
148 462
61 388
95 250
87 368
# Remaining lines are the edges.
# The first value is the source node index.
# The second value is the target node index.
0 1
0 2
0 3
1 26
1 27
2 24
2 27
3 25
3 27
4 6
4 7
4 9
5 6
5 7
5 9
6 8
7 8
8 11
9 10
10 14
10 17
11 15
11 16
12 13
12 14
12 17
13 15
13 16
14 18
15 19
16 19
17 18
18 26
19 26
20 22
20 23
20 24
21 22
21 23
21 24
22 25
23 25
