# First value is number of nodes (N)
38 
# Next N numbers describe the node locations
143 201
110 232
164 214
185 282
199 73
232 36
132 21
241 8
207 14
244 44
128 151
147 93
294 174
292 171
251 237
248 99
34 169
77 128
135 125
85 23
27 94
84 99
146 195
65 127
8 88
71 73
146 134
12 91
290 220
272 277
21 201
123 308
67 249
130 178
180 324
106 244
158 290
214 307
# Remaining lines are the edges.
# The first value is the source node index.
# The second value is the target node index.
0 1
0 2
0 3
1 32
1 33
2 35
2 37
3 34
3 36
4 5
4 6
4 13
5 8
5 10
6 7
6 11
7 9
7 10
8 9
8 11
9 15
10 18
11 19
12 13
12 15
12 28
13 14
14 22
14 29
15 22
16 21
16 24
16 30
17 20
17 23
17 30
18 21
18 25
19 20
19 25
20 24
21 23
22 26
23 27
24 27
25 26
26 33
27 33
28 29
28 36
29 37
30 32
31 32
31 34
31 35
34 37
35 36
