# First value is number of nodes (N)
34 
# Next N numbers describe the node locations
222 375
240 392
217 425
264 376
175 103
172 82
191 53
41 157
69 121
8 160
55 187
19 209
64 35
100 12
100 55
25 53
138 75
158 8
154 39
63 246
149 93
72 327
256 160
106 327
117 271
30 355
149 306
246 286
250 330
176 390
85 378
239 440
233 395
241 328
# Remaining lines are the edges.
# The first value is the source node index.
# The second value is the target node index.
0 1
0 2
0 3
1 32
1 33
2 29
2 30
3 28
3 31
4 5
4 6
4 21
5 15
5 18
6 16
6 17
7 8
7 9
7 12
8 10
8 11
9 10
9 11
10 20
11 19
12 13
12 14
13 15
13 17
14 16
14 18
15 16
17 18
19 20
19 24
20 25
21 22
21 23
22 24
22 27
23 25
23 26
24 26
25 27
26 29
27 28
28 33
29 32
30 31
30 33
31 32
