# First value is number of nodes (N)
34 
# Next N numbers describe the node locations
180 306
190 268
232 307
51 266
230 122
195 84
294 106
80 121
82 202
63 26
8 138
76 101
56 125
45 12
20 105
223 102
255 61
259 109
170 85
264 16
275 38
222 28
126 114
301 71
246 114
170 150
87 237
214 196
157 211
238 268
188 214
232 283
191 303
221 279
# Remaining lines are the edges.
# The first value is the source node index.
# The second value is the target node index.
0 1
0 2
0 3
1 30
1 33
2 29
2 31
3 28
3 32
4 5
4 6
4 27
5 21
5 22
6 23
6 24
7 11
7 12
7 25
8 9
8 10
8 26
9 11
9 13
10 12
10 14
11 14
12 13
13 18
14 18
15 16
15 17
15 25
16 19
16 23
17 20
17 24
18 22
19 21
19 24
20 21
20 23
22 26
25 30
26 28
27 28
27 29
29 33
30 31
31 32
32 33
