# First value is number of nodes (N)
32 
# Next N numbers describe the node locations
158 216
173 188
186 218
108 192
296 55
246 23
69 32
22 33
65 8
310 101
286 96
220 99
96 70
185 18
248 75
86 115
96 18
120 18
24 69
201 108
214 31
252 153
294 216
170 89
26 142
113 40
244 185
199 113
89 140
56 198
117 221
170 112
# Remaining lines are the edges.
# The first value is the source node index.
# The second value is the target node index.
0 1
0 2
0 3
1 27
1 31
2 26
2 30
3 28
3 29
4 5
4 9
4 10
5 13
5 14
6 8
6 12
6 18
7 8
7 15
7 16
8 17
9 19
9 22
10 11
10 22
11 14
11 23
12 15
12 23
13 17
13 20
14 21
15 24
16 18
16 25
17 25
18 24
19 20
19 21
20 27
21 26
22 26
23 27
24 29
25 28
28 31
29 30
30 31
