# First value is number of nodes (N)
34 
# Next N numbers describe the node locations
265 228
206 199
324 245
288 227
290 155
370 65
328 48
85 29
28 157
11 131
30 136
8 176
332 91
294 31
291 8
325 80
280 73
116 8
47 229
20 126
78 157
124 103
261 129
119 155
41 206
186 85
380 159
299 167
210 139
136 182
334 211
343 183
386 234
292 231
# Remaining lines are the edges.
# The first value is the source node index.
# The second value is the target node index.
0 1
0 2
0 3
1 28
1 29
2 30
2 32
3 31
3 33
4 5
4 6
4 26
5 12
5 14
6 13
6 15
7 8
7 9
7 21
8 10
8 18
9 11
9 19
10 19
10 20
11 18
11 20
12 15
12 16
13 14
13 16
14 17
15 17
16 22
17 25
18 24
19 24
20 23
21 23
21 25
22 27
22 28
23 29
24 29
25 28
26 32
26 33
27 30
27 31
30 33
31 32
