# First value is number of nodes (N)
30 
# Next N numbers describe the node locations
77 282
50 179
57 285
71 294
187 233
220 128
34 92
14 45
105 106
90 72
161 59
67 46
57 27
125 61
138 26
190 231
241 252
175 277
240 284
256 305
159 341
154 349
198 156
20 147
157 352
142 368
47 125
19 202
48 196
34 167
# Remaining lines are the edges.
# The first value is the source node index.
# The second value is the target node index.
0 1
0 2
0 3
1 26
1 28
2 27
2 29
3 24
3 25
4 5
4 15
4 22
5 9
5 10
6 7
6 8
6 23
7 11
7 12
8 13
8 14
9 11
9 12
10 13
10 14
11 12
13 14
15 16
15 17
16 18
16 19
17 20
17 21
18 19
18 24
19 24
20 21
20 25
21 25
22 28
22 29
23 26
23 27
26 29
27 28
