# First value is number of nodes (N)
30 
# Next N numbers describe the node locations
117 204
47 217
121 214
126 188
176 154
27 163
75 113
14 88
53 53
93 33
28 48
86 38
99 83
28 61
8 153
83 166
174 98
111 134
108 175
168 58
14 194
126 115
102 153
159 232
20 224
116 255
159 93
95 125
115 224
95 228
# Remaining lines are the edges.
# The first value is the source node index.
# The second value is the target node index.
0 1
0 2
0 3
1 24
1 29
2 25
2 28
3 26
3 27
4 16
4 17
4 23
5 14
5 15
5 22
6 13
6 15
6 17
7 8
7 10
7 14
8 11
8 21
9 10
9 12
9 21
10 13
11 12
11 13
12 19
14 20
15 29
16 19
16 26
17 27
18 20
18 22
18 27
19 25
20 24
21 26
22 25
23 24
23 28
28 29
