# First value is number of nodes (N)
34 
# Next N numbers describe the node locations
34 155
11 97
28 129
17 181
319 49
295 84
262 18
225 188
358 96
235 89
331 102
290 121
238 37
206 8
326 136
313 146
136 48
141 23
295 196
203 26
80 29
219 221
180 251
219 162
204 232
174 191
68 90
81 20
167 230
128 216
24 54
28 76
62 96
159 190
# Remaining lines are the edges.
# The first value is the source node index.
# The second value is the target node index.
0 1
0 2
0 3
1 30
1 32
2 31
2 33
3 28
3 29
4 6
4 8
4 9
5 7
5 10
5 11
6 12
6 13
7 12
7 13
8 10
8 14
9 11
9 15
10 15
11 14
12 16
13 17
14 18
15 18
16 19
16 26
17 19
17 27
18 21
19 20
20 24
20 25
21 22
21 23
22 24
22 28
23 25
23 29
24 29
25 28
26 32
26 33
27 30
27 31
30 33
31 32
