# First value is number of nodes (N)
38 
# Next N numbers describe the node locations
124 177
169 158
145 233
274 232
212 24
8 63
158 17
46 56
133 47
30 39
115 114
96 84
46 59
165 48
273 24
36 73
130 70
84 98
220 70
16 145
65 111
164 126
38 192
264 118
205 146
53 172
213 241
86 273
88 264
243 166
237 172
9 254
133 270
78 228
209 208
265 176
97 169
141 143
# Remaining lines are the edges.
# The first value is the source node index.
# The second value is the target node index.
0 1
0 2
0 3
1 32
1 37
2 33
2 36
3 34
3 35
4 6
4 8
4 18
5 7
5 9
5 19
6 11
6 13
7 10
7 12
8 10
8 14
9 11
9 15
10 16
11 17
12 15
12 17
13 14
13 16
14 21
15 20
16 24
17 25
18 21
18 23
19 20
19 22
20 37
21 37
22 31
22 36
23 30
23 35
24 29
24 34
25 28
25 33
26 29
26 30
26 32
27 28
27 31
27 32
28 36
29 35
30 34
31 33
