# First value is number of nodes (N)
34 
# Next N numbers describe the node locations
145 235
104 145
116 244
148 271
297 39
112 10
145 58
177 108
249 74
324 73
44 8
87 69
283 128
320 113
25 52
40 57
320 219
70 63
60 64
290 123
244 147
25 106
189 135
173 120
215 11
56 138
27 104
216 117
294 172
195 260
57 210
118 210
84 268
137 266
# Remaining lines are the edges.
# The first value is the source node index.
# The second value is the target node index.
0 1
0 2
0 3
1 28
1 31
2 30
2 33
3 29
3 32
4 7
4 8
4 9
5 6
5 10
5 11
6 7
6 23
7 22
8 12
8 16
9 13
9 19
10 14
10 17
11 15
11 18
12 19
12 20
13 16
13 20
14 18
14 21
15 17
15 21
16 24
17 25
18 25
19 24
20 27
21 26
22 23
22 27
23 26
24 28
25 28
26 30
27 29
29 33
30 32
31 32
31 33
