# First value is number of nodes (N)
34 
# Next N numbers describe the node locations
208 277
269 285
200 225
145 256
193 155
280 122
241 59
199 12
152 45
37 94
68 34
173 43
129 50
134 9
133 43
166 86
156 110
42 179
107 163
25 141
31 135
252 192
153 175
177 148
57 77
22 211
313 192
314 120
170 110
96 238
315 263
277 237
308 143
284 249
# Remaining lines are the edges.
# The first value is the source node index.
# The second value is the target node index.
0 1
0 2
0 3
1 30
1 32
2 31
2 33
3 28
3 29
4 5
4 21
4 26
5 6
5 27
6 7
6 8
7 11
7 13
8 12
8 14
9 10
9 19
9 20
10 13
10 14
11 14
11 15
12 13
12 15
15 23
16 18
16 19
16 24
17 18
17 20
17 25
18 22
19 25
20 24
21 22
21 23
22 28
23 28
24 29
25 29
26 32
26 33
27 30
27 31
30 33
31 32
