# First value is number of nodes (N)
32 
# Next N numbers describe the node locations
176 210
120 220
162 159
218 261
248 144
76 129
57 90
23 26
51 47
70 8
123 23
139 135
175 67
220 59
26 60
74 104
227 217
13 134
163 81
139 261
188 251
273 130
271 203
56 241
262 183
158 244
148 190
165 275
43 255
277 229
263 125
92 149
# Remaining lines are the edges.
# The first value is the source node index.
# The second value is the target node index.
0 1
0 2
0 3
1 26
1 28
2 30
2 31
3 27
3 29
4 13
4 16
4 24
5 6
5 7
5 23
6 10
6 15
7 9
7 14
8 9
8 11
8 14
9 10
10 12
11 15
11 18
12 13
12 18
13 21
14 17
15 17
16 20
16 22
17 31
18 26
19 20
19 25
19 28
20 27
21 22
21 30
22 29
23 28
23 31
24 29
24 30
25 26
25 27
