# First value is number of nodes (N)
34 
# Next N numbers describe the node locations
164 349
295 303
121 130
158 328
218 153
179 100
265 145
120 161
10 193
28 165
48 169
113 124
11 136
226 58
272 16
288 47
299 25
237 64
280 60
23 121
143 256
290 50
317 86
212 48
114 98
260 219
53 233
158 253
78 269
157 269
224 279
191 339
156 348
185 351
# Remaining lines are the edges.
# The first value is the source node index.
# The second value is the target node index.
0 1
0 2
0 3
1 30
1 33
2 29
2 31
3 28
3 32
4 5
4 6
4 25
5 23
5 24
6 21
6 22
7 9
7 11
7 26
8 10
8 12
8 26
9 10
9 19
10 20
11 12
11 20
12 19
13 15
13 17
13 23
14 16
14 18
14 23
15 16
15 21
16 22
17 18
17 22
18 21
19 24
20 24
25 27
25 30
26 28
27 28
27 29
29 33
30 31
31 32
32 33
