# First value is number of nodes (N)
38 
# Next N numbers describe the node locations
82 258
146 298
103 129
43 223
219 43
209 51
275 98
274 50
183 37
214 22
279 110
168 115
175 47
148 25
99 30
134 36
131 88
268 178
189 176
112 30
104 26
11 44
29 42
222 180
166 117
42 250
122 196
196 201
242 250
204 260
80 236
206 252
216 293
184 279
37 127
38 157
75 188
66 235
# Remaining lines are the edges.
# The first value is the source node index.
# The second value is the target node index.
0 1
0 2
0 3
1 32
1 33
2 34
2 36
3 35
3 37
4 7
4 8
4 11
5 6
5 9
5 11
6 8
6 10
7 9
7 10
8 12
9 13
10 17
11 18
12 15
12 16
13 14
13 16
14 20
14 22
15 19
15 21
16 24
17 23
17 28
18 23
18 24
19 22
19 26
20 21
20 26
21 25
22 25
23 27
24 34
25 35
26 36
27 31
27 33
28 29
28 32
29 30
29 33
30 31
30 37
31 32
34 35
36 37
