# First value is number of nodes (N)
34 
# Next N numbers describe the node locations
81 303
114 270
56 242
92 339
210 32
141 135
118 17
172 27
203 131
100 150
217 226
246 130
50 9
93 40
45 49
52 48
238 189
109 104
32 45
46 64
85 123
224 316
223 254
85 136
10 114
207 340
206 373
177 362
154 379
40 172
152 327
184 264
130 301
160 344
# Remaining lines are the edges.
# The first value is the source node index.
# The second value is the target node index.
0 1
0 2
0 3
1 30
1 31
2 29
2 33
3 28
3 32
4 7
4 8
4 10
5 7
5 9
5 11
6 7
6 12
6 13
8 11
8 17
9 10
9 17
10 16
11 16
12 14
12 18
13 15
13 19
14 19
14 20
15 18
15 20
16 22
17 23
18 24
19 24
20 23
21 22
21 25
21 26
22 31
23 29
24 29
25 27
25 28
26 27
26 28
27 30
30 33
31 32
32 33
