# First value is number of nodes (N)
34 
# Next N numbers describe the node locations
42 318
37 230
104 262
259 302
171 98
229 139
231 153
266 200
85 14
129 48
31 8
69 47
246 202
299 232
258 232
212 218
62 106
107 178
48 128
31 58
167 262
270 267
65 134
119 109
38 191
22 103
243 202
130 152
25 165
62 256
146 301
94 290
191 264
117 309
# Remaining lines are the edges.
# The first value is the source node index.
# The second value is the target node index.
0 1
0 2
0 3
1 28
1 31
2 29
2 33
3 30
3 32
4 5
4 9
4 17
5 6
5 7
6 12
6 14
7 13
7 15
8 9
8 10
8 11
9 23
10 16
10 19
11 16
11 19
12 15
12 21
13 14
13 21
14 20
15 20
16 18
17 18
17 22
18 24
19 25
20 27
21 26
22 23
22 25
23 24
24 28
25 28
26 27
26 29
27 30
29 32
30 33
31 32
31 33
