# First value is number of nodes (N)
34 
# Next N numbers describe the node locations
198 193
143 123
348 207
183 232
355 228
380 106
346 198
184 43
168 45
111 8
89 127
132 161
15 168
76 200
64 79
135 125
73 70
14 48
44 10
94 68
117 72
87 19
351 137
76 190
83 223
351 212
238 83
304 249
220 19
286 229
135 237
244 244
244 140
250 189
# Remaining lines are the edges.
# The first value is the source node index.
# The second value is the target node index.
0 1
0 2
0 3
1 28
1 33
2 29
2 32
3 30
3 31
4 5
4 6
4 27
5 22
5 25
6 22
6 25
7 8
7 9
7 26
8 18
8 20
9 19
9 21
10 11
10 14
10 23
11 15
11 24
12 13
12 14
12 24
13 15
13 23
14 17
15 16
16 20
16 21
17 18
17 19
18 21
19 20
22 28
23 30
24 30
25 29
26 28
26 32
27 29
27 31
31 33
32 33
