# First value is number of nodes (N)
34 
# Next N numbers describe the node locations
97 222
153 304
77 306
245 304
112 30
91 8
205 29
31 128
157 33
82 32
230 90
35 55
19 73
198 53
206 100
69 19
36 74
206 83
256 183
59 39
33 14
242 12
224 50
180 123
27 152
217 166
142 172
183 172
97 188
205 179
70 327
136 336
188 241
151 273
# Remaining lines are the edges.
# The first value is the source node index.
# The second value is the target node index.
0 1
0 2
0 3
1 32
1 33
2 28
2 30
3 29
3 31
4 5
4 6
4 25
5 19
5 20
6 21
6 22
7 11
7 12
7 24
8 13
8 14
8 24
9 15
9 16
9 23
10 17
10 18
10 23
11 15
11 19
12 16
12 20
13 17
13 21
14 18
14 22
15 20
16 19
17 22
18 21
23 27
24 26
25 26
25 27
26 28
27 29
28 32
29 33
30 31
30 33
31 32
