# First value is number of nodes (N)
34 
# Next N numbers describe the node locations
123 195
163 202
36 260
135 139
188 131
281 88
256 157
274 93
311 152
265 106
300 95
141 120
116 94
243 58
301 20
73 68
93 37
118 42
158 15
165 34
285 195
302 224
181 198
269 265
185 22
168 71
119 228
8 192
219 232
191 76
8 232
28 215
65 264
78 170
# Remaining lines are the edges.
# The first value is the source node index.
# The second value is the target node index.
0 1
0 2
0 3
1 28
1 29
2 30
2 32
3 31
3 33
4 5
4 6
4 11
5 7
5 10
6 8
6 9
7 9
7 20
8 10
8 21
9 13
10 13
11 12
11 26
12 15
12 27
13 14
14 18
14 19
15 16
15 17
16 18
16 24
17 19
17 25
18 25
19 24
20 22
20 23
21 22
21 23
22 28
23 28
24 29
25 29
26 32
26 33
27 30
27 31
30 33
31 32
