# First value is number of nodes (N)
34 
# Next N numbers describe the node locations
156 157
98 150
160 200
204 115
322 204
310 176
367 171
345 143
328 162
354 139
110 53
151 12
157 58
138 137
24 172
8 237
270 187
335 88
272 101
8 178
63 70
145 32
232 48
165 95
48 249
51 224
65 211
60 274
45 129
56 261
233 172
284 98
104 225
194 39
# Remaining lines are the edges.
# The first value is the source node index.
# The second value is the target node index.
0 1
0 2
0 3
1 28
1 29
2 30
2 32
3 31
3 33
4 6
4 8
4 16
5 7
5 9
5 16
6 7
6 17
7 18
8 9
8 18
9 17
10 12
10 20
10 21
11 13
11 20
11 22
12 22
12 23
13 21
13 23
14 19
14 24
14 26
15 19
15 25
15 27
16 30
17 31
18 31
19 28
20 28
21 33
22 33
23 30
24 27
24 29
25 26
25 29
26 32
27 32
