# First value is number of nodes (N)
34 
# Next N numbers describe the node locations
193 199
182 115
211 242
235 235
305 107
268 85
56 24
33 85
31 51
24 89
8 67
44 74
327 244
331 15
327 131
289 128
75 127
28 124
241 101
115 38
217 45
154 31
220 167
140 53
224 56
28 151
277 168
263 208
216 126
204 98
273 236
251 225
239 210
305 210
# Remaining lines are the edges.
# The first value is the source node index.
# The second value is the target node index.
0 1
0 2
0 3
1 28
1 29
2 30
2 32
3 31
3 33
4 13
4 15
4 20
5 14
5 15
5 21
6 8
6 10
6 19
7 9
7 11
7 19
8 9
8 16
9 17
10 11
10 17
11 16
12 13
12 14
12 18
13 21
14 20
15 22
16 25
17 25
18 23
18 26
19 23
20 24
21 24
22 27
22 28
23 29
24 29
25 28
26 32
26 33
27 30
27 31
30 33
31 32
