# First value is number of nodes (N)
34 
# Next N numbers describe the node locations
187 324
156 378
204 357
15 266
187 203
200 154
208 210
51 34
32 107
39 91
52 24
9 37
38 33
39 40
46 55
129 48
234 335
308 275
288 106
275 219
311 214
262 175
140 127
280 235
262 255
270 324
89 162
140 245
91 228
119 306
217 361
177 370
15 278
85 367
# Remaining lines are the edges.
# The first value is the source node index.
# The second value is the target node index.
0 1
0 2
0 3
1 30
1 33
2 29
2 31
3 28
3 32
4 5
4 6
4 27
5 21
5 22
6 23
6 24
7 9
7 10
7 12
8 9
8 11
8 13
9 26
10 11
10 14
11 15
12 13
12 15
13 14
14 18
15 18
16 19
16 23
16 25
17 20
17 24
17 25
18 22
19 21
19 24
20 21
20 23
22 26
25 30
26 28
27 28
27 29
29 33
30 31
31 32
32 33
