# First value is number of nodes (N)
32 
# Next N numbers describe the node locations
91 339
22 338
104 368
109 290
48 302
96 313
55 184
183 282
193 222
140 154
160 202
93 183
116 45
95 51
132 75
55 42
31 88
66 112
103 30
102 64
75 273
161 140
16 163
89 119
132 195
8 213
72 181
151 256
12 273
78 277
136 328
46 358
# Remaining lines are the edges.
# The first value is the source node index.
# The second value is the target node index.
0 1
0 2
0 3
1 28
1 31
2 30
2 31
3 27
3 29
4 5
4 6
4 31
5 29
5 30
6 25
6 26
7 8
7 27
7 30
8 9
8 10
9 21
9 24
10 20
10 27
11 20
11 22
11 24
12 13
12 14
12 23
13 18
13 19
14 19
14 20
15 16
15 18
15 19
16 17
16 22
17 18
17 21
21 23
22 25
23 26
24 26
25 28
28 29
