# First value is number of nodes (N)
34 
# Next N numbers describe the node locations
229 273
227 129
269 231
306 254
293 127
269 36
275 59
92 44
97 89
103 83
49 264
48 258
18 94
167 11
228 8
114 84
281 58
199 39
30 135
116 95
204 76
105 219
149 224
81 148
197 180
129 168
310 165
239 225
213 209
178 221
272 258
274 217
288 215
314 223
# Remaining lines are the edges.
# The first value is the source node index.
# The second value is the target node index.
0 1
0 2
0 3
1 28
1 29
2 30
2 32
3 31
3 33
4 5
4 6
4 26
5 14
5 16
6 15
6 17
7 8
7 9
7 13
8 11
8 18
9 12
9 19
10 11
10 12
10 21
11 19
12 18
13 14
13 15
14 17
15 16
16 20
17 20
18 23
19 23
20 24
21 22
21 25
22 27
22 29
23 28
24 25
24 29
25 28
26 32
26 33
27 30
27 31
30 33
31 32
