# First value is number of nodes (N)
38 
# Next N numbers describe the node locations
122 194
86 152
136 192
212 164
258 16
279 128
125 65
46 8
47 242
70 160
146 58
8 243
96 137
14 277
262 170
187 56
204 258
173 17
149 31
223 146
290 142
256 129
272 82
266 164
217 8
74 76
112 301
239 244
55 245
73 275
232 107
33 186
33 121
89 221
175 274
141 185
93 200
184 121
# Remaining lines are the edges.
# The first value is the source node index.
# The second value is the target node index.
0 1
0 2
0 3
1 32
1 37
2 34
2 36
3 33
3 35
4 22
4 24
4 30
5 21
5 23
5 30
6 9
6 12
6 25
7 10
7 17
7 25
8 9
8 11
8 29
9 28
10 18
10 19
11 13
11 31
12 15
12 18
13 26
13 28
14 20
14 23
14 27
15 17
15 22
16 19
16 21
16 27
17 24
18 24
19 23
20 21
20 22
25 32
26 29
26 34
27 34
28 33
29 33
30 35
31 32
31 36
35 37
36 37
