# First value is number of nodes (N)
34 
# Next N numbers describe the node locations
152 236
227 287
105 199
264 273
166 172
193 98
227 86
20 98
37 200
70 201
73 198
145 154
67 41
131 8
118 52
100 74
121 13
227 123
264 119
133 105
279 33
32 238
58 221
250 161
325 116
261 186
309 28
161 189
311 118
313 202
69 204
133 224
42 256
141 265
# Remaining lines are the edges.
# The first value is the source node index.
# The second value is the target node index.
0 1
0 2
0 3
1 31
1 32
2 30
2 33
3 28
3 29
4 5
4 6
4 27
5 17
5 19
6 18
6 20
7 8
7 9
7 10
8 21
8 22
9 21
9 22
10 11
10 12
11 13
11 15
12 14
12 16
13 16
13 20
14 15
14 20
15 19
16 19
17 25
17 26
18 23
18 24
21 32
22 33
23 25
23 28
24 26
24 29
25 29
26 28
27 30
27 31
30 32
31 33
