# First value is number of nodes (N)
34 
# Next N numbers describe the node locations
37 257
20 189
92 257
38 212
151 139
158 81
218 86
86 8
88 207
99 151
272 187
102 60
131 67
231 115
200 132
53 37
237 252
182 21
228 186
228 224
60 75
139 167
55 74
213 264
84 207
64 158
18 137
53 198
195 257
61 91
38 218
76 231
72 206
61 227
# Remaining lines are the edges.
# The first value is the source node index.
# The second value is the target node index.
0 1
0 2
0 3
1 29
1 32
2 28
2 33
3 30
3 31
4 5
4 6
4 21
5 11
5 14
6 12
6 13
7 11
7 15
7 17
8 14
8 16
8 19
9 12
9 15
9 20
10 13
10 16
10 18
11 20
12 17
13 19
14 18
15 26
16 27
17 22
18 23
19 23
20 22
21 24
21 25
22 29
23 28
24 27
24 31
25 26
25 30
26 29
27 28
30 33
31 32
32 33
