# First value is number of nodes (N)
28 
# Next N numbers describe the node locations
38 230
135 197
64 253
101 150
93 26
87 28
140 57
138 124
103 56
52 18
78 31
176 59
85 108
182 141
183 138
156 133
81 113
22 59
172 231
130 191
14 172
103 191
67 213
179 154
93 166
121 255
31 100
11 208
# Remaining lines are the edges.
# The first value is the source node index.
# The second value is the target node index.
0 1
0 2
0 3
1 22
1 23
2 25
2 27
3 24
3 26
4 6
4 9
4 11
5 6
5 8
5 10
6 7
7 12
7 15
8 11
8 17
9 10
9 17
10 16
11 14
12 16
12 19
13 14
13 15
13 18
14 23
15 24
16 27
17 26
18 19
18 25
19 22
20 22
20 26
20 27
21 23
21 24
21 25
