# First value is number of nodes (N)
30 
# Next N numbers describe the node locations
150 149
220 151
104 120
161 201
191 184
170 43
13 24
120 13
229 49
88 87
192 76
47 61
36 47
255 216
329 180
306 192
140 50
8 74
277 220
318 124
281 81
236 184
49 141
142 102
105 160
223 121
108 87
218 220
33 122
259 142
# Remaining lines are the edges.
# The first value is the source node index.
# The second value is the target node index.
0 1
0 2
0 3
1 25
1 29
2 26
2 28
3 24
3 27
4 10
4 13
4 21
5 7
5 8
5 23
6 7
6 11
6 12
7 9
8 10
8 20
9 12
9 16
10 16
11 17
11 22
12 17
13 15
13 18
14 15
14 18
14 19
15 29
16 26
17 28
18 27
19 20
19 29
20 25
21 25
21 27
22 24
22 28
23 24
23 26
