# First value is number of nodes (N)
32 
# Next N numbers describe the node locations
31 293
61 345
71 278
15 235
148 94
109 9
154 66
191 186
100 56
68 8
108 85
194 245
103 82
60 41
159 231
64 141
21 42
79 89
149 210
158 134
127 200
32 91
95 183
51 151
188 305
119 281
119 343
8 168
92 191
59 267
115 306
75 312
# Remaining lines are the edges.
# The first value is the source node index.
# The second value is the target node index.
0 1
0 2
0 3
1 26
1 31
2 28
2 30
3 27
3 29
4 6
4 7
4 10
5 6
5 9
5 13
6 12
7 11
7 14
8 9
8 10
8 17
9 16
10 19
11 18
11 24
12 15
12 17
13 15
13 16
14 20
14 25
15 23
16 21
17 21
18 19
18 22
19 20
20 28
21 27
22 23
22 28
23 27
24 26
24 30
25 26
25 29
29 31
30 31
