# First value is number of nodes (N)
34 
# Next N numbers describe the node locations
189 397
138 395
224 388
212 389
174 179
89 297
50 220
124 172
177 130
39 114
41 62
122 54
71 10
120 54
176 57
132 31
262 72
156 64
183 58
8 177
36 194
73 206
20 169
172 296
112 209
194 243
216 368
279 328
235 336
122 302
285 381
182 386
222 383
240 374
# Remaining lines are the edges.
# The first value is the source node index.
# The second value is the target node index.
0 1
0 2
0 3
1 28
1 29
2 30
2 32
3 31
3 33
4 7
4 8
4 25
5 19
5 21
5 24
6 20
6 22
6 24
7 21
7 22
8 17
8 18
9 10
9 19
9 20
10 11
10 12
11 13
11 15
12 14
12 16
13 14
13 17
14 18
15 16
15 18
16 17
19 22
20 21
23 25
23 26
23 29
24 29
25 28
26 32
26 33
27 28
27 30
27 31
30 33
31 32
