# First value is number of nodes (N)
32 
# Next N numbers describe the node locations
222 173
164 231
142 252
183 204
64 177
314 89
298 117
94 31
44 70
8 113
149 8
143 14
208 13
263 14
133 57
214 40
289 28
290 140
218 64
272 68
98 113
30 176
47 133
39 111
257 194
33 222
96 159
179 188
223 167
74 213
138 204
207 235
# Remaining lines are the edges.
# The first value is the source node index.
# The second value is the target node index.
0 1
0 2
0 3
1 30
1 31
2 29
2 31
3 28
3 30
4 20
4 21
4 30
5 16
5 17
5 19
6 15
6 17
6 18
7 8
7 10
7 11
8 9
8 20
9 21
9 23
10 12
10 14
11 14
11 22
12 13
12 18
13 16
13 19
14 15
15 16
17 24
18 27
19 27
20 26
21 25
22 23
22 26
23 25
24 28
24 31
25 29
26 29
27 28
