# First value is number of nodes (N)
34 
# Next N numbers describe the node locations
251 227
166 204
256 196
236 19
90 109
89 176
141 119
385 163
382 113
376 141
404 140
325 112
367 91
378 195
364 144
124 60
103 74
45 233
66 198
148 8
131 17
8 182
27 161
82 10
94 44
71 210
55 133
132 53
60 40
316 202
307 91
203 42
104 218
190 200
# Remaining lines are the edges.
# The first value is the source node index.
# The second value is the target node index.
0 1
0 2
0 3
1 32
1 33
2 29
2 33
3 30
3 31
4 5
4 6
4 33
5 25
5 26
6 27
6 28
7 8
7 11
7 13
8 12
8 14
9 10
9 11
9 14
10 12
10 13
11 30
12 30
13 29
14 29
15 16
15 21
15 22
16 23
16 24
17 21
17 25
17 32
18 22
18 26
18 32
19 23
19 27
19 31
20 24
20 28
20 31
21 26
22 25
23 28
24 27
