# First value is number of nodes (N)
38 
# Next N numbers describe the node locations
279 280
247 298
228 317
269 215
232 117
258 38
153 152
95 240
58 207
220 80
196 35
202 41
152 170
74 160
35 261
20 191
77 188
31 145
84 136
98 47
102 113
193 9
229 28
97 96
136 33
285 116
180 262
117 283
150 140
175 177
295 94
245 236
309 157
182 187
254 238
210 288
164 313
218 289
# Remaining lines are the edges.
# The first value is the source node index.
# The second value is the target node index.
0 1
0 2
0 3
1 35
1 37
2 34
2 36
3 32
3 33
4 9
4 25
4 28
5 21
5 22
5 30
6 19
6 20
6 29
7 12
7 26
7 27
8 15
8 16
8 27
9 10
9 11
10 22
10 24
11 21
11 23
12 13
12 14
13 16
13 17
14 15
14 18
15 17
16 18
17 19
18 20
19 24
20 23
21 24
22 23
25 31
25 32
26 29
26 37
27 36
28 30
28 33
29 33
30 32
31 34
31 35
34 37
35 36
