# First value is number of nodes (N)
32 
# Next N numbers describe the node locations
162 251
204 216
156 219
91 258
266 89
187 9
221 38
239 16
204 184
275 60
138 102
140 24
94 51
88 16
232 119
213 48
71 100
160 113
84 158
28 115
55 207
8 183
108 189
43 34
173 161
275 180
99 208
21 216
221 254
255 203
107 235
210 198
# Remaining lines are the edges.
# The first value is the source node index.
# The second value is the target node index.
0 1
0 2
0 3
1 28
1 30
2 29
2 31
3 26
3 27
4 8
4 9
4 25
5 6
5 7
5 11
6 8
6 14
7 9
7 15
8 15
9 14
10 12
10 13
10 24
11 12
11 13
12 16
13 16
14 17
15 17
16 19
17 18
18 22
18 23
19 20
19 21
20 22
20 26
21 23
21 27
22 27
23 26
24 30
24 31
25 28
25 29
28 31
29 30
