# First value is number of nodes (N)
38 
# Next N numbers describe the node locations
44 253
50 283
79 259
31 219
218 66
118 64
157 77
87 24
235 136
56 114
169 96
188 278
207 175
252 208
249 257
160 81
248 148
207 152
218 19
179 82
9 98
47 45
145 57
191 85
87 87
142 33
192 51
134 187
15 148
191 246
225 243
138 312
225 251
23 215
87 290
112 266
126 235
50 297
# Remaining lines are the edges.
# The first value is the source node index.
# The second value is the target node index.
0 1
0 2
0 3
1 35
1 37
2 34
2 36
3 32
3 33
4 23
4 26
4 27
5 24
5 25
5 27
6 7
6 8
6 22
7 15
7 21
8 16
8 17
9 10
9 21
9 28
10 15
10 19
11 12
11 14
11 31
12 17
12 30
13 14
13 16
13 30
14 29
15 20
16 18
17 29
18 19
18 26
19 23
20 24
20 28
21 24
22 23
22 25
25 26
27 36
28 33
29 32
30 32
31 34
31 35
33 37
34 37
35 36
