# First value is number of nodes (N)
30 
# Next N numbers describe the node locations
159 229
102 211
156 185
220 232
60 127
66 76
24 106
213 161
261 184
224 88
199 56
250 45
312 143
287 90
274 140
310 185
199 15
146 50
137 8
97 79
50 70
15 135
91 113
27 45
78 24
119 122
276 226
254 153
54 157
120 176
# Remaining lines are the edges.
# The first value is the source node index.
# The second value is the target node index.
0 1
0 2
0 3
1 28
1 29
2 25
2 29
3 26
3 27
4 5
4 6
4 29
5 22
5 24
6 21
6 23
7 13
7 25
7 27
8 12
8 25
8 26
9 10
9 11
9 14
10 16
10 17
11 13
11 16
12 13
12 15
14 15
14 27
15 26
16 18
17 18
17 19
18 24
19 20
19 22
20 21
20 23
21 28
22 28
23 24
