# First value is number of nodes (N)
34 
# Next N numbers describe the node locations
188 265
180 306
233 278
225 182
295 121
283 143
304 59
46 108
18 153
129 90
181 164
63 183
153 239
80 207
38 210
131 103
113 73
146 33
171 86
248 54
202 9
236 33
263 10
245 49
262 45
69 258
178 129
273 183
219 173
265 248
124 292
77 261
204 292
239 302
# Remaining lines are the edges.
# The first value is the source node index.
# The second value is the target node index.
0 1
0 2
0 3
1 30
1 33
2 29
2 31
3 28
3 32
4 5
4 6
4 27
5 21
5 23
6 22
6 24
7 8
7 9
7 16
8 11
8 13
9 12
9 14
10 11
10 12
10 15
11 14
12 13
13 25
14 25
15 17
15 26
16 17
16 18
17 20
18 19
18 26
19 23
19 24
20 21
20 22
21 24
22 23
25 30
26 28
27 28
27 29
29 33
30 31
31 32
32 33
