# First value is number of nodes (N)
32 
# Next N numbers describe the node locations
64 259
167 282
86 263
95 243
93 117
51 76
13 70
47 39
29 52
91 44
206 135
250 125
95 123
239 186
96 127
175 155
85 8
76 55
8 141
53 153
28 198
110 175
204 92
186 182
75 178
182 52
179 59
163 220
84 230
43 252
104 284
114 243
# Remaining lines are the edges.
# The first value is the source node index.
# The second value is the target node index.
0 1
0 2
0 3
1 27
1 30
2 26
2 31
3 28
3 29
4 9
4 15
4 19
5 8
5 14
5 17
6 7
6 8
6 18
7 9
7 17
8 16
9 16
10 11
10 15
10 23
11 13
11 22
12 13
12 14
12 21
13 23
14 24
15 22
16 25
17 25
18 20
18 24
19 20
19 21
20 29
21 28
22 26
23 27
24 27
25 26
28 31
29 30
30 31
