# First value is number of nodes (N)
34 
# Next N numbers describe the node locations
54 199
277 114
142 136
157 249
245 79
268 45
286 78
325 194
209 149
144 60
61 35
84 26
60 66
30 28
35 55
69 75
129 87
39 85
282 243
232 255
251 196
203 152
186 90
332 89
199 21
284 78
251 9
320 18
317 60
67 107
232 263
242 226
304 143
291 79
# Remaining lines are the edges.
# The first value is the source node index.
# The second value is the target node index.
0 1
0 2
0 3
1 32
1 33
2 29
2 33
3 30
3 31
4 5
4 6
4 33
5 25
5 27
6 26
6 28
7 18
7 19
7 32
8 20
8 21
8 22
9 10
9 11
9 22
10 12
10 14
11 13
11 15
12 13
12 16
13 17
14 15
14 17
15 16
16 29
17 29
18 20
18 30
19 21
19 31
20 31
21 30
22 24
23 27
23 28
23 32
24 25
24 26
25 28
26 27
