# First value is number of nodes (N)
34 
# Next N numbers describe the node locations
146 239
94 200
215 234
125 291
181 165
97 149
279 122
236 74
287 136
23 61
32 68
91 62
157 34
119 60
18 12
117 81
69 11
60 8
368 186
365 254
258 226
301 208
43 119
173 107
308 224
310 282
157 172
115 252
88 160
188 195
244 284
110 274
114 260
67 247
# Remaining lines are the edges.
# The first value is the source node index.
# The second value is the target node index.
0 1
0 2
0 3
1 28
1 33
2 29
2 30
3 31
3 32
4 5
4 23
4 27
5 6
5 26
6 7
6 8
7 18
7 20
8 19
8 21
9 14
9 17
9 22
10 15
10 16
10 22
11 13
11 14
11 16
12 13
12 15
12 17
13 23
14 15
16 17
18 19
18 24
19 25
20 21
20 25
21 24
22 28
23 29
24 30
25 30
26 28
26 29
27 31
27 32
31 33
32 33
