# First value is number of nodes (N)
38 
# Next N numbers describe the node locations
174 284
175 216
108 266
302 266
197 43
115 9
126 8
102 27
90 219
78 166
90 163
170 57
60 127
39 15
72 135
261 122
136 57
293 145
292 28
326 148
50 138
172 121
12 155
55 173
49 174
258 125
207 140
310 165
278 110
43 185
19 207
266 181
277 225
25 175
194 229
173 197
172 265
79 227
# Remaining lines are the edges.
# The first value is the source node index.
# The second value is the target node index.
0 1
0 2
0 3
1 34
1 35
2 33
2 37
3 32
3 36
4 5
4 15
4 25
5 6
5 7
6 13
6 14
7 11
7 12
8 10
8 14
8 23
9 10
9 22
9 24
10 21
11 14
11 16
12 13
12 20
13 16
15 17
15 28
16 26
17 19
17 31
18 19
18 21
18 28
19 27
20 22
20 29
21 31
22 30
23 24
23 30
24 29
25 26
25 27
26 35
27 32
28 34
29 33
30 33
31 32
34 37
35 36
36 37
