# First value is number of nodes (N)
32 
# Next N numbers describe the node locations
227 230
269 224
205 256
180 143
304 207
270 105
263 97
165 65
265 60
85 46
127 209
47 144
49 157
63 38
17 51
77 124
55 88
15 106
50 120
83 94
251 165
149 100
140 8
166 81
166 38
113 51
241 132
280 177
190 78
84 257
166 130
266 258
# Remaining lines are the edges.
# The first value is the source node index.
# The second value is the target node index.
0 1
0 2
0 3
1 27
1 31
2 29
2 31
3 28
3 30
4 5
4 27
4 31
5 6
5 28
6 7
6 8
7 23
7 25
8 24
8 26
9 13
9 16
9 22
10 11
10 12
10 29
11 16
11 18
12 15
12 17
13 14
13 21
14 17
14 18
15 18
15 19
16 17
19 25
19 30
20 26
20 28
20 29
21 23
21 24
22 24
22 25
23 30
26 27
