# First value is number of nodes (N)
34 
# Next N numbers describe the node locations
245 331
206 283
297 304
284 328
185 210
227 102
273 120
177 50
29 202
112 189
45 183
130 234
94 139
120 96
147 295
68 164
42 70
89 13
108 84
186 109
138 91
158 30
179 11
154 231
86 278
217 179
248 264
339 137
253 229
167 314
317 304
338 291
291 285
277 324
# Remaining lines are the edges.
# The first value is the source node index.
# The second value is the target node index.
0 1
0 2
0 3
1 28
1 29
2 30
2 32
3 31
3 33
4 23
4 25
4 26
5 6
5 7
5 25
6 19
6 22
7 20
7 21
8 9
8 10
8 16
9 12
9 14
10 13
10 15
11 12
11 13
11 23
12 15
13 14
14 24
15 24
16 17
16 18
17 19
17 21
18 20
18 22
19 20
21 22
23 29
24 29
25 28
26 32
26 33
27 28
27 30
27 31
30 33
31 32
