# First value is number of nodes (N)
38 
# Next N numbers describe the node locations
228 164
266 207
281 166
117 99
233 44
308 9
180 232
123 223
127 27
56 32
92 178
16 231
81 167
128 180
61 226
12 177
80 178
8 119
26 163
100 41
49 31
161 212
128 13
264 90
170 103
196 8
227 96
305 82
29 75
55 81
226 134
251 234
117 100
229 160
280 216
280 229
321 143
280 81
# Remaining lines are the edges.
# The first value is the source node index.
# The second value is the target node index.
0 1
0 2
0 3
1 35
1 37
2 34
2 36
3 32
3 33
4 24
4 26
4 27
5 23
5 25
5 27
6 7
6 21
6 31
7 10
7 11
8 16
8 19
8 22
9 18
9 20
9 22
10 14
10 16
11 12
11 15
12 13
12 16
13 14
13 21
14 15
15 17
17 18
17 28
18 29
19 20
19 29
20 28
21 26
22 25
23 26
23 30
24 25
24 30
27 36
28 32
29 32
30 33
31 34
31 35
33 37
34 37
35 36
