# First value is number of nodes (N)
34 
# Next N numbers describe the node locations
259 196
189 176
308 184
319 153
312 37
373 48
214 20
44 91
17 132
47 91
43 133
77 145
12 177
35 210
107 50
186 91
149 82
356 53
397 85
204 76
178 26
38 210
102 183
191 63
194 106
409 99
367 119
315 88
131 180
129 199
339 130
214 54
385 177
330 154
# Remaining lines are the edges.
# The first value is the source node index.
# The second value is the target node index.
0 1
0 2
0 3
1 28
1 29
2 31
2 32
3 30
3 33
4 5
4 6
4 27
5 17
5 18
6 19
6 20
7 8
7 9
7 14
8 10
8 12
9 11
9 13
10 11
10 21
11 22
12 13
12 22
13 21
14 15
14 16
15 19
15 23
16 20
16 24
17 25
17 26
18 25
18 26
19 24
20 23
21 29
22 29
23 28
24 28
25 32
26 33
27 30
27 31
30 32
31 33
