# First value is number of nodes (N)
34 
# Next N numbers describe the node locations
124 183
200 187
116 54
116 242
172 149
83 163
244 272
182 156
191 57
173 157
236 268
209 297
209 26
170 64
54 158
99 194
227 164
228 76
172 282
190 8
215 282
248 305
182 307
199 284
71 113
37 183
73 189
91 95
211 91
185 214
51 308
154 296
52 111
169 23
# Remaining lines are the edges.
# The first value is the source node index.
# The second value is the target node index.
0 1
0 2
0 3
1 28
1 29
2 32
2 33
3 30
3 31
4 7
4 8
4 9
5 9
5 14
5 15
6 10
6 11
6 16
7 12
7 18
8 13
8 19
9 16
10 20
10 22
11 21
11 23
12 17
12 19
13 17
13 18
14 24
14 26
15 25
15 27
16 28
17 28
18 33
19 33
20 23
20 29
21 22
21 29
22 31
23 31
24 27
24 32
25 26
25 32
26 30
27 30
