# First value is number of nodes (N)
34 
# Next N numbers describe the node locations
69 161
35 106
126 219
117 133
258 76
259 32
274 27
249 28
238 20
228 96
161 14
279 161
251 17
108 199
74 141
46 261
118 8
247 199
94 115
31 71
175 261
157 278
33 17
90 34
232 145
201 240
132 187
172 143
168 139
147 68
106 62
19 65
158 219
155 165
# Remaining lines are the edges.
# The first value is the source node index.
# The second value is the target node index.
0 1
0 2
0 3
1 30
1 31
2 32
2 33
3 28
3 29
4 5
4 6
4 27
5 7
5 9
6 8
6 10
7 10
7 12
8 9
8 12
9 11
10 11
11 17
12 16
13 14
13 15
13 26
14 18
14 19
15 20
15 21
16 22
16 23
17 24
17 25
18 22
18 30
19 23
19 31
20 24
20 32
21 25
21 33
22 31
23 30
24 33
25 32
26 28
26 29
27 28
27 29
