# First value is number of nodes (N)
34 
# Next N numbers describe the node locations
231 326
119 262
204 260
234 326
247 173
293 184
23 147
46 129
287 112
241 165
172 84
83 121
179 212
50 89
221 41
213 133
277 38
242 95
250 115
251 140
285 49
11 167
40 146
65 104
15 95
185 147
45 176
259 236
137 198
324 307
259 260
139 326
230 167
201 335
# Remaining lines are the edges.
# The first value is the source node index.
# The second value is the target node index.
0 1
0 2
0 3
1 28
1 31
2 29
2 32
3 30
3 33
4 5
4 25
4 27
5 8
5 9
6 21
6 24
6 26
7 22
7 23
7 26
8 17
8 20
9 18
9 19
10 11
10 14
10 25
11 12
11 13
12 21
12 23
13 22
13 24
14 15
14 16
15 17
15 19
16 18
16 20
17 18
19 20
21 22
23 24
25 28
26 28
27 29
27 30
29 33
30 32
31 32
31 33
