# First value is number of nodes (N)
34 
# Next N numbers describe the node locations
133 276
190 291
175 253
72 257
289 295
320 272
179 214
307 71
201 137
272 198
142 145
56 209
22 197
72 56
33 111
29 145
8 169
75 158
118 74
45 180
154 69
192 71
148 114
168 88
295 155
289 257
320 239
331 217
298 204
177 173
23 225
28 160
236 226
193 226
# Remaining lines are the edges.
# The first value is the source node index.
# The second value is the target node index.
0 1
0 2
0 3
1 32
1 33
2 29
2 33
3 30
3 31
4 5
4 6
4 33
5 25
5 27
6 26
6 28
7 8
7 9
7 24
8 23
8 29
9 21
9 22
10 11
10 12
10 29
11 15
11 30
12 16
12 31
13 14
13 17
13 18
14 15
14 16
15 31
16 30
17 19
17 21
18 20
18 22
19 22
19 23
20 21
20 23
24 27
24 28
25 28
25 32
26 27
26 32
