# First value is number of nodes (N)
34 
# Next N numbers describe the node locations
55 318
21 360
25 328
77 290
272 90
285 54
230 69
263 36
97 312
27 255
277 145
306 129
232 159
319 109
177 34
199 161
175 79
180 47
178 234
315 253
126 44
145 62
103 97
259 216
161 361
59 208
199 254
55 35
157 347
90 201
152 255
94 222
10 325
69 364
# Remaining lines are the edges.
# The first value is the source node index.
# The second value is the target node index.
0 1
0 2
0 3
1 32
1 33
2 32
2 33
3 30
3 31
4 6
4 10
4 11
5 7
5 12
5 13
6 16
6 17
7 14
7 15
8 9
8 24
8 33
9 25
9 32
10 12
10 18
11 13
11 19
12 19
13 18
14 16
14 20
15 17
15 21
16 21
17 20
18 23
19 23
20 22
21 22
22 27
23 26
24 26
24 28
25 27
25 29
26 30
27 31
28 29
28 31
29 30
