# First value is number of nodes (N)
32 
# Next N numbers describe the node locations
101 168
28 112
123 203
22 216
205 114
154 70
125 9
244 211
47 130
83 142
57 170
204 182
121 164
157 75
32 45
160 262
41 61
52 123
44 64
103 243
216 255
38 115
189 115
106 172
215 190
74 149
20 227
12 159
198 214
105 102
168 204
8 63
# Remaining lines are the edges.
# The first value is the source node index.
# The second value is the target node index.
0 1
0 2
0 3
1 29
1 31
2 28
2 30
3 26
3 27
4 13
4 22
4 24
5 13
5 23
5 25
6 13
6 16
6 18
7 11
7 20
7 24
8 10
8 17
8 25
9 10
9 12
9 21
10 19
11 12
11 22
12 23
14 18
14 21
14 31
15 19
15 20
15 30
16 17
16 31
17 29
18 29
19 26
20 28
21 27
22 30
23 26
24 28
25 27
