# First value is number of nodes (N)
38 
# Next N numbers describe the node locations
189 309
153 309
166 335
191 289
61 84
127 84
80 13
30 132
196 87
106 15
136 125
117 64
69 100
185 95
164 136
141 128
230 26
17 96
203 135
26 187
89 170
122 170
207 70
227 124
73 285
40 254
8 233
54 240
103 146
40 291
224 174
248 168
131 218
103 315
243 238
154 267
157 291
239 301
# Remaining lines are the edges.
# The first value is the source node index.
# The second value is the target node index.
0 1
0 2
0 3
1 32
1 36
2 33
2 37
3 34
3 35
4 11
4 12
4 16
5 9
5 10
5 12
6 7
6 9
6 11
7 8
7 17
8 13
8 14
9 16
10 11
10 15
12 20
13 15
13 23
14 18
14 22
15 21
16 22
17 26
17 27
18 21
18 23
19 20
19 24
19 25
20 28
21 28
22 31
23 31
24 27
24 29
25 26
25 30
26 29
27 30
28 32
29 33
30 35
31 34
32 33
34 37
35 36
36 37
