# First value is number of nodes (N)
34 
# Next N numbers describe the node locations
155 270
148 279
176 299
199 123
276 14
160 50
126 48
296 50
330 37
297 33
216 20
256 42
279 123
220 122
34 87
61 174
226 121
247 122
43 131
47 137
14 139
45 145
290 146
233 93
213 113
228 209
31 206
50 114
146 163
218 254
88 261
116 301
131 249
164 238
# Remaining lines are the edges.
# The first value is the source node index.
# The second value is the target node index.
0 1
0 2
0 3
1 30
1 33
2 29
2 31
3 28
3 32
4 8
4 9
4 10
5 6
5 10
5 13
6 14
6 15
7 8
7 9
7 11
8 12
9 12
10 11
11 23
12 22
13 16
13 17
14 18
14 20
15 19
15 21
16 23
16 25
17 22
17 24
18 21
18 27
19 20
19 27
20 26
21 26
22 25
23 24
24 28
25 29
26 30
27 28
29 33
30 31
31 32
32 33
