# First value is number of nodes (N)
32 
# Next N numbers describe the node locations
115 246
169 293
158 295
106 205
223 289
194 234
270 267
184 211
168 126
40 200
10 141
8 83
11 81
60 65
44 128
23 69
18 28
72 124
134 220
76 122
79 22
116 114
145 110
143 46
253 175
204 224
242 247
232 260
56 169
56 240
113 225
171 312
# Remaining lines are the edges.
# The first value is the source node index.
# The second value is the target node index.
0 1
0 2
0 3
1 27
1 31
2 29
2 31
3 28
3 30
4 5
4 6
4 31
5 25
5 26
6 24
6 26
7 25
7 29
7 30
8 22
8 23
8 25
9 10
9 28
9 29
10 11
10 17
11 13
11 16
12 13
12 15
12 16
13 21
14 15
14 19
14 28
15 20
16 20
17 19
17 21
18 22
18 24
18 30
19 23
20 23
21 22
24 27
26 27
