# First value is number of nodes (N)
32 
# Next N numbers describe the node locations
145 417
102 406
159 363
131 471
28 407
237 170
135 139
8 42
38 52
52 51
47 8
332 118
334 156
194 332
336 195
123 320
69 44
333 98
280 198
85 115
116 88
177 188
55 559
139 564
110 540
168 572
133 299
164 253
170 308
151 511
85 458
117 352
# Remaining lines are the edges.
# The first value is the source node index.
# The second value is the target node index.
0 1
0 2
0 3
1 30
1 31
2 28
2 31
3 29
3 30
4 22
4 23
4 30
5 17
5 18
5 21
6 19
6 20
6 21
7 9
7 10
7 15
8 9
8 10
8 15
9 16
10 16
11 12
11 13
11 17
12 14
12 18
13 14
13 18
14 17
15 19
16 20
19 20
21 27
22 24
22 25
23 24
23 25
24 29
25 29
26 27
26 28
26 31
27 28
