# First value is number of nodes (N)
36 
# Next N numbers describe the node locations
249 238
153 173
108 265
219 200
186 61
181 73
59 158
186 33
86 155
8 119
175 127
231 15
222 104
34 139
17 56
41 28
46 86
109 50
112 208
170 94
191 24
47 58
128 165
49 60
57 188
245 92
24 192
217 95
146 177
129 118
94 141
243 142
45 253
176 145
136 238
179 173
# Remaining lines are the edges.
# The first value is the source node index.
# The second value is the target node index.
0 1
0 2
0 3
1 30
1 35
2 32
2 34
3 31
3 33
4 5
4 11
4 29
5 10
5 27
6 9
6 13
6 29
7 11
7 17
7 25
8 16
8 24
8 28
9 14
9 26
10 12
10 28
11 15
12 19
12 25
13 18
13 24
14 15
14 20
15 21
16 17
16 21
17 20
18 22
18 26
19 22
19 27
20 23
21 23
22 30
23 30
24 32
25 31
26 32
27 31
28 34
29 33
33 35
34 35
