# First value is number of nodes (N)
34 
# Next N numbers describe the node locations
149 221
126 138
81 248
210 243
209 10
262 46
274 8
104 164
263 105
224 141
299 123
322 69
256 95
282 69
193 131
300 42
322 36
298 217
282 223
44 118
82 66
8 166
77 182
53 157
338 216
299 230
168 147
156 56
151 104
102 29
49 202
28 221
257 223
278 245
# Remaining lines are the edges.
# The first value is the source node index.
# The second value is the target node index.
0 1
0 2
0 3
1 28
1 29
2 30
2 31
3 32
3 33
4 5
4 6
4 27
5 13
5 15
6 14
6 16
7 22
7 23
7 26
8 9
8 17
8 18
9 12
9 26
10 11
10 24
10 25
11 15
11 16
12 13
12 14
13 16
14 15
17 24
17 32
18 25
18 33
19 20
19 21
19 29
20 22
20 30
21 23
21 31
22 31
23 30
24 33
25 32
26 28
27 28
27 29
