# First value is number of nodes (N)
32 
# Next N numbers describe the node locations
184 390
249 376
209 372
266 365
235 257
209 216
218 278
264 102
18 29
44 17
74 74
108 78
84 37
109 25
41 79
38 69
99 77
272 43
212 169
242 133
169 200
98 151
154 84
204 308
107 252
293 299
260 337
318 212
240 342
325 328
261 393
238 332
# Remaining lines are the edges.
# The first value is the source node index.
# The second value is the target node index.
0 1
0 2
0 3
1 28
1 31
2 27
2 29
3 26
3 30
4 5
4 23
4 25
5 6
5 7
6 20
6 21
7 19
7 22
8 9
8 12
8 14
9 13
9 15
10 11
10 12
10 15
11 13
11 14
12 17
13 17
14 16
15 16
16 21
17 22
18 19
18 20
18 24
19 21
20 22
23 24
23 28
24 26
25 26
25 27
27 31
28 29
29 30
30 31
