# First value is number of nodes (N)
28 
# Next N numbers describe the node locations
155 169
174 91
109 203
203 132
27 154
8 100
375 160
443 189
423 187
421 204
9 44
60 76
396 133
403 210
51 20
46 125
362 138
354 189
106 8
88 91
337 8
319 142
144 32
125 31
266 145
220 122
61 115
35 166
# Remaining lines are the edges.
# The first value is the source node index.
# The second value is the target node index.
0 1
0 2
0 3
1 26
1 27
2 26
2 27
3 24
3 25
4 5
4 26
4 27
5 10
5 11
6 8
6 9
6 12
7 8
7 9
7 12
8 13
9 13
10 14
10 15
11 14
11 15
12 16
13 17
14 18
15 19
16 20
16 21
17 20
17 21
18 22
18 23
19 22
19 23
20 24
21 24
22 25
23 25
