# First value is number of nodes (N)
58 
# Next N numbers describe the node locations
161 178
167 219
196 168
216 109
273 167
9 39
181 277
54 35
163 17
115 113
75 224
51 156
49 57
101 55
128 105
105 182
186 162
198 148
218 259
74 125
193 205
161 95
13 211
122 205
226 203
176 259
148 207
39 144
117 120
280 104
221 123
234 47
109 30
16 80
104 96
176 281
228 87
154 35
125 8
14 268
58 219
190 205
137 217
24 83
87 253
111 166
186 40
256 152
160 101
221 71
270 232
67 72
138 251
158 155
96 234
167 42
220 142
266 99
# Remaining lines are the edges.
# The first value is the source node index.
# The second value is the target node index.
0 1
0 2
0 3
1 52
1 54
2 53
2 57
3 55
3 56
4 24
4 29
4 30
5 7
5 27
5 39
6 15
6 25
6 35
7 32
7 38
8 14
8 28
8 31
9 11
9 34
9 36
10 12
10 23
10 26
11 15
11 39
12 13
12 33
13 14
13 37
14 15
16 17
16 21
16 41
17 28
17 50
18 20
18 35
18 50
19 26
19 32
19 45
20 23
20 47
21 34
21 46
22 27
22 33
22 44
23 40
24 25
24 41
25 42
26 42
27 43
28 43
29 31
29 47
30 36
30 49
31 48
32 48
33 51
34 51
35 44
36 45
37 38
37 49
38 46
39 40
40 52
41 52
42 53
43 53
44 54
45 54
46 57
47 57
48 55
49 56
50 56
51 55
