# First value is number of nodes (N)
34 
# Next N numbers describe the node locations
220 278
154 344
242 345
234 288
198 228
211 152
46 243
59 283
109 200
231 223
103 147
35 66
193 146
177 56
101 16
157 29
154 80
197 18
131 14
202 54
234 67
35 216
8 200
61 200
119 244
181 316
90 237
241 278
123 287
269 336
253 322
201 360
172 348
261 370
# Remaining lines are the edges.
# The first value is the source node index.
# The second value is the target node index.
0 1
0 2
0 3
1 28
1 31
2 29
2 32
3 30
3 33
4 5
4 25
4 27
5 8
5 9
6 21
6 23
6 26
7 22
7 24
7 26
8 23
8 24
9 19
9 20
10 11
10 12
10 25
11 21
11 22
12 13
12 14
13 15
13 17
14 16
14 18
15 16
15 19
16 20
17 18
17 20
18 19
21 24
22 23
25 28
26 28
27 29
27 30
29 33
30 32
31 32
31 33
