# First value is number of nodes (N)
34 
# Next N numbers describe the node locations
130 320
134 330
179 352
80 268
353 40
273 98
334 71
331 81
291 31
335 77
364 85
324 43
244 21
349 166
264 150
236 106
202 153
75 197
163 189
239 176
66 228
109 121
8 282
126 297
20 384
79 263
11 248
204 229
53 293
196 295
51 389
127 390
136 345
203 229
# Remaining lines are the edges.
# The first value is the source node index.
# The second value is the target node index.
0 1
0 2
0 3
1 30
1 33
2 29
2 31
3 28
3 32
4 6
4 8
4 9
5 7
5 8
5 10
6 10
6 11
7 9
7 11
8 12
9 13
10 13
11 12
12 15
13 14
14 16
14 19
15 16
15 19
16 18
17 18
17 20
17 21
18 27
19 27
20 22
20 25
21 23
21 26
22 24
22 26
23 24
23 25
24 30
25 28
26 28
27 29
29 33
30 31
31 32
32 33
