# First value is number of nodes (N)
28 
# Next N numbers describe the node locations
514 183
476 127
568 175
460 163
430 61
370 60
333 70
322 86
210 59
215 136
186 26
56 13
16 23
40 42
8 72
68 8
167 148
123 23
136 67
273 67
538 14
488 74
356 113
428 104
406 142
469 117
535 147
572 128
# Remaining lines are the edges.
# The first value is the source node index.
# The second value is the target node index.
0 1
0 2
0 3
1 26
1 27
2 26
2 27
3 24
3 25
4 5
4 21
4 23
5 6
5 7
6 19
6 22
7 19
7 22
8 9
8 10
8 19
9 17
9 18
10 17
10 18
11 13
11 14
11 15
12 13
12 14
12 15
13 16
14 16
15 17
16 18
20 21
20 26
20 27
21 25
22 24
23 24
23 25
