# First value is number of nodes (N)
34 
# Next N numbers describe the node locations
72 363
136 374
90 408
69 367
163 26
76 66
45 84
66 31
56 42
120 24
94 157
89 148
187 418
65 186
192 152
54 128
51 105
41 26
33 119
22 112
117 192
106 227
38 174
191 193
82 236
61 238
32 311
116 319
79 308
99 360
18 352
32 390
52 420
85 437
# Remaining lines are the edges.
# The first value is the source node index.
# The second value is the target node index.
0 1
0 2
0 3
1 30
1 33
2 29
2 31
3 28
3 32
4 9
4 13
4 14
5 7
5 15
5 16
6 8
6 15
6 17
7 9
7 17
8 9
8 16
10 11
10 12
10 18
11 13
11 20
12 14
12 21
13 21
14 20
15 18
16 19
17 19
18 22
19 22
20 23
21 23
22 25
23 24
24 25
24 27
25 26
26 28
26 30
27 28
27 29
29 33
30 31
31 32
32 33
