# First value is number of nodes (N)
32 
# Next N numbers describe the node locations
99 250
36 227
212 155
167 253
195 87
49 11
143 10
114 13
151 83
222 51
95 72
201 103
62 81
177 79
46 84
41 87
164 78
102 115
224 97
14 65
74 130
157 140
44 89
167 79
12 112
223 151
179 144
16 174
113 188
87 156
134 220
65 224
# Remaining lines are the edges.
# The first value is the source node index.
# The second value is the target node index.
0 1
0 2
0 3
1 27
1 31
2 26
2 30
3 28
3 29
4 6
4 9
4 18
5 7
5 10
5 19
6 7
6 15
7 16
8 11
8 12
8 17
9 11
9 13
10 12
10 14
11 25
12 24
13 16
13 21
14 15
14 20
15 22
16 23
17 20
17 21
18 23
18 25
19 22
19 24
20 27
21 26
22 29
23 28
24 27
25 26
28 31
29 30
30 31
