# First value is number of nodes (N)
34 
# Next N numbers describe the node locations
200 320
237 275
238 272
161 323
200 88
202 144
140 98
60 45
36 63
29 117
18 206
39 198
189 128
63 189
69 36
133 182
113 12
154 80
181 42
143 65
226 47
214 188
236 155
261 38
162 55
241 179
56 244
184 266
115 276
185 273
265 238
270 298
252 339
218 300
# Remaining lines are the edges.
# The first value is the source node index.
# The second value is the target node index.
0 1
0 2
0 3
1 30
1 33
2 29
2 31
3 28
3 32
4 5
4 6
4 27
5 21
5 22
6 23
6 24
7 8
7 9
7 14
8 10
8 12
9 11
9 13
10 13
10 26
11 12
11 26
12 15
13 15
14 16
14 17
15 21
16 19
16 23
17 20
17 24
18 19
18 20
18 22
19 24
20 23
21 25
22 25
25 30
26 28
27 28
27 29
29 33
30 31
31 32
32 33
