# First value is number of nodes (N)
30 
# Next N numbers describe the node locations
190 298
146 273
168 299
222 237
14 247
209 231
45 196
191 141
150 133
228 140
183 66
160 68
73 87
48 22
71 28
131 117
19 24
81 8
119 64
151 103
62 90
8 81
86 97
42 213
21 139
244 189
142 222
215 216
199 241
106 298
# Remaining lines are the edges.
# The first value is the source node index.
# The second value is the target node index.
0 1
0 2
0 3
1 26
1 29
2 28
2 29
3 25
3 27
4 5
4 6
4 29
5 27
5 28
6 23
6 24
7 8
7 25
7 28
8 9
8 10
9 19
9 25
10 18
10 19
11 12
11 19
11 20
12 13
12 21
13 14
13 16
14 17
14 22
15 18
15 20
15 22
16 17
16 21
17 18
20 24
21 24
22 23
23 26
26 27
