# First value is number of nodes (N)
30 
# Next N numbers describe the node locations
156 133
116 145
147 46
221 98
178 93
126 99
208 151
228 79
99 34
125 114
35 64
37 165
124 77
13 162
49 100
90 134
85 8
87 190
18 106
138 187
267 101
266 123
210 40
190 191
110 186
149 18
266 149
252 72
83 79
90 97
# Remaining lines are the edges.
# The first value is the source node index.
# The second value is the target node index.
0 1
0 2
0 3
1 24
1 29
2 25
2 28
3 26
3 27
4 5
4 6
4 7
5 8
5 9
6 20
6 23
7 21
7 22
8 10
8 14
9 11
9 15
10 16
10 18
11 17
11 19
12 14
12 16
12 19
13 15
13 17
13 18
14 29
15 28
16 25
17 24
18 29
19 28
20 21
20 27
21 26
22 25
22 27
23 24
23 26
