# First value is number of nodes (N)
38 
# Next N numbers describe the node locations
199 252
211 179
161 258
157 178
288 89
76 168
14 95
247 87
278 16
41 110
78 33
85 85
88 11
100 49
153 80
192 22
152 109
26 81
76 61
18 71
159 81
218 36
88 137
25 174
106 156
226 51
157 124
29 215
81 172
248 144
147 130
89 272
159 251
155 163
111 266
138 180
268 197
247 157
# Remaining lines are the edges.
# The first value is the source node index.
# The second value is the target node index.
0 1
0 2
0 3
1 33
1 37
2 34
2 35
3 32
3 36
4 7
4 8
4 29
5 17
5 23
5 24
6 18
6 19
6 23
7 16
7 21
8 15
8 20
9 11
9 17
9 19
10 12
10 17
10 18
11 13
11 18
12 14
12 19
13 16
13 22
14 15
14 22
15 21
16 20
20 25
21 25
22 26
23 27
24 26
24 28
25 37
26 33
27 31
27 35
28 30
28 34
29 33
29 36
30 32
30 35
31 32
31 34
36 37
