# First value is number of nodes (N)
36 
# Next N numbers describe the node locations
120 204
170 272
73 176
107 189
167 44
57 92
210 111
23 98
145 155
177 9
150 90
73 29
82 45
164 30
236 25
137 164
258 58
170 188
227 166
270 141
232 128
229 214
275 203
247 226
83 89
28 137
126 82
150 97
99 159
109 141
234 255
182 126
20 217
43 263
149 215
80 272
# Remaining lines are the edges.
# The first value is the source node index.
# The second value is the target node index.
0 1
0 2
0 3
1 30
1 35
2 32
2 33
3 31
3 34
4 9
4 10
4 27
5 8
5 25
5 26
6 10
6 14
6 26
7 11
7 15
7 25
8 15
8 24
9 12
9 14
10 13
11 12
11 24
12 13
13 16
14 16
15 28
16 19
17 20
17 21
17 29
18 21
18 23
18 27
19 20
19 22
20 23
21 22
22 30
23 30
24 32
25 32
26 31
27 31
28 29
28 34
29 33
33 35
34 35
