# First value is number of nodes (N)
30 
# Next N numbers describe the node locations
12 137
57 131
34 192
44 126
257 51
225 82
221 127
224 119
249 204
252 82
192 58
221 86
232 133
109 159
129 26
67 88
186 77
135 165
31 62
81 134
168 158
243 213
176 109
112 51
117 102
152 103
79 194
56 146
9 163
12 112
# Remaining lines are the edges.
# The first value is the source node index.
# The second value is the target node index.
0 1
0 2
0 3
1 25
1 26
2 27
2 28
3 24
3 29
4 8
4 10
4 11
5 7
5 9
5 11
6 7
6 8
6 13
7 10
8 9
9 12
10 14
11 22
12 17
12 20
13 17
13 21
14 16
14 23
15 16
15 18
15 19
16 25
17 24
18 23
18 29
19 22
19 28
20 21
20 25
21 26
22 27
23 24
26 27
28 29
