# First value is number of nodes (N)
38 
# Next N numbers describe the node locations
175 227
160 256
67 304
244 295
218 58
242 37
214 51
128 117
103 133
44 92
45 176
48 140
172 154
98 52
254 59
239 8
204 63
51 13
210 19
204 73
195 168
129 154
24 159
23 134
63 170
241 182
232 162
23 204
271 199
229 211
85 168
166 167
167 215
52 250
202 265
155 266
176 308
129 299
# Remaining lines are the edges.
# The first value is the source node index.
# The second value is the target node index.
0 1
0 2
0 3
1 34
1 35
2 33
2 37
3 32
3 36
4 5
4 6
4 25
5 16
5 18
6 15
6 17
7 8
7 12
7 21
8 10
8 22
9 11
9 13
9 23
10 23
10 24
11 22
11 24
12 13
12 18
13 17
14 15
14 16
14 19
15 18
16 17
19 20
19 26
20 21
20 29
21 31
22 27
23 27
24 30
25 26
25 28
26 32
27 33
28 29
28 34
29 32
30 31
30 35
31 33
34 37
35 36
36 37
