# First value is number of nodes (N)
30 
# Next N numbers describe the node locations
83 244
144 214
116 279
34 191
211 37
160 141
175 67
244 100
107 28
146 81
165 10
203 20
179 202
57 58
42 129
248 162
120 214
198 154
61 90
79 152
213 211
126 200
19 103
215 264
151 252
115 221
19 124
167 201
171 283
180 229
# Remaining lines are the edges.
# The first value is the source node index.
# The second value is the target node index.
0 1
0 2
0 3
1 27
1 29
2 24
2 28
3 25
3 26
4 10
4 11
4 12
5 8
5 9
5 12
6 10
6 11
6 14
7 9
7 11
7 15
8 10
8 13
9 14
12 17
13 18
13 22
14 19
15 17
15 20
16 18
16 19
16 21
17 29
18 26
19 25
20 23
20 27
21 24
21 27
22 25
22 26
23 24
23 28
28 29
