# First value is number of nodes (N)
34 
# Next N numbers describe the node locations
88 381
127 324
170 398
159 285
185 248
200 187
108 206
76 39
83 58
128 8
175 50
148 17
156 46
186 20
37 90
205 78
158 107
41 141
11 143
31 188
8 200
164 150
197 143
26 205
112 164
30 319
132 205
196 266
104 257
98 380
227 347
154 343
193 365
131 326
# Remaining lines are the edges.
# The first value is the source node index.
# The second value is the target node index.
0 1
0 2
0 3
1 28
1 31
2 29
2 32
3 30
3 33
4 5
4 6
4 27
5 21
5 22
6 23
6 24
7 8
7 9
7 14
8 10
8 12
9 11
9 13
10 11
10 15
11 16
12 13
12 16
13 15
14 17
14 18
15 22
16 21
17 19
17 23
18 20
18 24
19 24
19 25
20 23
20 25
21 26
22 26
25 28
26 28
27 29
27 30
29 33
30 32
31 32
31 33
