# First value is number of nodes (N)
38 
# Next N numbers describe the node locations
126 309
107 248
83 338
48 259
150 68
164 32
181 27
99 68
122 17
92 119
92 107
91 88
175 63
184 75
216 27
173 138
205 159
140 193
194 116
95 165
48 22
39 109
215 236
91 215
63 188
159 256
28 120
203 155
67 271
101 270
173 277
8 251
159 231
34 228
60 227
26 333
104 295
169 298
# Remaining lines are the edges.
# The first value is the source node index.
# The second value is the target node index.
0 1
0 2
0 3
1 32
1 34
2 35
2 37
3 33
3 36
4 7
4 8
4 15
5 7
5 12
5 14
6 8
6 13
6 14
7 21
8 20
9 10
9 11
9 19
10 13
10 21
11 12
11 20
12 18
13 18
14 16
15 16
15 17
16 27
17 23
17 25
18 27
19 22
19 24
20 26
21 26
22 25
22 29
23 24
23 28
24 34
25 37
26 33
27 32
28 29
28 35
29 36
30 32
30 36
30 37
31 33
31 34
31 35
