# First value is number of nodes (N)
34 
# Next N numbers describe the node locations
97 362
58 359
112 325
34 306
303 46
266 8
250 67
258 39
280 26
252 28
304 77
220 19
99 61
197 68
193 119
147 90
66 177
168 225
140 175
290 225
50 216
63 221
92 96
56 258
28 261
88 291
137 237
169 228
22 306
206 348
135 246
105 393
113 341
188 346
# Remaining lines are the edges.
# The first value is the source node index.
# The second value is the target node index.
0 1
0 2
0 3
1 28
1 31
2 30
2 33
3 29
3 32
4 5
4 8
4 10
5 9
5 11
6 7
6 8
6 11
7 9
7 10
8 13
9 13
10 12
11 12
12 15
13 14
14 15
14 18
15 19
16 18
16 22
16 23
17 19
17 20
17 21
18 26
19 27
20 22
20 24
21 23
21 25
22 25
23 24
24 28
25 28
26 27
26 30
27 29
29 33
30 32
31 32
31 33
