# First value is number of nodes (N)
44 
# Next N numbers describe the node locations
58 387
128 384
176 401
85 347
208 56
262 113
122 13
96 40
172 47
233 36
247 141
281 113
273 11
115 177
134 62
100 74
30 72
119 52
274 153
300 195
141 126
54 90
263 267
305 235
24 171
79 221
266 269
226 228
179 267
264 389
54 204
97 272
169 267
57 194
215 269
227 305
30 261
35 286
204 280
140 371
106 305
42 329
110 375
125 353
# Remaining lines are the edges.
# The first value is the source node index.
# The second value is the target node index.
0 1
0 2
0 3
1 42
1 43
2 39
2 40
3 38
3 41
4 9
4 12
4 13
5 8
5 10
5 11
6 7
6 14
6 16
7 15
7 17
8 14
8 15
9 16
9 17
10 13
10 18
11 12
11 19
12 18
13 19
14 20
15 21
16 21
17 20
18 22
19 23
20 25
21 24
22 28
22 29
23 26
23 27
24 32
24 33
25 30
25 31
26 29
26 34
27 28
27 35
28 34
29 35
30 33
30 37
31 32
31 36
32 37
33 36
34 38
35 39
36 41
37 40
38 43
39 42
40 43
41 42
