# First value is number of nodes (N)
58 
# Next N numbers describe the node locations
31 223
99 128
17 152
34 258
206 22
47 113
172 17
172 256
135 151
109 149
71 43
148 150
193 91
237 93
174 114
203 110
110 131
236 171
224 184
207 54
53 227
206 182
99 111
164 136
254 153
117 106
52 101
86 252
39 208
77 131
148 8
244 97
184 237
114 119
131 187
93 149
172 65
171 67
187 179
204 32
156 82
163 43
142 102
53 68
151 207
146 185
219 113
162 107
186 133
124 236
79 35
234 249
188 119
31 159
109 187
171 188
200 216
23 71
# Remaining lines are the edges.
# The first value is the source node index.
# The second value is the target node index.
0 1
0 2
0 3
1 52
1 54
2 53
2 57
3 55
3 56
4 30
4 31
4 37
5 28
5 29
5 33
6 26
6 36
6 39
7 27
7 32
7 38
8 11
8 25
8 38
9 10
9 20
9 34
10 35
10 37
11 23
11 35
12 13
12 19
12 39
13 21
13 34
14 15
14 18
14 22
15 24
15 36
16 25
16 33
16 50
17 31
17 32
17 51
18 21
18 40
19 30
19 48
20 27
20 42
21 44
22 29
22 47
23 24
23 48
24 51
25 40
26 28
26 41
27 49
28 43
29 49
30 50
31 41
32 44
33 45
34 45
35 43
36 42
37 47
38 46
39 46
40 52
41 52
42 57
43 53
44 53
45 56
46 55
47 55
48 54
49 54
50 57
51 56
