# First value is number of nodes (N)
32 
# Next N numbers describe the node locations
118 184
81 143
174 186
131 178
235 85
218 129
121 18
123 125
38 36
37 209
75 13
78 109
46 129
45 95
214 98
154 197
112 221
207 100
236 216
247 110
196 33
149 138
98 51
145 62
92 182
42 147
119 59
70 149
185 56
148 200
242 168
222 175
# Remaining lines are the edges.
# The first value is the source node index.
# The second value is the target node index.
0 1
0 2
0 3
1 26
1 27
2 29
2 31
3 28
3 30
4 5
4 19
4 20
5 18
5 21
6 10
6 20
6 22
7 11
7 21
7 23
8 13
8 17
8 25
9 12
9 16
9 24
10 13
10 23
11 12
11 22
12 25
13 24
14 17
14 19
14 31
15 16
15 18
15 30
16 29
17 28
18 31
19 30
20 28
21 29
22 26
23 26
24 27
25 27
