# First value is number of nodes (N)
34 
# Next N numbers describe the node locations
140 238
125 210
134 279
70 242
278 64
290 30
259 80
295 8
230 41
250 11
269 70
282 93
29 47
65 19
70 52
8 50
157 62
82 65
13 123
38 178
239 119
207 39
34 260
188 65
109 109
136 169
102 137
136 137
162 189
77 224
61 272
64 317
182 309
247 214
# Remaining lines are the edges.
# The first value is the source node index.
# The second value is the target node index.
0 1
0 2
0 3
1 29
1 32
2 30
2 33
3 28
3 31
4 5
4 8
4 10
5 9
5 11
6 7
6 8
6 11
7 9
7 10
8 21
9 21
10 20
11 20
12 14
12 16
12 18
13 15
13 16
13 19
14 17
14 19
15 17
15 18
16 23
17 24
18 22
19 22
20 25
21 23
22 26
23 27
24 25
24 27
25 26
26 29
27 28
28 33
29 30
30 31
31 32
32 33
