# First value is number of nodes (N)
34 
# Next N numbers describe the node locations
322 346
306 321
278 338
238 297
370 192
318 168
224 139
9 28
70 33
39 122
58 221
67 35
103 35
24 129
68 42
54 123
345 102
335 178
340 199
206 193
198 134
142 144
289 139
391 232
383 327
293 263
127 227
239 296
176 229
316 278
347 334
298 366
239 357
273 300
# Remaining lines are the edges.
# The first value is the source node index.
# The second value is the target node index.
0 1
0 2
0 3
1 30
1 33
2 29
2 31
3 28
3 32
4 5
4 17
4 23
5 6
5 18
6 19
6 20
7 8
7 11
7 13
8 12
8 14
9 10
9 11
9 14
10 12
10 13
11 16
12 16
13 15
14 15
15 21
16 22
17 18
17 24
18 25
19 21
19 27
20 22
20 26
21 26
22 27
23 24
23 25
24 30
25 29
26 28
27 28
29 33
30 31
31 32
32 33
