# First value is number of nodes (N)
32 
# Next N numbers describe the node locations
207 265
228 292
252 261
157 228
127 232
160 95
76 123
66 95
8 64
187 63
104 63
51 65
107 84
134 37
76 18
53 47
50 34
36 21
199 147
198 162
74 193
213 116
15 117
272 147
300 202
39 270
128 179
245 175
267 216
107 176
167 278
284 257
# Remaining lines are the edges.
# The first value is the source node index.
# The second value is the target node index.
0 1
0 2
0 3
1 30
1 31
2 28
2 31
3 29
3 30
4 19
4 20
4 30
5 9
5 10
5 18
6 11
6 12
6 20
7 10
7 12
7 22
8 16
8 17
8 22
9 13
9 21
10 16
11 14
11 15
12 13
13 14
14 17
15 16
15 17
18 19
18 27
19 26
20 25
21 23
21 26
22 25
23 24
23 27
24 28
24 31
25 29
26 29
27 28
