# First value is number of nodes (N)
34 
# Next N numbers describe the node locations
288 97
255 186
289 248
274 175
334 97
8 120
309 63
317 38
8 193
32 131
26 265
231 30
267 10
165 272
88 254
53 195
269 39
305 33
204 29
128 145
92 119
93 150
92 91
224 33
237 152
103 195
221 274
314 203
88 234
191 107
317 261
251 204
230 215
167 238
# Remaining lines are the edges.
# The first value is the source node index.
# The second value is the target node index.
0 1
0 2
0 3
1 28
1 29
2 30
2 32
3 31
3 33
4 6
4 7
4 27
5 8
5 9
5 20
6 11
6 16
7 12
7 17
8 10
8 15
9 10
9 15
10 14
11 17
11 18
12 16
12 18
13 14
13 19
13 26
14 22
15 25
16 24
17 24
18 23
19 21
19 25
20 21
20 23
21 22
22 28
23 29
24 29
25 28
26 32
26 33
27 30
27 31
30 33
31 32
