# First value is number of nodes (N)
32 
# Next N numbers describe the node locations
205 267
238 246
133 198
132 297
233 64
170 90
299 31
251 8
236 43
131 86
204 25
88 96
301 79
263 97
234 101
52 15
169 193
8 262
279 127
234 148
159 49
136 225
39 235
9 207
42 303
108 257
95 297
93 212
54 271
263 182
184 169
150 125
# Remaining lines are the edges.
# The first value is the source node index.
# The second value is the target node index.
0 1
0 2
0 3
1 29
1 30
2 27
2 31
3 26
3 28
4 10
4 13
4 14
5 8
5 9
5 14
6 7
6 12
6 13
7 8
7 10
8 12
9 11
9 20
10 20
11 15
11 21
12 18
13 19
14 18
15 22
15 23
16 19
16 21
16 25
17 22
17 23
17 24
18 29
19 29
20 31
21 30
22 28
23 27
24 26
24 28
25 26
25 27
30 31
