# First value is number of nodes (N)
38 
# Next N numbers describe the node locations
217 240
133 222
256 251
234 226
237 104
299 182
173 81
32 108
111 27
11 114
45 120
238 23
54 165
12 92
110 112
138 108
47 53
179 62
121 86
294 93
260 44
220 76
311 88
137 108
111 120
22 123
14 180
194 171
146 170
302 225
206 115
174 169
151 208
44 187
196 192
232 236
259 175
297 240
# Remaining lines are the edges.
# The first value is the source node index.
# The second value is the target node index.
0 1
0 2
0 3
1 32
1 33
2 35
2 37
3 34
3 36
4 5
4 6
4 31
5 21
5 22
6 23
6 24
7 8
7 9
7 10
8 11
8 14
9 13
9 26
10 12
10 25
11 20
11 30
12 15
12 26
13 16
13 25
14 16
14 18
15 23
15 28
16 24
17 18
17 24
17 28
18 23
19 20
19 21
19 27
20 22
21 30
22 29
25 33
26 33
27 29
27 32
28 32
29 37
30 36
31 34
31 35
34 37
35 36
