# First value is number of nodes (N)
32 
# Next N numbers describe the node locations
61 333
27 346
110 355
62 284
177 71
134 117
137 163
63 180
56 59
47 176
83 207
137 107
63 15
152 26
16 177
124 15
33 61
74 35
34 141
127 276
8 235
178 129
87 297
87 181
97 314
153 189
53 242
138 262
146 317
15 278
13 293
75 366
# Remaining lines are the edges.
# The first value is the source node index.
# The second value is the target node index.
0 1
0 2
0 3
1 30
1 31
2 28
2 31
3 29
3 30
4 11
4 13
4 21
5 7
5 9
5 21
6 7
6 8
6 23
7 18
8 16
8 17
9 10
9 11
10 14
10 19
11 15
12 15
12 16
12 17
13 15
13 17
14 18
14 20
16 18
19 22
19 24
20 26
20 30
21 25
22 26
22 27
23 25
23 27
24 28
24 31
25 29
26 29
27 28
