# First value is number of nodes (N)
30 
# Next N numbers describe the node locations
34 225
72 113
167 208
140 255
213 123
245 81
181 96
48 106
113 127
122 130
42 41
167 52
183 8
204 38
90 56
200 53
212 89
151 86
141 110
119 193
23 100
165 142
69 76
222 216
31 85
99 90
192 252
178 224
122 214
183 193
# Remaining lines are the edges.
# The first value is the source node index.
# The second value is the target node index.
0 1
0 2
0 3
1 24
1 25
2 27
2 29
3 26
3 28
4 5
4 6
4 23
5 13
5 16
6 14
6 15
7 8
7 9
7 22
8 19
8 20
9 10
9 21
10 14
10 20
11 13
11 17
11 18
12 13
12 15
12 17
14 22
15 16
16 21
17 25
18 19
18 25
19 28
20 24
21 29
22 24
23 26
23 27
26 29
27 28
