# First value is number of nodes (N)
36 
# Next N numbers describe the node locations
187 229
175 162
137 234
181 276
217 40
204 55
220 110
175 43
90 129
44 128
42 147
35 96
73 180
79 230
125 167
150 113
241 128
285 33
226 205
296 205
101 216
33 224
64 78
95 104
231 173
273 106
297 257
214 267
263 247
232 206
123 189
226 248
254 265
212 229
16 247
192 200
# Remaining lines are the edges.
# The first value is the source node index.
# The second value is the target node index.
0 1
0 2
0 3
1 30
1 33
2 31
2 34
3 32
3 35
4 7
4 15
4 16
5 6
5 15
5 17
6 14
6 16
7 14
7 17
8 10
8 12
8 22
9 11
9 13
9 23
10 13
10 21
11 12
11 21
12 20
13 20
14 23
15 22
16 24
17 25
18 25
18 27
18 29
19 24
19 26
19 28
20 35
21 34
22 30
23 30
24 33
25 33
26 29
26 32
27 28
27 32
28 31
29 31
34 35
