# First value is number of nodes (N)
30 
# Next N numbers describe the node locations
60 305
67 337
26 241
71 282
168 101
119 57
79 21
125 116
30 77
26 41
62 57
84 114
93 147
209 154
19 94
50 145
236 213
212 179
236 275
214 216
205 317
187 221
226 267
8 161
142 260
11 228
119 313
81 194
51 278
31 289
# Remaining lines are the edges.
# The first value is the source node index.
# The second value is the target node index.
0 1
0 2
0 3
1 26
1 29
2 25
2 27
3 24
3 28
4 5
4 7
4 13
5 6
5 10
6 8
6 9
7 11
7 12
8 9
8 10
9 14
10 14
11 12
11 15
12 15
13 16
13 17
14 23
15 23
16 18
16 21
17 19
17 22
18 20
18 22
19 20
19 21
20 26
21 24
22 24
23 25
25 29
26 27
27 28
28 29
