# First value is number of nodes (N)
32 
# Next N numbers describe the node locations
154 124
134 107
169 98
190 189
302 72
307 66
208 88
294 81
30 171
36 181
252 96
223 86
293 32
335 87
56 204
30 74
295 212
233 16
59 201
71 122
127 23
91 164
40 124
82 217
138 170
178 61
149 68
134 138
182 73
225 121
245 203
113 186
# Remaining lines are the edges.
# The first value is the source node index.
# The second value is the target node index.
0 1
0 2
0 3
1 28
1 31
2 26
2 27
3 29
3 30
4 7
4 12
4 13
5 6
5 12
5 13
6 11
6 25
7 10
7 24
8 9
8 15
8 19
9 14
9 18
10 11
10 17
11 16
12 17
13 16
14 21
14 23
15 20
15 22
16 29
17 28
18 23
18 31
19 22
19 27
20 21
20 26
21 30
22 31
23 30
24 27
24 29
25 26
25 28
