# First value is number of nodes (N)
32 
# Next N numbers describe the node locations
255 148
302 103
195 163
264 128
251 49
202 13
208 50
69 13
161 67
175 132
83 157
73 89
25 15
8 105
31 62
119 40
57 51
304 24
217 26
268 13
153 162
86 121
88 154
175 117
161 50
286 67
285 49
177 131
175 92
158 137
256 104
301 90
# Remaining lines are the edges.
# The first value is the source node index.
# The second value is the target node index.
0 1
0 2
0 3
1 26
1 31
2 27
2 29
3 28
3 30
4 17
4 18
4 25
5 6
5 18
5 19
6 7
6 8
7 16
7 24
8 15
8 23
9 11
9 20
9 21
10 12
10 20
10 22
11 13
11 23
12 14
12 24
13 14
13 15
14 16
15 22
16 21
17 19
17 31
18 27
19 26
20 27
21 29
22 29
23 28
24 28
25 26
25 30
30 31
