# First value is number of nodes (N)
34 
# Next N numbers describe the node locations
99 329
70 325
284 329
95 240
264 103
304 9
303 29
317 68
251 8
245 132
257 105
213 74
223 97
229 115
290 126
196 41
244 170
126 135
36 186
19 112
72 228
33 126
117 202
114 100
26 219
10 228
139 189
229 242
27 284
199 280
113 263
132 322
133 290
183 323
# Remaining lines are the edges.
# The first value is the source node index.
# The second value is the target node index.
0 1
0 2
0 3
1 28
1 31
2 30
2 33
3 29
3 32
4 5
4 6
4 9
5 7
5 8
6 7
6 8
7 14
8 15
9 12
9 13
10 11
10 12
10 14
11 13
11 15
12 17
13 16
14 16
15 17
16 27
17 26
18 20
18 23
18 24
19 21
19 23
19 25
20 22
20 25
21 22
21 24
22 27
23 26
24 28
25 28
26 30
27 29
29 33
30 32
31 32
31 33
