# First value is number of nodes (N)
34 
# Next N numbers describe the node locations
133 190
197 185
119 145
151 136
276 136
333 72
315 106
315 168
283 124
345 77
333 104
194 76
371 163
350 65
252 25
324 155
330 167
294 142
369 209
106 49
327 190
263 179
37 95
41 123
197 45
143 75
32 138
61 138
110 140
75 129
34 177
261 205
131 83
124 92
# Remaining lines are the edges.
# The first value is the source node index.
# The second value is the target node index.
0 1
0 2
0 3
1 31
1 32
2 28
2 33
3 29
3 30
4 6
4 7
4 12
5 8
5 9
5 13
6 8
6 10
7 9
7 11
8 11
9 10
10 14
11 14
12 17
12 18
13 15
13 16
14 24
15 17
15 20
16 18
16 21
17 21
18 20
19 22
19 23
19 25
20 31
21 31
22 26
22 29
23 27
23 30
24 25
24 33
25 32
26 28
26 30
27 28
27 29
32 33
