# First value is number of nodes (N)
30 
# Next N numbers describe the node locations
34 145
170 181
37 99
91 108
172 140
60 20
58 69
234 19
174 39
226 81
225 98
164 13
72 14
170 170
170 118
207 151
234 94
214 94
112 50
26 20
148 41
124 80
96 130
81 146
131 108
63 138
165 87
195 173
144 95
53 88
# Remaining lines are the edges.
# The first value is the source node index.
# The second value is the target node index.
0 1
0 2
0 3
1 26
1 27
2 25
2 29
3 24
3 28
4 13
4 14
4 23
5 12
5 19
5 20
6 12
6 18
6 22
7 10
7 11
7 16
8 9
8 11
8 14
9 10
9 21
10 17
11 12
13 15
13 26
14 27
15 17
15 27
16 21
16 26
17 28
18 20
18 29
19 22
19 29
20 28
21 24
22 25
23 24
23 25
