# First value is number of nodes (N)
30 
# Next N numbers describe the node locations
199 415
189 362
207 357
257 394
213 251
53 282
211 190
476 52
448 154
477 8
418 40
446 167
425 22
412 103
387 62
26 77
10 113
283 15
15 73
75 100
53 163
343 95
364 127
135 192
311 138
473 276
165 175
214 314
461 286
240 334
# Remaining lines are the edges.
# The first value is the source node index.
# The second value is the target node index.
0 1
0 2
0 3
1 27
1 29
2 28
2 29
3 28
3 29
4 5
4 6
4 27
5 25
5 26
6 25
6 26
7 9
7 10
7 11
8 9
8 10
8 11
9 12
10 12
11 13
12 14
13 14
13 22
14 21
15 16
15 17
15 19
16 18
16 20
17 18
17 20
18 19
19 23
20 23
21 22
21 24
22 24
23 26
24 25
27 28
