# First value is number of nodes (N)
32 
# Next N numbers describe the node locations
260 237
265 205
317 206
204 225
211 164
266 79
55 160
8 100
94 113
26 87
209 17
221 118
154 44
92 49
25 35
148 16
93 8
75 86
250 111
206 110
126 148
244 125
9 215
326 81
349 131
109 183
169 134
278 98
314 168
150 227
231 193
334 199
# Remaining lines are the edges.
# The first value is the source node index.
# The second value is the target node index.
0 1
0 2
0 3
1 30
1 31
2 28
2 31
3 29
3 30
4 19
4 20
4 30
5 11
5 18
5 23
6 10
6 13
6 22
7 9
7 14
7 22
8 9
8 10
8 20
9 17
10 16
11 12
11 19
12 13
12 15
13 14
14 17
15 16
15 21
16 17
18 21
18 27
19 26
20 25
21 26
22 25
23 24
23 27
24 28
24 31
25 29
26 29
27 28
