# First value is number of nodes (N)
34 
# Next N numbers describe the node locations
435 215
343 195
467 259
422 171
443 111
339 134
318 91
233 9
209 74
183 172
84 92
87 95
36 68
10 41
56 64
20 108
22 16
64 47
110 28
75 157
223 143
142 206
194 134
86 85
142 127
302 181
373 64
450 149
401 186
472 209
345 230
398 245
412 212
432 238
# Remaining lines are the edges.
# The first value is the source node index.
# The second value is the target node index.
0 1
0 2
0 3
1 30
1 33
2 29
2 31
3 28
3 32
4 5
4 26
4 27
5 6
5 25
6 7
6 26
7 8
7 9
8 22
8 23
9 21
9 24
10 11
10 14
10 16
11 15
11 17
12 13
12 14
12 17
13 15
13 16
14 19
15 19
16 18
17 18
18 23
19 24
20 21
20 22
20 25
21 23
22 24
25 30
26 28
27 28
27 29
29 33
30 31
31 32
32 33
