# First value is number of nodes (N)
34 
# Next N numbers describe the node locations
182 223
301 235
288 248
214 172
393 170
391 107
364 100
354 46
324 56
220 182
319 60
334 8
36 70
14 92
45 106
105 119
42 70
84 85
41 124
46 138
232 32
274 80
140 121
115 66
214 106
224 48
374 200
389 120
176 87
164 129
344 256
316 268
297 161
360 129
# Remaining lines are the edges.
# The first value is the source node index.
# The second value is the target node index.
0 1
0 2
0 3
1 30
1 33
2 31
2 32
3 28
3 29
4 5
4 26
4 27
5 6
5 7
6 8
6 10
7 9
7 11
8 9
8 20
9 21
10 11
10 21
11 20
12 13
12 16
12 18
13 17
13 19
14 15
14 16
14 19
15 17
15 18
16 23
17 23
18 22
19 22
20 25
21 24
22 29
23 28
24 25
24 29
25 28
26 30
26 32
27 31
27 33
30 31
32 33
