# First value is number of nodes (N)
34 
# Next N numbers describe the node locations
188 228
148 263
221 295
185 173
49 154
64 92
29 212
306 62
269 55
312 120
228 52
214 103
299 117
244 27
108 154
94 209
159 80
18 294
58 287
183 104
156 84
134 63
159 108
85 276
50 243
132 110
30 48
11 256
39 220
297 205
216 154
126 150
104 305
145 207
# Remaining lines are the edges.
# The first value is the source node index.
# The second value is the target node index.
0 1
0 2
0 3
1 32
1 33
2 29
2 33
3 30
3 31
4 5
4 6
4 33
5 25
5 26
6 27
6 28
7 9
7 11
7 13
8 10
8 12
8 13
9 12
9 29
10 11
10 29
11 30
12 30
13 16
14 21
14 22
14 31
15 23
15 24
15 31
16 19
16 20
17 23
17 27
17 32
18 24
18 28
18 32
19 21
19 25
20 22
20 26
21 26
22 25
23 28
24 27
