# First value is number of nodes (N)
34 
# Next N numbers describe the node locations
25 237
105 249
116 249
61 171
280 156
231 130
201 216
234 211
209 159
92 20
105 32
143 26
284 32
398 14
394 186
401 245
396 139
399 172
30 13
54 40
111 140
133 77
309 237
351 170
173 90
209 154
308 227
25 94
67 127
179 159
121 172
25 118
152 252
109 217
# Remaining lines are the edges.
# The first value is the source node index.
# The second value is the target node index.
0 1
0 2
0 3
1 32
1 33
2 32
2 33
3 30
3 31
4 8
4 11
4 29
5 7
5 25
5 29
6 7
6 8
6 32
7 26
8 25
9 18
9 20
9 24
10 19
10 21
10 24
11 12
11 13
12 14
12 16
13 15
13 17
14 15
14 22
15 23
16 17
16 23
17 22
18 19
18 27
19 28
20 21
20 28
21 27
22 26
23 26
24 25
27 31
28 31
29 30
30 33
