# First value is number of nodes (N)
34 
# Next N numbers describe the node locations
211 303
270 243
156 297
256 344
195 213
131 179
152 204
58 209
133 184
29 95
33 167
69 60
155 30
146 70
179 75
130 180
107 78
109 8
98 32
12 158
25 208
31 203
256 72
182 211
29 297
70 206
210 220
244 270
271 201
158 265
78 323
287 311
292 318
311 287
# Remaining lines are the edges.
# The first value is the source node index.
# The second value is the target node index.
0 1
0 2
0 3
1 28
1 33
2 29
2 30
3 31
3 32
4 5
4 23
4 27
5 6
5 26
6 7
6 8
7 20
7 24
8 21
8 25
9 10
9 11
9 19
10 15
10 18
11 16
11 17
12 14
12 15
12 17
13 14
13 16
13 18
14 22
15 16
17 18
19 20
19 21
20 25
21 24
22 23
22 28
23 29
24 30
25 30
26 28
26 29
27 31
27 32
31 33
32 33
