# First value is number of nodes (N)
32 
# Next N numbers describe the node locations
78 292
50 254
50 291
123 267
12 195
92 210
11 131
117 245
130 231
183 144
239 160
107 42
8 8
159 30
147 84
215 66
254 211
266 92
278 146
211 144
240 101
175 98
59 23
75 52
83 95
55 142
28 70
198 239
61 190
98 205
103 251
10 253
# Remaining lines are the edges.
# The first value is the source node index.
# The second value is the target node index.
0 1
0 2
0 3
1 28
1 31
2 30
2 31
3 27
3 29
4 5
4 6
4 31
5 29
5 30
6 25
6 26
7 8
7 27
7 30
8 9
8 10
9 19
9 21
10 18
10 20
11 13
11 22
11 24
12 13
12 22
12 23
13 15
14 21
14 23
14 24
15 17
15 19
16 18
16 19
16 27
17 18
17 20
20 21
22 26
23 26
24 25
25 28
28 29
