# First value is number of nodes (N)
34 
# Next N numbers describe the node locations
228 342
226 293
267 325
51 318
253 177
286 103
266 63
276 55
22 168
94 119
113 247
33 250
14 171
16 215
81 177
66 205
82 105
144 84
171 121
236 79
157 28
225 132
215 39
216 50
252 26
275 167
93 249
133 182
158 263
223 271
274 253
286 283
249 311
219 276
# Remaining lines are the edges.
# The first value is the source node index.
# The second value is the target node index.
0 1
0 2
0 3
1 30
1 33
2 29
2 31
3 28
3 32
4 5
4 25
4 27
5 6
5 7
6 21
6 23
7 22
7 24
8 12
8 15
8 16
9 13
9 14
9 16
10 12
10 14
10 26
11 13
11 15
11 26
12 13
14 15
16 17
17 18
17 20
18 19
18 25
19 23
19 24
20 21
20 22
21 24
22 23
25 30
26 28
27 28
27 29
29 33
30 31
31 32
32 33
