# First value is number of nodes (N)
38 
# Next N numbers describe the node locations
140 275
67 242
13 235
166 257
233 175
288 158
23 118
143 84
204 120
257 95
276 74
67 45
56 17
143 65
76 36
48 50
55 149
8 70
105 8
169 15
165 117
275 121
236 65
274 36
207 22
232 228
21 159
21 137
265 135
129 134
268 203
124 236
225 247
160 190
69 158
73 221
20 182
81 201
# Remaining lines are the edges.
# The first value is the source node index.
# The second value is the target node index.
0 1
0 2
0 3
1 35
1 37
2 34
2 36
3 32
3 33
4 8
4 25
4 28
5 21
5 22
5 30
6 26
6 27
6 29
7 13
7 20
7 29
8 9
8 10
9 22
9 24
10 21
10 23
11 15
11 16
11 18
12 14
12 17
12 18
13 14
13 15
14 16
15 17
16 26
17 27
18 19
19 20
19 24
20 23
21 24
22 23
25 31
25 32
26 37
27 36
28 30
28 33
29 33
30 32
31 34
31 35
34 37
35 36
