# First value is number of nodes (N)
32 
# Next N numbers describe the node locations
197 209
118 195
175 173
268 204
59 127
22 96
107 58
45 76
278 62
323 120
348 183
219 70
186 8
242 26
319 154
292 138
283 107
298 146
250 110
68 25
128 19
208 53
55 113
127 77
15 38
105 52
8 174
244 158
256 147
301 179
117 130
53 175
# Remaining lines are the edges.
# The first value is the source node index.
# The second value is the target node index.
0 1
0 2
0 3
1 30
1 31
2 27
2 31
3 28
3 29
4 5
4 6
4 31
5 24
5 26
6 23
6 25
7 19
7 22
7 30
8 9
8 13
8 18
9 15
9 17
10 14
10 15
10 17
11 13
11 16
11 21
12 13
12 20
12 21
14 16
14 29
15 29
16 28
17 27
18 27
18 28
19 20
19 24
20 23
21 25
22 24
22 26
23 30
25 26
