# First value is number of nodes (N)
36 
# Next N numbers describe the node locations
167 84
194 259
156 191
279 180
242 16
249 135
121 16
212 45
174 32
247 105
182 11
197 17
320 251
361 115
26 132
23 157
314 211
323 115
19 34
83 146
261 130
260 24
73 88
126 105
45 182
346 126
289 40
286 197
46 244
115 117
128 124
321 165
241 234
141 242
203 233
206 183
# Remaining lines are the edges.
# The first value is the source node index.
# The second value is the target node index.
0 1
0 2
0 3
1 32
1 33
2 30
2 35
3 31
3 34
4 10
4 11
4 21
5 8
5 9
5 20
6 8
6 10
6 22
7 9
7 11
7 23
8 11
9 10
12 13
12 16
12 27
13 17
13 26
14 15
14 18
14 29
15 19
15 28
16 21
16 25
17 20
17 25
18 23
18 24
19 22
19 24
20 27
21 26
22 29
23 28
24 33
25 31
26 31
27 32
28 30
29 30
32 35
33 34
34 35
