# First value is number of nodes (N)
30 
# Next N numbers describe the node locations
131 176
186 185
109 209
164 139
244 119
12 187
134 65
13 109
123 81
128 24
63 99
213 25
141 22
220 70
9 102
126 122
201 130
233 75
45 21
171 31
229 63
180 114
12 157
233 185
243 121
74 149
203 83
168 105
177 218
203 191
# Remaining lines are the edges.
# The first value is the source node index.
# The second value is the target node index.
0 1
0 2
0 3
1 24
1 29
2 25
2 28
3 26
3 27
4 16
4 17
4 23
5 14
5 15
5 22
6 12
6 13
6 15
7 8
7 10
7 22
8 9
8 14
9 12
9 19
10 18
10 21
11 12
11 17
11 20
13 19
13 20
14 18
15 29
16 21
16 27
17 26
18 25
19 27
20 24
21 26
22 25
23 24
23 28
28 29
