# First value is number of nodes (N)
34 
# Next N numbers describe the node locations
111 321
48 303
122 281
171 338
9 201
31 162
13 154
171 97
182 182
218 28
193 297
198 261
237 262
253 324
260 218
303 57
220 53
302 105
273 22
184 28
254 74
281 14
228 42
265 152
107 96
102 163
42 169
154 241
108 22
150 279
231 334
167 329
68 216
42 263
# Remaining lines are the edges.
# The first value is the source node index.
# The second value is the target node index.
0 1
0 2
0 3
1 32
1 33
2 29
2 33
3 30
3 31
4 5
4 6
4 33
5 25
5 27
6 26
6 28
7 8
7 9
7 24
8 20
8 23
9 21
9 22
10 12
10 29
10 30
11 13
11 29
11 31
12 14
12 31
13 14
13 30
14 23
15 17
15 18
15 21
16 17
16 19
16 22
17 23
18 20
18 22
19 20
19 21
24 27
24 28
25 28
25 32
26 27
26 32
