# First value is number of nodes (N)
34 
# Next N numbers describe the node locations
122 336
157 337
119 336
102 304
175 117
176 55
195 122
143 105
21 75
26 34
42 47
42 59
10 33
247 84
303 141
65 15
93 82
239 69
293 85
239 53
267 111
279 110
130 23
45 143
278 295
154 176
205 216
89 192
19 216
192 279
158 311
145 273
113 271
47 334
# Remaining lines are the edges.
# The first value is the source node index.
# The second value is the target node index.
0 1
0 2
0 3
1 29
1 32
2 30
2 33
3 28
3 31
4 5
4 6
4 25
5 19
5 22
6 20
6 21
7 9
7 11
7 23
8 10
8 12
8 23
9 10
9 15
10 16
11 12
11 16
12 15
13 17
13 20
13 24
14 18
14 21
14 24
15 22
16 22
17 19
17 21
18 19
18 20
23 27
24 26
25 26
25 27
26 29
27 28
28 33
29 30
30 31
31 32
32 33
