# First value is number of nodes (N)
34 
# Next N numbers describe the node locations
159 329
228 319
196 293
144 274
234 149
228 84
182 21
194 51
137 116
108 185
121 72
96 55
111 21
155 42
161 9
83 76
66 76
179 156
170 205
30 97
13 183
112 238
68 258
87 215
41 232
16 290
258 211
200 266
38 296
45 105
219 284
235 283
265 275
157 260
# Remaining lines are the edges.
# The first value is the source node index.
# The second value is the target node index.
0 1
0 2
0 3
1 30
1 32
2 31
2 33
3 28
3 29
4 5
4 17
4 26
5 6
5 7
6 13
6 14
7 13
7 14
8 9
8 10
8 17
9 11
9 16
10 12
10 15
11 13
11 15
12 14
12 16
15 19
16 19
17 18
18 21
18 27
19 20
20 24
20 25
21 22
21 23
22 24
22 28
23 25
23 29
24 29
25 28
26 32
26 33
27 30
27 31
30 33
31 32
