# First value is number of nodes (N)
40 
# Next N numbers describe the node locations
247 320
196 293
228 269
196 241
240 116
259 46
10 29
82 58
79 8
115 14
80 58
141 60
146 17
8 83
31 93
96 46
114 109
136 20
120 68
24 143
80 124
211 122
236 168
148 105
119 184
59 144
97 255
190 166
166 218
121 211
266 217
259 220
196 267
192 285
153 273
285 251
276 235
187 314
206 188
25 252
# Remaining lines are the edges.
# The first value is the source node index.
# The second value is the target node index.
0 1
0 2
0 3
1 36
1 39
2 35
2 37
3 34
3 38
4 5
4 21
4 30
5 11
5 12
6 8
6 13
6 14
7 9
7 13
7 15
8 10
8 12
9 10
9 11
10 20
11 18
12 17
13 19
14 16
14 18
15 16
15 17
16 25
17 23
18 23
19 20
19 25
20 24
21 22
21 24
22 27
22 31
23 27
24 29
25 26
26 33
26 39
27 38
28 29
28 32
28 38
29 39
30 35
30 36
31 34
31 35
32 36
32 37
33 34
33 37
