# First value is number of nodes (N)
58 
# Next N numbers describe the node locations
151 175
98 148
141 277
147 199
144 33
99 166
23 168
85 203
247 156
16 70
162 99
256 81
169 71
153 121
194 121
219 101
242 174
37 237
151 255
231 203
218 120
104 280
141 55
47 172
51 118
42 66
114 198
196 51
102 94
218 184
169 183
155 210
78 155
188 16
180 143
253 170
213 171
16 225
252 8
52 264
161 44
76 185
89 25
57 67
239 276
198 251
204 60
231 249
62 157
59 249
130 243
219 143
146 106
104 240
141 232
133 83
38 131
208 283
# Remaining lines are the edges.
# The first value is the source node index.
# The second value is the target node index.
0 1
0 2
0 3
1 52
1 56
2 53
2 57
3 54
3 55
4 33
4 38
4 39
5 31
5 32
5 39
6 23
6 24
6 25
7 15
7 26
7 35
8 11
8 30
8 36
9 13
9 22
9 37
10 14
10 15
10 28
11 15
11 38
12 13
12 14
12 27
13 29
14 34
16 20
16 35
16 46
17 21
17 37
17 48
18 21
18 34
18 47
19 20
19 36
19 49
20 51
21 50
22 25
22 40
23 26
23 41
24 30
24 43
25 42
26 50
27 33
27 43
28 32
28 42
29 31
29 44
30 47
31 45
32 48
33 46
34 51
35 44
36 45
37 49
38 40
39 41
40 52
41 53
42 55
43 56
44 57
45 54
46 55
47 57
48 56
49 53
50 54
51 52
