# First value is number of nodes (N)
32 
# Next N numbers describe the node locations
224 269
284 260
238 237
180 223
224 116
212 127
263 59
280 104
230 25
140 68
25 61
254 179
25 261
129 146
19 198
112 67
120 112
125 20
33 44
8 86
69 20
64 88
126 116
28 113
176 8
303 152
232 68
298 250
221 166
199 198
122 200
282 222
# Remaining lines are the edges.
# The first value is the source node index.
# The second value is the target node index.
0 1
0 2
0 3
1 27
1 31
2 29
2 31
3 28
3 30
4 5
4 27
4 31
5 6
5 28
6 7
6 8
7 25
7 26
8 24
8 26
9 10
9 24
9 26
10 14
10 15
11 25
11 28
11 29
12 15
12 23
12 30
13 22
13 29
13 30
14 19
14 23
15 16
16 17
16 22
17 20
17 24
18 19
18 20
18 23
19 21
20 21
21 22
25 27
