# First value is number of nodes (N)
32 
# Next N numbers describe the node locations
190 171
204 134
129 180
253 166
232 66
195 42
302 72
343 162
15 107
101 125
34 38
148 20
300 67
324 42
209 8
296 127
57 99
94 42
86 140
51 123
28 159
294 158
264 48
329 119
164 47
227 87
260 99
188 116
75 63
118 131
364 165
69 180
# Remaining lines are the edges.
# The first value is the source node index.
# The second value is the target node index.
0 1
0 2
0 3
1 27
1 28
2 29
2 31
3 26
3 30
4 5
4 6
4 25
5 14
5 24
6 13
6 23
7 15
7 21
7 23
8 10
8 16
8 20
9 16
9 18
9 19
10 17
10 19
11 14
11 17
11 24
12 13
12 15
12 21
13 22
14 22
15 27
16 28
17 28
18 20
18 29
19 31
20 31
21 30
22 26
23 30
24 29
25 26
25 27
