# First value is number of nodes (N)
32 
# Next N numbers describe the node locations
79 318
116 272
76 334
88 295
193 106
154 63
110 8
85 8
57 32
74 88
23 32
105 54
31 28
169 137
90 112
31 68
20 116
202 164
158 161
180 220
20 183
88 182
72 191
144 190
159 273
19 245
67 244
113 249
41 313
116 341
104 343
60 343
# Remaining lines are the edges.
# The first value is the source node index.
# The second value is the target node index.
0 1
0 2
0 3
1 27
1 30
2 28
2 29
3 26
3 31
4 5
4 13
4 17
5 6
5 14
6 7
6 8
7 11
7 12
8 10
8 12
9 11
9 14
9 16
10 15
10 16
11 13
12 15
13 18
14 21
15 21
16 20
17 18
17 19
18 23
19 23
19 24
20 22
20 25
21 22
22 27
23 26
24 27
24 29
25 26
25 28
28 31
29 30
30 31
