# First value is number of nodes (N)
38 
# Next N numbers describe the node locations
36 202
45 224
148 280
72 134
236 88
153 63
172 12
218 15
163 186
276 63
183 55
148 72
188 38
163 79
98 12
118 82
150 229
270 191
227 186
167 224
253 284
182 215
27 47
86 165
259 225
134 278
114 305
274 283
273 265
120 277
32 136
16 80
8 170
18 15
54 122
216 305
45 227
161 252
# Remaining lines are the edges.
# The first value is the source node index.
# The second value is the target node index.
0 1
0 2
0 3
1 32
1 36
2 35
2 37
3 33
3 34
4 9
4 12
4 13
5 8
5 10
5 11
6 7
6 11
6 12
7 10
7 13
8 16
8 21
9 17
9 20
10 14
11 15
12 14
13 15
14 22
15 23
16 19
16 29
17 18
17 28
18 19
18 24
19 25
20 24
20 27
21 25
21 26
22 31
22 34
23 30
23 33
24 37
25 36
26 29
26 35
27 28
27 35
28 37
29 36
30 32
30 34
31 32
31 33
