# First value is number of nodes (N)
30 
# Next N numbers describe the node locations
164 168
111 177
101 143
224 172
171 38
54 40
81 21
22 36
145 8
261 27
16 67
287 82
155 80
234 131
184 132
201 105
119 69
56 77
206 15
225 40
271 174
24 108
8 98
299 127
129 109
253 147
55 133
203 85
225 205
179 198
# Remaining lines are the edges.
# The first value is the source node index.
# The second value is the target node index.
0 1
0 2
0 3
1 26
1 29
2 24
2 27
3 25
3 28
4 8
4 12
4 19
5 7
5 10
5 16
6 7
6 8
6 17
7 22
8 18
9 11
9 18
9 19
10 17
10 21
11 15
11 23
12 14
12 16
13 14
13 15
13 20
14 29
15 27
16 24
17 26
18 27
19 25
20 23
20 28
21 22
21 24
22 26
23 25
28 29
