# First value is number of nodes (N)
30 
# Next N numbers describe the node locations
130 214
184 214
163 186
65 207
183 61
124 95
206 48
82 88
44 9
113 9
43 78
123 8
94 108
130 48
45 44
117 9
71 179
148 78
8 59
65 196
92 109
140 26
158 129
213 172
37 197
190 108
197 217
203 196
196 151
127 146
# Remaining lines are the edges.
# The first value is the source node index.
# The second value is the target node index.
0 1
0 2
0 3
1 27
1 29
2 26
2 28
3 24
3 25
4 5
4 6
4 23
5 16
5 22
6 15
6 21
7 8
7 10
7 22
8 11
8 18
9 11
9 13
9 17
10 12
10 14
11 15
12 16
12 19
13 16
13 20
14 15
14 18
17 21
17 28
18 24
19 20
19 29
20 24
21 25
22 25
23 26
23 27
26 29
27 28
