# First value is number of nodes (N)
38 
# Next N numbers describe the node locations
153 204
95 53
159 285
214 201
201 84
120 60
151 174
20 117
101 20
8 105
183 46
232 109
15 201
129 87
130 14
85 119
235 58
196 273
192 265
152 173
151 27
35 115
80 82
64 46
61 272
199 166
162 237
235 177
183 280
211 307
249 282
242 248
124 189
108 19
196 265
186 307
215 172
158 259
# Remaining lines are the edges.
# The first value is the source node index.
# The second value is the target node index.
0 1
0 2
0 3
1 32
1 33
2 35
2 37
3 34
3 36
4 6
4 15
4 16
5 6
5 13
5 14
6 19
7 9
7 13
7 22
8 10
8 14
8 23
9 12
9 23
10 11
10 22
11 16
11 25
12 15
12 24
13 21
14 20
15 21
16 20
17 18
17 25
17 29
18 24
18 28
19 26
19 27
20 33
21 32
22 33
23 32
24 37
25 36
26 31
26 37
27 30
27 36
28 31
28 35
29 30
29 34
30 35
31 34
