# First value is number of nodes (N)
30 
# Next N numbers describe the node locations
122 265
172 279
85 295
136 240
156 245
162 168
160 207
22 271
12 300
41 157
222 53
184 18
110 82
120 33
199 27
197 17
158 125
68 135
48 53
8 152
145 128
164 68
222 109
222 173
193 178
69 162
173 219
119 214
97 223
140 302
# Remaining lines are the edges.
# The first value is the source node index.
# The second value is the target node index.
0 1
0 2
0 3
1 26
1 29
2 28
2 29
3 25
3 27
4 5
4 6
4 29
5 27
5 28
6 23
6 24
7 8
7 9
7 28
8 18
8 19
9 17
9 19
10 12
10 14
10 15
11 13
11 14
11 15
12 16
12 17
13 18
13 21
14 22
15 21
16 20
16 22
17 25
18 20
19 25
20 24
21 24
22 23
23 26
26 27
