# First value is number of nodes (N)
28 
# Next N numbers describe the node locations
339 283
321 222
380 287
308 234
377 139
412 89
180 223
155 166
427 41
278 15
10 149
37 160
48 194
12 181
63 132
91 246
453 8
392 12
87 115
112 203
411 257
393 192
205 184
322 163
269 191
344 201
394 283
424 289
# Remaining lines are the edges.
# The first value is the source node index.
# The second value is the target node index.
0 1
0 2
0 3
1 26
1 27
2 26
2 27
3 24
3 25
4 5
4 21
4 23
5 8
5 9
6 18
6 19
6 22
7 18
7 19
7 22
8 16
8 17
9 16
9 17
10 12
10 13
10 14
11 12
11 13
11 14
12 15
13 15
14 18
15 19
16 17
20 21
20 26
20 27
21 25
22 24
23 24
23 25
