# First value is number of nodes (N)
34 
# Next N numbers describe the node locations
158 124
167 131
250 124
181 51
347 126
106 210
60 272
114 43
336 112
343 194
343 211
344 143
292 163
42 232
45 227
155 174
336 64
266 89
164 168
8 199
250 112
301 191
231 52
286 28
262 39
276 11
65 265
116 183
162 243
27 175
246 126
301 228
217 18
264 17
# Remaining lines are the edges.
# The first value is the source node index.
# The second value is the target node index.
0 1
0 2
0 3
1 29
1 30
2 28
2 31
3 32
3 33
4 9
4 10
4 16
5 13
5 14
5 15
6 13
6 14
6 26
7 8
7 15
7 17
8 11
8 12
9 11
9 20
10 12
10 21
11 21
12 20
13 19
14 19
15 18
16 24
16 25
17 22
17 23
18 27
18 30
19 29
20 31
21 31
22 24
22 32
23 25
23 33
24 33
25 32
26 28
26 30
27 28
27 29
