# First value is number of nodes (N)
32 
# Next N numbers describe the node locations
177 221
141 194
205 198
109 172
132 73
70 83
144 20
164 179
214 118
226 153
96 129
172 75
78 146
253 108
125 227
79 185
49 202
40 52
59 168
236 34
77 30
236 73
29 33
71 108
207 28
84 8
12 115
178 131
72 229
37 228
111 149
176 131
# Remaining lines are the edges.
# The first value is the source node index.
# The second value is the target node index.
0 1
0 2
0 3
1 30
1 31
2 27
2 31
3 28
3 29
4 5
4 6
4 31
5 23
5 26
6 24
6 25
7 9
7 14
7 30
8 9
8 11
8 21
9 13
10 11
10 12
10 20
11 19
12 15
12 16
13 19
13 27
14 15
14 28
15 29
16 18
16 28
17 20
17 22
17 23
18 26
18 29
19 24
20 25
21 24
21 27
22 25
22 26
23 30
