# First value is number of nodes (N)
38 
# Next N numbers describe the node locations
129 253
188 301
146 214
227 178
304 115
287 53
317 87
89 214
37 96
24 63
43 75
163 139
162 80
103 64
174 177
130 129
85 77
52 37
81 43
34 120
193 61
202 31
274 79
276 98
284 75
273 35
231 69
103 195
230 150
114 171
92 163
276 211
270 132
160 195
210 278
81 297
134 294
170 247
# Remaining lines are the edges.
# The first value is the source node index.
# The second value is the target node index.
0 1
0 2
0 3
1 34
1 35
2 33
2 37
3 32
3 36
4 5
4 6
4 31
5 24
5 26
6 23
6 25
7 15
7 27
7 30
8 9
8 10
8 30
9 17
9 19
10 16
10 18
11 12
11 28
11 29
12 13
12 20
13 19
13 21
14 18
14 20
14 21
15 16
15 17
16 19
17 18
20 26
21 25
22 23
22 24
22 28
23 26
24 25
27 29
27 35
28 32
29 33
30 33
31 32
31 34
34 37
35 36
36 37
