# First value is number of nodes (N)
32 
# Next N numbers describe the node locations
68 47
118 180
139 82
38 69
179 117
139 134
16 166
190 57
157 118
142 82
56 121
189 102
66 155
138 18
160 195
246 142
61 151
139 14
78 18
51 155
188 133
219 190
188 199
208 206
40 230
233 16
194 154
172 146
139 242
180 188
33 102
57 15
# Remaining lines are the edges.
# The first value is the source node index.
# The second value is the target node index.
0 1
0 2
0 3
1 26
1 28
2 27
2 29
3 30
3 31
4 5
4 13
4 15
5 12
5 14
6 8
6 16
6 24
7 9
7 17
7 25
8 11
8 19
9 10
9 18
10 12
10 16
11 13
11 17
12 19
13 18
14 22
14 23
15 20
15 21
16 30
17 31
18 31
19 30
20 23
20 27
21 22
21 26
22 29
23 28
24 28
24 29
25 26
25 27
