# First value is number of nodes (N)
32 
# Next N numbers describe the node locations
157 343
113 232
221 334
92 179
197 151
195 234
180 92
69 35
46 101
107 8
97 23
92 70
49 97
127 68
138 33
133 112
66 107
10 83
65 324
19 228
20 300
50 247
21 327
25 306
223 213
155 288
71 321
89 154
134 262
206 302
210 255
238 273
# Remaining lines are the edges.
# The first value is the source node index.
# The second value is the target node index.
0 1
0 2
0 3
1 28
1 30
2 29
2 31
3 26
3 27
4 5
4 6
4 24
5 13
5 16
6 14
6 15
7 8
7 9
7 10
8 16
8 17
9 11
9 14
10 11
10 14
11 13
12 13
12 15
12 17
15 16
17 19
18 22
18 23
18 25
19 20
19 21
20 22
20 26
21 23
21 27
22 27
23 26
24 30
24 31
25 28
25 29
28 31
29 30
