# First value is number of nodes (N)
28 
# Next N numbers describe the node locations
171 443
219 428
141 447
155 377
110 321
231 331
151 217
112 196
139 205
50 418
94 415
11 364
39 14
33 53
8 334
39 335
31 54
82 43
37 287
76 91
92 148
57 357
158 97
221 305
247 280
245 376
98 452
185 466
# Remaining lines are the edges.
# The first value is the source node index.
# The second value is the target node index.
0 1
0 2
0 3
1 25
1 27
2 26
2 27
3 26
3 27
4 23
4 24
4 25
5 23
5 24
5 25
6 7
6 8
6 22
7 20
7 21
8 20
8 21
9 10
9 11
9 26
10 14
10 15
11 14
11 15
12 13
12 16
12 17
13 16
13 17
14 18
15 18
16 19
17 19
18 21
19 20
22 23
22 24
