# First value is number of nodes (N)
30 
# Next N numbers describe the node locations
184 194
165 228
70 174
225 169
114 122
88 22
60 96
42 70
135 42
42 106
8 119
41 150
220 110
153 8
131 35
173 86
126 76
177 108
220 30
95 133
187 177
155 51
103 242
13 210
60 178
221 91
140 253
201 198
215 232
156 261
# Remaining lines are the edges.
# The first value is the source node index.
# The second value is the target node index.
0 1
0 2
0 3
1 26
1 27
2 24
2 29
3 25
3 28
4 6
4 12
4 17
5 7
5 13
5 16
6 7
6 11
7 10
8 9
8 14
8 15
9 10
9 11
10 23
11 22
12 15
12 19
13 14
13 18
14 21
15 20
16 19
16 21
17 18
17 20
18 25
19 24
20 27
21 25
22 23
22 26
23 24
26 29
27 28
28 29
