# First value is number of nodes (N)
34 
# Next N numbers describe the node locations
312 283
241 249
342 300
297 222
356 153
341 100
310 114
35 32
27 42
13 27
19 55
76 76
59 72
40 32
34 31
117 38
84 99
160 38
17 209
224 115
217 49
286 45
325 78
294 68
372 12
261 169
158 164
372 214
209 192
320 256
370 312
304 312
312 313
323 280
# Remaining lines are the edges.
# The first value is the source node index.
# The second value is the target node index.
0 1
0 2
0 3
1 28
1 31
2 29
2 32
3 30
3 33
4 5
4 6
4 27
5 22
5 24
6 21
6 23
7 8
7 11
7 13
8 12
8 14
9 10
9 11
9 14
10 12
10 13
11 16
12 16
13 15
14 15
15 17
16 18
17 19
17 25
18 20
18 26
19 22
19 26
20 21
20 25
21 24
22 23
23 24
25 28
26 28
27 29
27 30
29 33
30 32
31 32
31 33
