# First value is number of nodes (N)
38 
# Next N numbers describe the node locations
186 287
234 246
125 285
198 127
160 133
198 50
229 109
209 8
165 54
145 41
28 95
132 63
108 43
148 67
282 35
107 180
29 174
14 108
219 101
66 83
56 152
119 152
282 83
305 156
263 68
170 163
146 125
112 175
313 172
235 143
49 243
18 211
141 222
281 197
164 213
180 276
187 243
137 237
# Remaining lines are the edges.
# The first value is the source node index.
# The second value is the target node index.
0 1
0 2
0 3
1 33
1 36
2 32
2 37
3 34
3 35
4 5
4 6
4 25
5 14
5 24
6 22
6 23
7 8
7 9
7 14
8 13
8 21
9 11
9 12
10 12
10 17
10 20
11 18
11 21
12 13
13 18
14 22
15 16
15 19
15 27
16 20
16 31
17 19
17 31
18 29
19 30
20 30
21 26
22 28
23 24
23 29
24 28
25 26
25 27
26 34
27 32
28 33
29 33
30 35
31 32
34 37
35 36
36 37
