# First value is number of nodes (N)
32 
# Next N numbers describe the node locations
86 219
88 274
40 200
58 180
262 142
84 51
231 37
202 8
140 8
157 173
140 109
147 56
145 40
249 219
230 47
182 34
213 188
266 176
254 224
188 90
219 167
251 200
203 257
154 127
131 222
57 102
104 140
147 269
20 151
67 224
26 267
11 199
# Remaining lines are the edges.
# The first value is the source node index.
# The second value is the target node index.
0 1
0 2
0 3
1 27
1 30
2 28
2 29
3 26
3 31
4 6
4 13
4 17
5 8
5 11
5 25
6 7
6 14
7 8
7 15
8 12
9 10
9 16
9 24
10 11
10 12
11 14
12 15
13 16
13 21
14 19
15 19
16 18
17 18
17 20
18 22
19 23
20 21
20 23
21 22
22 27
23 26
24 27
24 29
25 26
25 28
28 31
29 30
30 31
