# First value is number of nodes (N)
32 
# Next N numbers describe the node locations
200 180
271 83
136 195
178 96
322 59
338 50
345 86
364 37
46 98
96 71
312 24
8 77
30 8
255 8
128 38
21 128
89 117
182 15
69 140
294 48
24 187
252 45
103 72
121 42
323 138
202 140
258 181
144 154
203 100
277 127
150 70
85 178
# Remaining lines are the edges.
# The first value is the source node index.
# The second value is the target node index.
0 1
0 2
0 3
1 26
1 29
2 27
2 31
3 28
3 30
4 5
4 6
4 21
5 7
5 19
6 7
6 24
7 10
8 9
8 11
8 20
9 14
9 22
10 13
10 19
11 12
11 15
12 16
12 23
13 17
13 21
14 17
14 23
15 18
15 20
16 18
16 22
17 28
18 27
19 29
20 31
21 30
22 31
23 30
24 26
24 29
25 26
25 27
25 28
