# First value is number of nodes (N)
32 
# Next N numbers describe the node locations
39 211
59 239
24 249
68 202
54 38
99 48
99 36
160 38
158 119
164 114
22 37
92 55
145 114
137 143
179 75
154 18
185 189
136 184
106 144
151 77
153 260
107 213
96 177
90 163
29 107
26 40
75 206
93 119
89 270
30 155
19 178
89 229
# Remaining lines are the edges.
# The first value is the source node index.
# The second value is the target node index.
0 1
0 2
0 3
1 29
1 31
2 28
2 30
3 26
3 27
4 7
4 11
4 13
5 6
5 11
5 12
6 10
6 15
7 10
7 14
8 13
8 15
8 17
9 12
9 14
9 16
10 25
11 24
12 18
13 18
14 19
15 19
16 20
16 23
17 21
17 22
18 31
19 27
20 21
20 28
21 26
22 23
22 29
23 26
24 25
24 30
25 27
28 31
29 30
