# First value is number of nodes (N)
28 
# Next N numbers describe the node locations
88 372
31 360
130 328
69 398
137 174
132 119
87 106
161 22
134 76
120 32
118 8
140 91
101 65
87 151
21 254
40 202
12 250
27 265
152 219
109 272
41 439
9 466
8 413
141 280
157 281
56 476
17 466
22 277
# Remaining lines are the edges.
# The first value is the source node index.
# The second value is the target node index.
0 1
0 2
0 3
1 22
1 27
2 23
2 24
3 25
3 26
4 5
4 6
4 18
5 11
5 13
6 12
6 13
7 9
7 10
7 11
8 9
8 10
8 11
9 12
10 12
13 15
14 16
14 17
14 19
15 16
15 17
16 27
17 27
18 23
18 24
19 23
19 24
20 22
20 25
20 26
21 22
21 25
21 26
