# First value is number of nodes (N)
32 
# Next N numbers describe the node locations
112 306
60 293
58 345
113 245
152 286
142 233
55 283
54 202
85 192
21 193
217 142
82 87
216 93
174 140
102 32
102 136
203 62
150 42
167 8
216 41
155 140
183 73
119 151
12 92
37 287
194 233
9 255
125 184
8 317
62 245
107 226
89 333
# Remaining lines are the edges.
# The first value is the source node index.
# The second value is the target node index.
0 1
0 2
0 3
1 29
1 31
2 28
2 31
3 27
3 30
4 5
4 6
4 31
5 25
5 30
6 24
6 26
7 8
7 9
7 30
8 22
8 29
9 23
9 26
10 12
10 13
10 25
11 14
11 15
11 23
12 19
12 21
13 20
13 27
14 18
14 21
15 17
15 22
16 17
16 20
16 21
17 18
18 19
19 20
22 25
23 27
24 28
24 29
26 28
