# First value is number of nodes (N)
34 
# Next N numbers describe the node locations
103 55
128 30
82 94
159 97
241 169
222 151
213 220
88 104
71 198
78 13
153 157
58 236
106 231
58 36
211 184
157 241
108 110
108 16
139 46
171 99
76 106
88 27
30 144
157 164
67 226
44 163
209 157
244 94
223 116
224 60
223 86
49 89
134 181
77 144
# Remaining lines are the edges.
# The first value is the source node index.
# The second value is the target node index.
0 1
0 2
0 3
1 29
1 30
2 31
2 33
3 28
3 32
4 5
4 6
4 27
5 16
5 26
6 14
6 15
7 8
7 16
7 18
8 11
8 24
9 13
9 17
9 19
10 14
10 19
10 23
11 15
11 25
12 15
12 23
12 24
13 21
13 22
14 26
16 20
17 18
17 29
18 30
19 30
20 21
20 31
21 33
22 25
22 31
23 33
24 32
25 32
26 28
27 28
27 29
