# First value is number of nodes (N)
36 
# Next N numbers describe the node locations
193 219
143 123
180 289
237 168
236 173
255 105
282 124
193 101
122 110
114 58
31 222
54 199
8 179
41 163
91 125
9 115
153 27
142 104
85 72
107 109
172 45
209 88
220 49
58 280
133 195
70 189
204 110
263 75
236 128
232 263
113 124
248 132
214 270
180 250
112 227
88 257
# Remaining lines are the edges.
# The first value is the source node index.
# The second value is the target node index.
0 1
0 2
0 3
1 30
1 31
2 33
2 35
3 32
3 34
4 5
4 6
4 29
5 22
5 28
6 21
6 27
7 8
7 9
7 26
8 17
8 19
9 16
9 18
10 11
10 12
10 23
11 15
11 25
12 13
12 14
13 15
13 24
14 19
14 25
15 18
16 19
16 20
17 18
17 20
20 22
21 26
21 28
22 27
23 24
23 35
24 30
25 34
26 30
27 31
28 31
29 32
29 33
32 35
33 34
