# First value is number of nodes (N)
34 
# Next N numbers describe the node locations
148 311
100 312
183 169
160 350
240 297
207 128
213 102
233 121
8 145
36 166
16 37
88 76
16 91
150 169
95 82
51 29
131 41
187 82
194 95
214 66
168 26
131 96
44 197
245 236
204 237
243 175
90 208
215 345
84 251
209 185
175 229
173 393
121 374
51 376
# Remaining lines are the edges.
# The first value is the source node index.
# The second value is the target node index.
0 1
0 2
0 3
1 28
1 33
2 29
2 30
3 31
3 32
4 23
4 24
4 27
5 6
5 7
5 25
6 18
6 20
7 19
7 21
8 10
8 12
8 22
9 11
9 13
9 22
10 11
10 14
11 15
12 13
12 15
13 14
14 17
15 16
16 20
16 21
17 18
17 19
18 21
19 20
22 28
23 25
23 30
24 26
24 29
25 29
26 28
26 30
27 31
27 32
31 33
32 33
