# First value is number of nodes (N)
28 
# Next N numbers describe the node locations
197 392
181 439
217 435
190 335
345 66
393 46
399 8
374 29
398 89
349 27
357 113
315 72
19 116
41 145
248 100
309 121
236 68
51 206
258 149
94 172
149 197
209 190
292 291
157 250
192 287
176 287
184 465
185 477
# Remaining lines are the edges.
# The first value is the source node index.
# The second value is the target node index.
0 1
0 2
0 3
1 26
1 27
2 26
2 27
3 24
3 25
4 6
4 7
4 8
5 6
5 7
5 8
6 9
7 9
8 10
9 11
10 14
10 15
11 14
11 15
12 13
12 16
12 17
13 16
13 17
14 18
15 18
16 19
17 19
18 21
19 20
20 21
20 23
21 22
22 24
22 25
23 24
23 25
26 27
