# First value is number of nodes (N)
30 
# Next N numbers describe the node locations
96 211
64 228
96 265
133 192
210 119
75 80
62 35
178 54
159 30
112 40
139 37
79 30
63 132
83 156
183 152
201 177
106 140
116 127
75 77
137 80
8 143
19 169
211 233
161 210
168 101
36 89
144 216
12 237
108 237
171 270
# Remaining lines are the edges.
# The first value is the source node index.
# The second value is the target node index.
0 1
0 2
0 3
1 25
1 27
2 28
2 29
3 24
3 26
4 7
4 14
4 15
5 6
5 12
5 13
6 9
6 11
7 8
7 10
8 11
8 19
9 10
9 19
10 18
11 18
12 17
12 20
13 16
13 21
14 17
14 23
15 16
15 22
16 26
17 24
18 25
19 24
20 21
20 25
21 27
22 23
22 29
23 28
26 29
27 28
