# First value is number of nodes (N)
34 
# Next N numbers describe the node locations
101 128
19 128
258 219
134 61
68 227
45 220
44 253
11 38
109 128
261 21
301 160
273 231
294 219
291 250
305 186
315 200
261 182
290 239
28 36
93 26
162 29
97 150
158 237
9 133
154 257
50 212
81 260
38 221
18 223
261 192
102 33
132 20
33 112
100 153
# Remaining lines are the edges.
# The first value is the source node index.
# The second value is the target node index.
0 1
0 2
0 3
1 32
1 33
2 29
2 33
3 30
3 31
4 5
4 6
4 33
5 25
5 27
6 26
6 28
7 18
7 19
7 32
8 9
8 20
8 21
9 10
9 22
10 14
10 15
11 12
11 13
11 22
12 14
12 16
13 15
13 17
14 17
15 16
16 29
17 29
18 20
18 30
19 21
19 31
20 31
21 30
22 24
23 27
23 28
23 32
24 25
24 26
25 28
26 27
