# First value is number of nodes (N)
34 
# Next N numbers describe the node locations
187 217
176 253
207 174
245 216
316 105
283 44
280 74
75 85
115 136
48 212
75 127
218 163
94 147
36 107
54 166
24 172
27 78
38 165
144 40
187 25
217 126
258 59
263 47
249 8
215 35
123 281
214 138
307 170
290 113
266 200
160 274
208 286
245 287
312 252
# Remaining lines are the edges.
# The first value is the source node index.
# The second value is the target node index.
0 1
0 2
0 3
1 30
1 33
2 29
2 31
3 28
3 32
4 5
4 6
4 27
5 21
5 23
6 22
6 24
7 13
7 16
7 18
8 10
8 12
8 18
9 14
9 15
9 25
10 13
10 25
11 12
11 13
11 26
12 17
14 16
14 17
15 16
15 17
18 19
19 23
19 24
20 21
20 22
20 26
21 24
22 23
25 30
26 28
27 28
27 29
29 33
30 31
31 32
32 33
