# First value is number of nodes (N)
34 
# Next N numbers describe the node locations
321 247
256 177
276 219
261 260
131 61
176 137
189 93
101 56
79 266
61 250
84 80
82 71
74 285
129 8
99 8
119 39
32 43
30 285
8 240
83 271
12 174
38 231
55 214
111 38
330 109
161 102
261 281
255 173
208 212
317 179
281 246
293 243
301 279
336 254
# Remaining lines are the edges.
# The first value is the source node index.
# The second value is the target node index.
0 1
0 2
0 3
1 30
1 33
2 29
2 31
3 28
3 32
4 5
4 6
4 25
5 21
5 22
6 23
6 24
7 11
7 13
7 14
8 12
8 17
8 19
9 12
9 18
9 20
10 11
10 15
10 16
11 26
12 26
13 15
13 23
14 16
14 24
15 24
16 23
17 18
17 21
18 22
19 20
19 22
20 21
25 27
25 30
26 28
27 28
27 29
29 33
30 31
31 32
32 33
