# First value is number of nodes (N)
34 
# Next N numbers describe the node locations
89 300
122 391
115 383
92 201
203 26
150 47
44 20
146 28
145 10
160 8
174 74
215 93
198 75
181 90
19 74
164 214
8 56
54 79
187 85
186 197
24 107
41 109
47 163
164 340
169 233
55 232
87 279
128 279
40 376
123 185
113 430
76 429
58 388
134 387
# Remaining lines are the edges.
# The first value is the source node index.
# The second value is the target node index.
0 1
0 2
0 3
1 32
1 33
2 28
2 30
3 29
3 31
4 8
4 10
4 11
5 9
5 12
5 13
6 9
6 16
6 17
7 8
7 14
7 15
8 9
10 12
10 18
11 13
11 19
12 19
13 18
14 16
14 20
15 17
15 21
16 21
17 20
18 23
19 23
20 22
21 22
22 25
23 24
24 25
24 27
25 26
26 27
26 28
27 29
28 32
29 33
30 31
30 33
31 32
