# First value is number of nodes (N)
28 
# Next N numbers describe the node locations
55 239
23 242
85 179
50 158
20 132
75 157
147 316
93 270
62 300
123 328
104 279
209 125
281 50
247 95
334 88
387 44
368 12
353 29
358 89
318 17
304 104
191 41
91 138
35 57
47 128
173 138
36 297
26 182
# Remaining lines are the edges.
# The first value is the source node index.
# The second value is the target node index.
0 1
0 2
0 3
1 26
1 27
2 25
2 27
3 23
3 24
4 23
4 24
4 27
5 6
5 22
5 25
6 9
6 10
7 9
7 10
7 26
8 9
8 10
8 26
11 12
11 13
11 25
12 20
12 21
13 20
13 21
14 16
14 17
14 18
15 16
15 17
15 18
16 19
17 19
18 20
19 21
22 23
22 24
