# First value is number of nodes (N)
36 
# Next N numbers describe the node locations
101 133
129 114
72 95
153 217
234 121
220 130
77 198
268 139
235 186
43 211
153 158
270 118
60 51
137 159
106 153
190 33
45 195
99 67
115 39
74 31
178 50
236 78
136 131
53 217
57 62
149 139
262 183
173 219
26 130
160 115
55 80
192 246
143 77
21 72
159 237
142 122
# Remaining lines are the edges.
# The first value is the source node index.
# The second value is the target node index.
0 1
0 2
0 3
1 32
1 35
2 30
2 33
3 31
3 34
4 5
4 7
4 15
5 8
5 10
6 9
6 10
6 14
7 11
7 26
8 11
8 20
9 16
9 28
10 23
11 21
12 13
12 19
12 24
13 25
13 27
14 22
14 29
15 18
15 21
16 22
16 23
17 18
17 19
17 20
18 30
19 33
20 32
21 35
22 35
23 34
24 28
24 30
25 29
25 31
26 27
26 31
27 34
28 33
29 32
