# First value is number of nodes (N)
28 
# Next N numbers describe the node locations
133 151
22 211
140 118
139 155
204 134
219 119
49 16
47 88
71 13
44 75
157 55
193 134
38 63
110 210
11 66
165 175
129 121
79 151
162 129
219 84
36 41
162 64
155 94
155 122
9 112
84 194
144 136
121 109
# Remaining lines are the edges.
# The first value is the source node index.
# The second value is the target node index.
0 1
0 2
0 3
1 24
1 25
2 23
2 27
3 22
3 26
4 5
4 15
4 21
5 11
5 19
6 8
6 14
6 20
7 9
7 14
7 17
8 9
8 10
9 12
10 16
10 19
11 18
11 25
12 20
12 24
13 15
13 17
13 25
14 24
15 26
16 18
16 27
17 27
18 26
19 23
20 22
21 22
21 23
