# First value is number of nodes (N)
32 
# Next N numbers describe the node locations
85 192
137 76
69 206
9 220
250 135
279 81
230 77
248 42
181 49
119 67
106 12
254 99
260 62
168 13
225 8
82 67
52 111
52 39
229 63
179 51
188 124
18 88
216 191
135 280
80 281
25 108
68 227
275 250
8 146
179 164
28 265
100 249
# Remaining lines are the edges.
# The first value is the source node index.
# The second value is the target node index.
0 1
0 2
0 3
1 29
1 31
2 26
2 27
3 28
3 30
4 5
4 11
4 22
5 6
5 7
6 12
6 14
7 8
7 12
8 9
8 11
9 10
9 15
10 13
10 17
11 19
12 18
13 14
13 19
14 18
15 16
15 17
16 21
16 25
17 21
18 20
19 20
20 29
21 28
22 27
22 29
23 24
23 27
23 31
24 26
24 30
25 26
25 28
30 31
