# First value is number of nodes (N)
28 
# Next N numbers describe the node locations
145 139
168 208
151 82
120 135
260 92
268 38
231 101
294 82
8 155
17 198
201 108
238 81
261 43
267 91
286 221
203 8
67 150
66 136
89 202
30 105
220 142
133 78
21 33
135 172
151 76
225 177
103 128
119 229
# Remaining lines are the edges.
# The first value is the source node index.
# The second value is the target node index.
0 1
0 2
0 3
1 25
1 27
2 24
2 26
3 22
3 23
4 6
4 12
4 13
5 7
5 12
5 13
6 10
6 20
7 11
7 21
8 9
8 17
8 19
9 16
9 18
10 11
10 15
11 14
12 15
13 14
14 25
15 24
16 17
16 27
17 26
18 23
18 27
19 22
19 26
20 23
20 25
21 22
21 24
