# First value is number of nodes (N)
32 
# Next N numbers describe the node locations
92 170
119 185
58 125
114 182
64 194
134 217
31 154
146 160
174 75
212 100
55 79
188 141
253 172
225 165
114 9
85 40
230 20
39 67
57 10
241 94
255 130
24 21
200 19
266 79
15 76
80 83
203 208
177 16
105 56
115 120
185 207
48 158
# Remaining lines are the edges.
# The first value is the source node index.
# The second value is the target node index.
0 1
0 2
0 3
1 27
1 31
2 28
2 31
3 29
3 30
4 5
4 6
4 31
5 26
5 30
6 24
6 25
7 8
7 27
7 30
8 9
8 28
9 19
9 22
10 17
10 24
10 29
11 13
11 20
11 29
12 19
12 20
12 26
13 22
13 26
14 15
14 16
14 27
15 21
15 25
16 22
16 23
17 18
17 25
18 21
18 28
19 23
20 23
21 24
