# First value is number of nodes (N)
30 
# Next N numbers describe the node locations
56 289
119 301
19 290
14 291
135 48
143 211
82 328
142 273
229 38
278 60
52 18
292 20
326 79
256 130
264 20
274 65
205 30
287 147
268 258
224 204
181 147
153 261
128 380
151 121
214 196
100 362
78 381
152 336
170 289
44 249
# Remaining lines are the edges.
# The first value is the source node index.
# The second value is the target node index.
0 1
0 2
0 3
1 27
1 28
2 3
2 29
3 29
4 5
4 6
4 29
5 23
5 24
6 25
6 26
7 18
7 19
7 28
8 9
8 12
8 14
9 13
9 15
10 11
10 12
10 15
11 13
11 14
12 17
13 17
14 16
15 16
16 20
17 21
18 20
18 24
19 21
19 23
20 23
21 24
22 25
22 26
22 27
25 26
27 28
