# First value is number of nodes (N)
34 
# Next N numbers describe the node locations
195 170
191 85
250 155
134 193
368 86
384 119
408 123
94 12
67 23
26 159
8 154
15 51
174 137
83 40
55 62
37 8
63 35
394 141
396 198
73 29
281 115
363 190
30 174
49 151
18 183
127 143
347 198
288 77
231 207
301 135
134 154
58 198
310 24
227 91
# Remaining lines are the edges.
# The first value is the source node index.
# The second value is the target node index.
0 1
0 2
0 3
1 29
1 33
2 28
2 32
3 30
3 31
4 5
4 6
4 27
5 17
5 20
6 18
6 21
7 13
7 15
7 19
8 14
8 16
8 19
9 11
9 22
9 23
10 12
10 24
10 25
11 15
11 16
12 13
12 14
13 16
14 15
17 21
17 26
18 20
18 26
19 33
20 29
21 29
22 24
22 30
23 25
23 31
24 31
25 30
26 28
27 28
27 32
32 33
