# First value is number of nodes (N)
38 
# Next N numbers describe the node locations
170 246
236 232
149 175
126 190
134 158
231 77
262 25
236 64
176 121
150 29
237 84
253 76
198 40
89 70
120 85
31 75
169 72
280 88
59 224
12 255
135 144
8 130
73 201
77 210
77 85
69 133
305 159
217 132
17 255
87 264
251 180
256 223
173 211
242 194
305 222
80 100
77 227
98 231
# Remaining lines are the edges.
# The first value is the source node index.
# The second value is the target node index.
0 1
0 2
0 3
1 33
1 34
2 32
2 35
3 36
3 37
4 5
4 8
4 10
5 11
5 12
6 7
6 9
6 11
7 10
7 12
8 18
8 19
9 13
9 16
10 17
11 17
12 16
13 14
13 15
14 20
14 25
15 21
15 24
16 27
17 26
18 23
18 28
19 22
19 29
20 22
20 24
21 23
21 25
22 37
23 36
24 35
25 35
26 31
26 34
27 30
27 33
28 29
28 37
29 36
30 32
30 34
31 32
31 33
