# First value is number of nodes (N)
30 
# Next N numbers describe the node locations
123 274
16 328
69 253
249 297
171 141
249 132
32 99
10 45
95 95
95 54
142 29
61 92
67 176
121 44
62 41
254 144
225 303
269 207
219 297
218 300
273 227
293 226
127 174
16 172
210 332
250 261
55 200
90 209
110 137
125 235
# Remaining lines are the edges.
# The first value is the source node index.
# The second value is the target node index.
0 1
0 2
0 3
1 26
1 28
2 27
2 29
3 24
3 25
4 5
4 15
4 22
5 9
5 10
6 7
6 8
6 23
7 11
7 14
8 12
8 13
9 11
9 13
10 12
10 14
11 12
13 14
15 16
15 17
16 18
16 19
17 20
17 21
18 19
18 24
19 24
20 21
20 25
21 25
22 28
22 29
23 26
23 27
26 29
27 28
