# First value is number of nodes (N)
28 
# Next N numbers describe the node locations
161 244
195 289
155 281
129 190
380 309
367 333
385 392
379 370
104 466
97 432
349 289
325 348
94 416
124 434
298 307
133 384
274 56
54 36
8 30
45 43
51 84
17 84
104 99
52 120
71 207
113 139
154 361
341 141
# Remaining lines are the edges.
# The first value is the source node index.
# The second value is the target node index.
0 1
0 2
0 3
1 26
1 27
2 26
2 27
3 24
3 25
4 5
4 6
4 10
5 7
5 11
6 7
6 11
7 10
8 9
8 12
8 13
9 12
9 13
10 14
11 14
12 15
13 15
14 27
15 26
16 18
16 19
16 20
17 18
17 19
17 20
18 21
19 21
20 22
21 23
22 24
22 25
23 24
23 25
