# First value is number of nodes (N)
34 
# Next N numbers describe the node locations
229 301
203 271
283 308
175 277
281 121
72 135
313 128
23 52
87 22
34 154
159 79
144 75
8 159
20 107
10 104
28 92
126 26
75 106
65 149
195 24
171 36
48 237
163 239
191 129
305 235
274 208
145 185
82 239
108 307
101 255
326 142
324 289
262 262
255 250
# Remaining lines are the edges.
# The first value is the source node index.
# The second value is the target node index.
0 1
0 2
0 3
1 30
1 33
2 31
2 32
3 28
3 29
4 5
4 6
4 23
5 17
5 18
6 19
6 20
7 8
7 13
7 14
8 15
8 16
9 13
9 17
9 21
10 15
10 19
10 22
11 16
11 20
11 22
12 14
12 18
12 21
13 18
14 17
15 20
16 19
21 27
22 26
23 24
23 25
24 30
24 32
25 31
25 33
26 28
26 29
27 28
27 29
30 31
32 33
