# First value is number of nodes (N)
28 
# Next N numbers describe the node locations
181 433
206 448
154 485
171 478
170 356
137 353
194 269
80 213
79 8
91 40
130 24
45 45
175 59
21 95
146 153
198 140
49 127
131 114
177 141
185 148
102 119
78 232
155 246
152 274
125 347
175 386
114 448
197 502
# Remaining lines are the edges.
# The first value is the source node index.
# The second value is the target node index.
0 1
0 2
0 3
1 25
1 27
2 26
2 27
3 26
3 27
4 23
4 24
4 25
5 23
5 24
5 25
6 18
6 19
6 22
7 20
7 21
7 22
8 9
8 10
8 11
9 10
9 11
10 12
11 13
12 14
12 15
13 16
13 17
14 18
14 19
15 18
15 19
16 20
16 21
17 20
17 21
22 23
24 26
