# First value is number of nodes (N)
30 
# Next N numbers describe the node locations
93 279
44 287
131 299
139 265
222 316
185 369
260 265
204 114
221 49
42 128
8 173
39 178
84 79
120 101
129 34
163 95
159 128
181 8
177 35
249 105
103 326
92 399
273 166
136 399
148 373
292 219
261 215
24 226
63 349
179 294
# Remaining lines are the edges.
# The first value is the source node index.
# The second value is the target node index.
0 1
0 2
0 3
1 27
1 28
2 3
2 29
3 29
4 5
4 6
4 29
5 23
5 24
6 25
6 26
7 15
7 16
7 19
8 17
8 18
8 19
9 10
9 11
9 12
10 11
10 27
11 27
12 13
12 14
13 15
13 16
14 17
14 18
15 16
17 18
19 22
20 23
20 24
20 28
21 23
21 24
21 28
22 25
22 26
25 26
