# First value is number of nodes (N)
38 
# Next N numbers describe the node locations
143 300
191 285
180 322
117 254
289 178
305 177
57 294
139 137
8 154
211 61
130 69
183 59
158 8
133 64
130 21
147 33
211 65
81 53
55 137
33 191
11 131
76 145
253 28
278 212
272 165
274 121
229 180
248 254
211 208
44 182
206 166
59 268
69 231
113 220
125 304
216 242
240 287
155 287
# Remaining lines are the edges.
# The first value is the source node index.
# The second value is the target node index.
0 1
0 2
0 3
1 35
1 37
2 34
2 36
3 32
3 33
4 24
4 26
4 27
5 23
5 25
5 27
6 7
6 8
6 31
7 19
7 21
8 18
8 20
9 12
9 14
9 22
10 11
10 13
10 28
11 14
11 15
12 13
12 15
13 17
14 17
15 16
16 21
16 22
17 20
18 21
18 29
19 20
19 29
22 25
23 26
23 30
24 25
24 30
26 28
27 36
28 35
29 32
30 33
31 32
31 34
33 37
34 37
35 36
