# First value is number of nodes (N)
34 
# Next N numbers describe the node locations
84 375
97 336
70 335
48 293
206 33
177 103
231 136
209 110
212 102
46 169
117 29
164 103
198 147
243 206
101 41
90 78
60 34
96 49
185 315
17 52
71 133
247 239
180 252
23 109
15 177
126 263
69 279
23 272
64 218
8 235
12 283
46 269
173 315
179 372
# Remaining lines are the edges.
# The first value is the source node index.
# The second value is the target node index.
0 1
0 2
0 3
1 32
1 33
2 32
2 33
3 30
3 31
4 6
4 7
4 10
5 8
5 9
5 11
6 8
6 12
7 9
7 13
8 13
9 12
10 16
10 17
11 14
11 15
12 21
13 21
14 16
14 19
15 17
15 20
16 20
17 19
18 22
18 32
18 33
19 23
20 23
21 22
22 25
23 24
24 28
24 29
25 26
25 27
26 28
26 30
27 29
27 31
28 31
29 30
