# First value is number of nodes (N)
32 
# Next N numbers describe the node locations
279 218
179 35
140 132
202 183
257 79
58 38
45 140
58 31
8 98
39 68
24 50
39 73
52 113
74 77
122 118
195 113
260 54
286 82
150 37
105 156
137 187
152 29
248 76
194 131
102 139
135 38
180 120
220 77
223 154
173 211
212 201
239 151
# Remaining lines are the edges.
# The first value is the source node index.
# The second value is the target node index.
0 1
0 2
0 3
1 27
1 31
2 26
2 30
3 28
3 29
4 15
4 16
4 17
5 7
5 11
5 18
6 8
6 12
6 19
7 9
7 10
8 9
8 10
9 14
10 13
11 12
11 14
12 13
13 25
14 24
15 20
15 23
16 21
16 22
17 22
17 23
18 21
18 25
19 20
19 24
20 29
21 28
22 27
23 26
24 27
25 26
28 31
29 30
30 31
