# First value is number of nodes (N)
30 
# Next N numbers describe the node locations
85 81
154 42
64 80
136 114
330 89
293 189
314 112
256 104
69 56
321 32
83 153
94 178
209 157
231 132
215 75
173 69
219 95
67 85
254 173
178 136
63 190
119 207
23 77
132 37
58 81
170 104
47 114
284 39
177 197
206 41
# Remaining lines are the edges.
# The first value is the source node index.
# The second value is the target node index.
0 1
0 2
0 3
1 27
1 29
2 24
2 26
3 25
3 28
4 5
4 6
4 9
5 13
5 18
6 7
6 14
7 12
7 16
8 17
8 22
8 23
9 14
9 15
10 11
10 17
10 20
11 19
11 21
12 18
12 19
13 15
13 16
14 29
15 27
16 29
17 24
18 28
19 25
20 21
20 26
21 28
22 24
22 26
23 25
23 27
