# First value is number of nodes (N)
34 
# Next N numbers describe the node locations
60 191
166 174
182 166
55 159
326 76
319 220
291 198
343 131
268 129
217 138
277 209
303 243
289 215
340 129
202 96
311 56
290 24
140 92
162 79
213 143
260 237
291 111
267 56
146 173
53 111
126 237
46 192
103 116
154 114
219 87
127 144
9 174
130 227
189 225
# Remaining lines are the edges.
# The first value is the source node index.
# The second value is the target node index.
0 1
0 2
0 3
1 28
1 32
2 29
2 33
3 30
3 31
4 7
4 15
4 16
5 7
5 9
5 11
6 7
6 10
6 12
8 13
8 14
8 18
9 12
9 19
10 11
10 19
11 20
12 20
13 15
13 21
14 16
14 22
15 22
16 21
17 18
17 23
17 24
18 28
19 28
20 33
21 29
22 29
23 26
23 30
24 27
24 31
25 26
25 27
25 32
26 31
27 30
32 33
