# First value is number of nodes (N)
34 
# Next N numbers describe the node locations
119 324
163 281
26 329
63 299
161 72
175 16
172 51
167 8
142 55
129 56
222 62
151 34
122 94
174 78
31 12
105 195
159 163
105 148
102 246
58 206
80 224
8 204
153 415
244 364
175 410
190 406
185 429
194 429
167 379
166 431
173 388
24 259
55 253
166 158
# Remaining lines are the edges.
# The first value is the source node index.
# The second value is the target node index.
0 1
0 2
0 3
1 28
1 33
2 29
2 30
3 31
3 32
4 6
4 8
4 9
5 7
5 8
5 10
6 10
6 11
7 9
7 11
8 12
9 13
10 13
11 12
12 17
13 16
14 17
14 20
14 21
15 16
15 18
15 19
16 33
17 33
18 20
18 31
19 21
19 32
20 32
21 31
22 24
22 26
22 28
23 25
23 27
23 28
24 25
24 29
25 30
26 27
26 30
27 29
