# First value is number of nodes (N)
34 
# Next N numbers describe the node locations
279 198
193 133
185 117
274 188
361 101
8 56
33 44
70 82
44 55
301 24
203 132
46 101
43 88
53 16
127 64
290 12
303 89
364 166
81 134
228 21
118 20
301 76
291 36
344 225
360 155
226 237
289 256
308 136
179 44
270 47
311 192
299 215
192 194
12 148
# Remaining lines are the edges.
# The first value is the source node index.
# The second value is the target node index.
0 1
0 2
0 3
1 29
1 33
2 28
2 32
3 30
3 31
4 9
4 10
4 17
5 6
5 11
5 13
6 12
6 14
7 8
7 11
7 14
8 12
8 13
9 15
9 21
10 16
10 22
11 18
12 18
13 20
14 20
15 19
15 22
16 19
16 21
17 23
17 24
18 33
19 28
20 28
21 29
22 29
23 26
23 30
24 27
24 31
25 26
25 27
25 32
26 31
27 30
32 33
