# First value is number of nodes (N)
32 
# Next N numbers describe the node locations
179 257
132 262
196 214
129 181
251 8
243 41
90 48
62 85
22 103
45 125
232 56
193 8
47 54
62 106
10 140
166 55
205 40
268 64
99 153
216 112
53 188
73 73
192 163
188 122
254 106
202 91
111 121
243 148
178 233
116 241
176 204
169 209
# Remaining lines are the edges.
# The first value is the source node index.
# The second value is the target node index.
0 1
0 2
0 3
1 28
1 29
2 27
2 31
3 26
3 30
4 5
4 11
4 17
5 10
5 16
6 7
6 12
6 15
7 13
7 14
8 9
8 12
8 14
9 13
9 18
10 17
10 19
11 15
11 16
12 21
13 21
14 20
15 23
16 25
17 24
18 19
18 20
19 22
20 29
21 26
22 23
22 28
23 27
24 25
24 27
25 26
28 31
29 30
30 31
