# First value is number of nodes (N)
28 
# Next N numbers describe the node locations
170 136
135 186
120 101
236 124
412 234
418 210
447 236
399 219
370 188
16 190
8 134
317 10
293 69
332 49
377 57
295 41
338 84
374 198
46 227
42 109
12 67
57 201
111 238
100 149
123 154
72 71
204 24
296 124
# Remaining lines are the edges.
# The first value is the source node index.
# The second value is the target node index.
0 1
0 2
0 3
1 22
1 23
2 24
2 25
3 26
3 27
4 6
4 7
4 8
5 6
5 7
5 8
6 7
8 17
9 10
9 18
9 21
10 19
10 20
11 13
11 14
11 15
12 13
12 14
12 15
13 16
14 16
15 26
16 27
17 26
17 27
18 22
18 23
19 24
19 25
20 24
20 25
21 22
21 23
