# First value is number of nodes (N)
38 
# Next N numbers describe the node locations
183 236
149 334
161 294
190 238
183 203
222 72
33 233
27 179
85 219
177 18
16 20
147 8
253 13
79 75
112 42
79 27
71 65
181 71
59 161
78 138
107 121
24 117
218 68
209 117
274 187
276 94
180 120
103 164
69 182
145 162
250 326
71 289
129 194
222 284
100 341
121 296
95 218
185 332
# Remaining lines are the edges.
# The first value is the source node index.
# The second value is the target node index.
0 1
0 2
0 3
1 35
1 37
2 34
2 36
3 32
3 33
4 24
4 26
4 27
5 23
5 25
5 27
6 7
6 8
6 31
7 19
7 21
8 18
8 20
9 14
9 15
9 22
10 11
10 13
10 14
11 12
11 15
12 17
12 22
13 16
13 29
14 17
15 16
16 21
17 20
18 21
18 28
19 20
19 28
22 25
23 26
23 30
24 25
24 30
26 29
27 36
28 32
29 32
30 33
31 34
31 35
33 37
34 37
35 36
