# First value is number of nodes (N)
30 
# Next N numbers describe the node locations
83 167
71 244
19 126
91 156
90 100
90 26
197 193
129 155
83 61
230 109
232 174
227 123
130 9
141 242
190 209
211 227
140 144
76 8
82 108
200 38
160 63
52 36
85 106
48 99
59 128
21 80
139 249
152 232
143 103
88 30
# Remaining lines are the edges.
# The first value is the source node index.
# The second value is the target node index.
0 1
0 2
0 3
1 26
1 27
2 25
2 29
3 24
3 28
4 5
4 6
4 23
5 12
5 22
6 11
6 16
7 13
7 18
7 22
8 18
8 20
8 21
9 10
9 11
9 19
10 14
10 15
11 20
12 17
12 19
13 14
13 26
14 27
15 16
15 26
16 27
17 21
17 29
18 29
19 28
20 28
21 25
22 24
23 24
23 25
