# First value is number of nodes (N)
32 
# Next N numbers describe the node locations
107 343
54 326
145 341
120 321
81 254
121 262
59 207
195 216
156 165
175 94
107 142
100 226
101 50
103 13
63 49
42 52
90 33
42 18
14 77
90 58
31 146
178 38
8 143
80 119
143 138
13 209
87 255
143 247
33 273
89 259
178 281
95 313
# Remaining lines are the edges.
# The first value is the source node index.
# The second value is the target node index.
0 1
0 2
0 3
1 28
1 31
2 30
2 31
3 27
3 29
4 5
4 6
4 31
5 29
5 30
6 25
6 26
7 8
7 27
7 30
8 9
8 10
9 21
9 24
10 19
10 20
11 19
11 24
11 27
12 13
12 14
12 19
13 17
13 21
14 16
14 18
15 16
15 17
15 23
16 21
17 18
18 22
20 22
20 23
22 25
23 26
24 26
25 28
28 29
