# First value is number of nodes (N)
34 
# Next N numbers describe the node locations
469 253
411 248
441 234
467 143
340 113
251 39
16 58
37 18
91 92
76 57
143 62
33 113
13 131
198 44
92 44
123 89
77 228
147 47
108 166
172 156
173 125
246 14
289 156
310 144
204 177
259 252
458 177
370 161
277 195
205 185
467 245
421 222
428 230
308 205
# Remaining lines are the edges.
# The first value is the source node index.
# The second value is the target node index.
0 1
0 2
0 3
1 28
1 29
2 30
2 33
3 31
3 32
4 21
4 26
4 27
5 7
5 8
5 11
6 9
6 10
6 12
7 9
7 13
8 10
8 14
9 14
10 13
11 15
11 16
12 15
12 16
13 17
14 17
15 18
16 18
17 20
18 19
19 20
19 25
20 24
21 22
21 23
22 25
22 29
23 24
23 28
24 29
25 28
26 30
26 32
27 31
27 33
30 31
32 33
