# First value is number of nodes (N)
36 
# Next N numbers describe the node locations
133 232
163 298
163 291
185 210
227 147
219 51
169 57
61 118
30 28
114 29
48 76
193 8
167 25
123 124
164 26
235 160
251 149
247 62
35 167
11 260
20 151
10 167
121 116
172 154
116 124
31 195
63 172
239 68
238 161
243 268
229 171
89 118
229 276
109 276
176 245
189 283
# Remaining lines are the edges.
# The first value is the source node index.
# The second value is the target node index.
0 1
0 2
0 3
1 32
1 33
2 31
2 35
3 30
3 34
4 5
4 6
4 16
5 12
5 14
6 11
6 13
7 9
7 18
7 20
8 10
8 19
8 21
9 14
9 22
10 13
10 22
11 14
11 17
12 13
12 17
15 16
15 23
15 27
16 29
17 27
18 21
18 25
19 20
19 25
20 26
21 26
22 24
23 24
23 28
24 31
25 33
26 31
27 30
28 29
28 30
29 32
32 35
33 34
34 35
