# First value is number of nodes (N)
34 
# Next N numbers describe the node locations
101 305
191 302
173 325
61 267
163 149
91 172
195 128
33 113
64 69
278 218
281 230
132 56
115 14
152 14
178 8
283 169
205 49
153 45
113 19
247 113
137 142
225 242
286 258
94 156
30 157
44 216
43 137
225 140
106 196
27 191
172 271
204 279
218 278
234 312
# Remaining lines are the edges.
# The first value is the source node index.
# The second value is the target node index.
0 1
0 2
0 3
1 31
1 32
2 30
2 33
3 28
3 29
4 5
4 6
4 27
5 25
5 26
6 19
6 20
7 8
7 23
7 24
8 11
8 12
9 15
9 21
9 22
10 15
10 21
10 22
11 13
11 17
12 14
12 18
13 16
13 18
14 16
14 17
15 19
16 19
17 20
18 20
21 32
22 33
23 25
23 28
24 26
24 29
25 29
26 28
27 30
27 31
30 32
31 33
