# First value is number of nodes (N)
30 
# Next N numbers describe the node locations
135 143
162 168
47 114
110 34
168 44
231 79
105 185
204 134
226 109
191 187
106 238
53 218
134 82
241 165
240 196
212 233
163 251
8 188
77 96
56 160
43 183
168 38
151 134
204 13
167 77
137 8
221 183
135 172
19 156
14 127
# Remaining lines are the edges.
# The first value is the source node index.
# The second value is the target node index.
0 1
0 2
0 3
1 26
1 27
2 28
2 29
3 24
3 25
4 5
4 21
4 23
5 8
5 13
6 10
6 20
6 22
7 8
7 9
7 22
8 12
9 14
9 15
10 11
10 16
11 17
11 19
12 18
12 21
13 14
13 26
14 27
15 16
15 26
16 27
17 20
17 29
18 19
18 29
19 28
20 28
21 25
22 24
23 24
23 25
