# First value is number of nodes (N)
38 
# Next N numbers describe the node locations
162 217
163 252
155 260
96 179
257 80
241 87
244 15
261 28
139 166
171 26
285 63
277 55
203 75
109 32
87 77
60 22
166 47
307 102
100 239
42 172
8 105
153 176
114 245
19 164
85 78
39 98
319 162
220 91
100 257
88 186
153 43
308 203
282 252
275 166
284 191
92 142
31 225
143 252
# Remaining lines are the edges.
# The first value is the source node index.
# The second value is the target node index.
0 1
0 2
0 3
1 33
1 34
2 32
2 37
3 35
3 36
4 5
4 8
4 10
5 11
5 12
6 7
6 9
6 11
7 10
7 12
8 18
8 19
9 13
9 16
10 17
11 17
12 16
13 14
13 15
14 21
14 25
15 20
15 24
16 27
17 26
18 22
18 29
19 23
19 28
20 23
20 25
21 22
21 24
22 37
23 36
24 35
25 35
26 31
26 34
27 30
27 33
28 29
28 37
29 36
30 32
30 34
31 32
31 33
