# First value is number of nodes (N)
30 
# Next N numbers describe the node locations
194 339
110 313
125 352
117 398
93 287
149 250
40 275
334 87
315 35
385 109
270 8
278 34
380 148
408 155
358 179
241 54
291 125
236 111
300 180
217 258
201 237
78 58
284 179
165 198
230 352
20 325
52 294
193 246
60 313
93 348
# Remaining lines are the edges.
# The first value is the source node index.
# The second value is the target node index.
0 1
0 2
0 3
1 27
1 28
2 3
2 29
3 29
4 5
4 6
4 29
5 23
5 24
6 25
6 26
7 8
7 9
7 16
8 10
8 11
9 12
9 13
10 11
10 15
11 15
12 13
12 14
13 14
14 18
15 17
16 17
16 18
17 21
18 22
19 21
19 24
19 27
20 22
20 23
20 27
21 23
22 24
25 26
25 28
26 28
