# First value is number of nodes (N)
30 
# Next N numbers describe the node locations
79 284
126 340
81 336
86 153
256 93
213 46
237 40
154 20
55 26
171 41
190 14
184 42
171 144
95 49
275 151
254 185
205 220
13 127
276 248
251 218
38 139
8 128
229 276
14 182
23 243
176 313
186 250
208 203
92 299
51 301
# Remaining lines are the edges.
# The first value is the source node index.
# The second value is the target node index.
0 1
0 2
0 3
1 25
1 28
2 26
2 29
3 24
3 27
4 5
4 6
4 14
5 9
5 12
6 10
6 11
7 9
7 11
7 13
8 10
8 12
8 13
9 10
11 12
13 17
14 15
14 16
15 18
15 19
16 18
16 19
17 20
17 21
18 22
19 22
20 21
20 23
21 23
22 25
23 24
24 29
25 26
26 27
27 28
28 29
