# First value is number of nodes (N)
38 
# Next N numbers describe the node locations
161 272
150 244
169 320
172 190
294 212
295 196
43 222
37 184
8 156
68 108
108 92
26 116
193 28
129 12
108 49
91 84
21 14
129 12
64 143
20 86
26 140
191 98
241 57
275 196
300 166
278 181
181 113
245 256
150 95
87 173
263 210
108 254
143 188
218 226
89 286
132 284
256 260
125 213
# Remaining lines are the edges.
# The first value is the source node index.
# The second value is the target node index.
0 1
0 2
0 3
1 35
1 37
2 34
2 36
3 32
3 33
4 24
4 26
4 27
5 23
5 25
5 27
6 7
6 8
6 31
7 20
7 29
8 18
8 19
9 10
9 18
9 20
10 11
10 21
11 13
11 15
12 14
12 17
12 22
13 17
13 28
14 15
14 28
15 16
16 17
16 19
18 29
19 20
21 22
21 26
22 25
23 26
23 30
24 25
24 30
27 36
28 32
29 32
30 33
31 34
31 35
33 37
34 37
35 36
