# First value is number of nodes (N)
30 
# Next N numbers describe the node locations
100 240
51 212
96 183
120 219
214 40
232 85
166 11
152 11
201 106
157 70
82 25
221 166
123 78
137 152
230 121
117 37
42 52
191 199
39 126
83 126
138 124
209 253
22 129
51 137
46 205
23 193
168 241
116 170
134 179
166 202
# Remaining lines are the edges.
# The first value is the source node index.
# The second value is the target node index.
0 1
0 2
0 3
1 25
1 29
2 24
2 28
3 26
3 27
4 5
4 6
4 9
5 8
5 14
6 7
6 15
7 8
7 10
8 11
9 12
9 13
10 16
10 20
11 17
11 21
12 15
12 18
13 14
13 19
14 21
15 20
16 19
16 22
17 18
17 23
18 25
19 24
20 27
21 26
22 23
22 25
23 24
26 29
27 28
28 29
