# First value is number of nodes (N)
34 
# Next N numbers describe the node locations
225 350
162 351
244 309
281 318
130 192
25 268
190 165
183 100
148 27
166 100
68 175
31 230
8 288
50 232
39 301
56 304
59 111
66 59
96 44
113 8
119 49
89 72
120 53
42 338
60 309
133 256
241 207
257 236
170 307
98 359
278 282
218 238
190 244
285 253
# Remaining lines are the edges.
# The first value is the source node index.
# The second value is the target node index.
0 1
0 2
0 3
1 28
1 29
2 30
2 32
3 31
3 33
4 6
4 10
4 25
5 14
5 15
5 25
6 7
6 26
7 8
7 9
8 19
8 22
9 20
9 21
10 11
10 16
11 12
11 13
12 14
12 23
13 15
13 24
14 24
15 23
16 17
16 18
17 19
17 21
18 20
18 22
19 20
21 22
23 29
24 29
25 28
26 32
26 33
27 28
27 30
27 31
30 33
31 32
