# First value is number of nodes (N)
28 
# Next N numbers describe the node locations
50 145
47 248
61 135
91 187
189 54
132 30
187 139
120 39
193 110
139 11
58 18
181 177
112 69
187 268
57 45
95 257
164 58
124 25
131 140
129 284
42 291
46 216
8 247
104 218
22 127
69 282
126 206
77 132
# Remaining lines are the edges.
# The first value is the source node index.
# The second value is the target node index.
0 1
0 2
0 3
1 22
1 25
2 24
2 27
3 23
3 26
4 8
4 9
4 16
5 7
5 9
5 16
6 7
6 12
6 18
7 10
8 11
8 17
9 10
10 14
11 13
11 18
12 14
12 17
13 19
13 23
14 24
15 19
15 20
15 26
16 27
17 27
18 26
19 25
20 22
20 25
21 22
21 23
21 24
