# First value is number of nodes (N)
34 
# Next N numbers describe the node locations
177 276
176 242
122 257
230 306
54 17
168 26
185 82
169 45
209 17
188 20
218 119
199 36
130 103
34 201
36 190
45 238
159 113
238 104
14 262
60 230
44 202
36 257
286 152
303 246
282 253
206 236
252 244
255 297
192 205
115 198
102 251
65 287
283 303
267 276
# Remaining lines are the edges.
# The first value is the source node index.
# The second value is the target node index.
0 1
0 2
0 3
1 28
1 30
2 29
2 31
3 32
3 33
4 6
4 8
4 12
5 7
5 9
5 12
6 7
6 10
7 11
8 9
8 11
9 10
10 17
11 17
12 16
13 14
13 15
13 16
14 18
14 20
15 19
15 21
16 29
17 28
18 21
18 31
19 20
19 31
20 30
21 30
22 23
22 24
22 28
23 26
23 32
24 27
24 33
25 26
25 27
25 29
26 33
27 32
