# First value is number of nodes (N)
32 
# Next N numbers describe the node locations
126 209
107 267
68 196
208 243
26 321
37 361
56 388
169 189
122 139
193 149
158 79
126 122
234 82
172 19
132 68
172 19
110 11
66 28
67 36
87 70
67 81
82 380
145 392
30 405
70 409
110 316
65 348
99 140
199 102
172 115
177 232
56 256
# Remaining lines are the edges.
# The first value is the source node index.
# The second value is the target node index.
0 1
0 2
0 3
1 30
1 31
2 27
2 31
3 28
3 29
4 5
4 6
4 31
5 23
5 26
6 24
6 25
7 17
7 19
7 27
8 18
8 20
8 27
9 10
9 13
9 28
10 14
10 29
11 12
11 13
11 29
12 14
12 28
13 16
14 15
15 19
15 20
16 17
16 18
17 20
18 19
21 23
21 25
21 30
22 24
22 26
22 30
23 24
25 26
