# First value is number of nodes (N)
36 
# Next N numbers describe the node locations
125 231
96 247
107 266
122 213
291 107
214 116
151 65
70 83
25 29
108 73
92 8
66 84
63 63
170 78
78 156
8 95
170 41
159 58
169 140
210 141
187 49
192 66
262 48
218 248
23 229
132 118
219 179
151 104
275 150
148 275
278 215
82 226
133 269
85 272
71 249
52 228
# Remaining lines are the edges.
# The first value is the source node index.
# The second value is the target node index.
0 1
0 2
0 3
1 33
1 35
2 32
2 34
3 30
3 31
4 20
4 22
4 28
5 19
5 21
5 28
6 9
6 16
6 27
7 9
7 13
7 15
8 10
8 12
8 15
9 12
10 13
10 17
11 12
11 13
11 14
14 25
14 27
15 24
16 17
16 22
17 21
18 19
18 20
18 26
19 22
20 21
23 26
23 29
23 30
24 25
24 35
25 34
26 31
27 31
28 30
29 32
29 33
32 35
33 34
