# First value is number of nodes (N)
36 
# Next N numbers describe the node locations
198 276
154 305
193 266
266 252
99 123
40 145
105 136
86 48
111 28
130 8
190 17
233 94
155 49
165 62
17 70
91 186
244 127
46 212
38 229
63 192
45 212
226 64
8 200
155 118
265 156
26 231
72 248
138 198
242 180
235 155
280 182
89 287
206 264
154 269
191 277
224 260
# Remaining lines are the edges.
# The first value is the source node index.
# The second value is the target node index.
0 1
0 2
0 3
1 31
1 34
2 32
2 33
3 30
3 35
4 5
4 6
4 15
5 14
5 22
6 12
6 13
7 8
7 9
7 14
8 11
8 13
9 10
9 12
10 13
10 21
11 12
11 16
14 19
15 23
15 27
16 21
16 29
17 18
17 20
17 27
18 22
18 26
19 20
19 26
20 25
21 24
22 25
23 24
23 28
24 30
25 31
26 31
27 32
28 29
28 33
29 30
32 35
33 34
34 35
