# First value is number of nodes (N)
34 
# Next N numbers describe the node locations
156 291
158 248
227 297
258 252
266 86
135 75
100 68
214 118
115 18
181 28
267 20
221 31
48 117
116 163
105 78
154 158
173 74
213 64
50 206
11 148
56 198
49 147
98 75
75 191
23 198
173 134
278 204
182 194
146 152
66 236
208 248
233 229
267 258
242 244
# Remaining lines are the edges.
# The first value is the source node index.
# The second value is the target node index.
0 1
0 2
0 3
1 28
1 29
2 30
2 32
3 31
3 33
4 7
4 10
4 11
5 6
5 8
5 9
6 12
6 14
7 15
7 26
8 10
8 16
9 11
9 17
10 17
11 16
12 18
12 19
13 15
13 20
13 21
14 22
14 27
15 22
16 25
17 25
18 20
18 23
19 21
19 24
20 24
21 23
22 28
23 29
24 29
25 28
26 32
26 33
27 30
27 31
30 33
31 32
