# First value is number of nodes (N)
34 
# Next N numbers describe the node locations
214 327
235 323
247 339
207 269
245 148
252 30
166 110
24 252
23 201
138 175
66 234
41 260
57 83
69 14
134 63
99 127
140 64
132 8
138 39
22 148
13 300
36 198
156 72
207 26
181 180
49 246
167 191
257 213
210 223
265 279
128 337
178 345
174 318
242 313
# Remaining lines are the edges.
# The first value is the source node index.
# The second value is the target node index.
0 1
0 2
0 3
1 30
1 33
2 29
2 31
3 28
3 32
4 5
4 6
4 27
5 23
5 24
6 22
6 24
7 10
7 20
7 25
8 11
8 21
8 25
9 10
9 11
9 26
10 21
11 20
12 13
12 14
12 19
13 15
13 17
14 16
14 18
15 16
15 22
16 23
17 18
17 23
18 22
19 20
19 21
24 26
25 30
26 28
27 28
27 29
29 33
30 31
31 32
32 33
