# First value is number of nodes (N)
32 
# Next N numbers describe the node locations
216 275
140 238
257 281
240 99
173 216
127 194
190 203
151 111
98 174
276 216
300 186
75 92
106 36
48 74
36 211
8 78
75 30
270 171
72 124
16 26
34 137
128 22
190 119
178 166
171 66
76 63
220 165
228 223
302 245
270 44
101 147
77 257
# Remaining lines are the edges.
# The first value is the source node index.
# The second value is the target node index.
0 1
0 2
0 3
1 30
1 31
2 28
2 31
3 27
3 29
4 5
4 27
4 31
5 6
5 7
6 23
6 26
7 24
7 25
8 14
8 18
8 30
9 17
9 27
9 28
10 17
10 28
10 29
11 12
11 13
11 18
12 20
12 21
13 15
13 16
14 15
14 20
15 19
16 19
16 21
17 26
18 26
19 25
20 25
21 24
22 23
22 24
22 29
23 30
