# First value is number of nodes (N)
38 
# Next N numbers describe the node locations
196 300
222 315
108 219
219 244
302 177
220 110
287 158
169 85
113 126
105 31
42 194
101 145
9 192
25 139
34 158
70 136
116 34
124 86
47 26
39 127
22 152
65 181
176 27
219 68
188 178
270 98
205 202
93 277
107 161
243 209
220 159
289 232
231 183
264 270
208 221
104 278
171 297
186 281
# Remaining lines are the edges.
# The first value is the source node index.
# The second value is the target node index.
0 1
0 2
0 3
1 33
1 36
2 34
2 35
3 32
3 37
4 5
4 6
4 31
5 26
5 30
6 25
6 29
7 8
7 9
7 28
8 17
8 19
9 16
9 18
10 12
10 14
10 27
11 13
11 15
11 27
12 13
12 21
13 20
14 18
14 20
15 19
15 21
16 19
16 22
17 18
17 22
20 24
21 24
22 23
23 25
23 28
24 26
25 30
26 29
27 35
28 32
29 33
30 34
31 32
31 33
34 37
35 36
36 37
