# First value is number of nodes (N)
38 
# Next N numbers describe the node locations
157 200
161 232
150 296
30 281
229 45
184 45
25 237
199 37
164 16
96 18
108 17
76 100
104 73
245 115
219 24
268 82
259 150
216 118
35 106
242 221
242 194
299 206
105 132
87 176
9 199
214 148
242 271
271 260
272 295
243 226
65 231
64 234
97 277
8 243
90 235
171 199
248 234
216 292
# Remaining lines are the edges.
# The first value is the source node index.
# The second value is the target node index.
0 1
0 2
0 3
1 35
1 36
2 32
2 37
3 33
3 34
4 5
4 13
4 15
5 6
5 7
6 10
6 11
7 9
7 12
8 9
8 10
8 14
9 11
10 12
11 18
12 19
13 17
13 20
14 15
14 17
15 16
16 21
16 25
17 25
18 22
18 24
19 22
19 23
20 26
20 27
21 28
21 29
22 35
23 31
23 34
24 30
24 33
25 35
26 29
26 37
27 28
27 36
28 37
29 36
30 32
30 34
31 32
31 33
