# First value is number of nodes (N)
38 
# Next N numbers describe the node locations
146 317
107 344
119 265
170 276
217 232
236 213
18 212
61 161
8 148
227 13
139 89
157 38
159 8
50 11
83 10
157 103
152 106
33 66
52 146
48 147
48 108
94 131
218 88
183 120
238 224
254 148
170 120
187 234
93 192
165 152
265 317
39 276
138 214
197 310
83 272
26 332
110 273
134 343
# Remaining lines are the edges.
# The first value is the source node index.
# The second value is the target node index.
0 1
0 2
0 3
1 35
1 37
2 34
2 36
3 32
3 33
4 24
4 26
4 27
5 23
5 25
5 27
6 7
6 8
6 31
7 19
7 21
8 18
8 20
9 12
9 14
9 22
10 11
10 13
10 29
11 14
11 15
12 13
12 15
13 17
14 17
15 16
16 21
16 22
17 20
18 21
18 28
19 20
19 28
22 25
23 26
23 30
24 25
24 30
26 29
27 36
28 32
29 32
30 33
31 34
31 35
33 37
34 37
35 36
