# First value is number of nodes (N)
38 
# Next N numbers describe the node locations
110 250
217 208
115 133
119 46
209 34
195 90
238 281
187 279
169 319
32 123
16 188
95 199
32 178
93 198
37 311
39 294
27 217
178 324
44 320
126 335
154 293
224 362
164 365
248 206
194 35
139 67
50 170
49 52
203 353
35 33
166 122
183 157
114 171
130 44
128 62
36 127
193 150
239 167
# Remaining lines are the edges.
# The first value is the source node index.
# The second value is the target node index.
0 1
0 2
0 3
1 32
1 37
2 35
2 36
3 33
3 34
4 5
4 23
4 31
5 24
5 25
6 7
6 8
6 23
7 20
7 21
8 19
8 22
9 10
9 29
9 30
10 13
10 14
11 14
11 15
11 26
12 13
12 16
12 26
13 15
14 16
15 19
16 20
17 20
17 22
17 28
18 19
18 21
18 28
21 22
23 37
24 27
24 34
25 30
25 33
26 35
27 29
27 33
28 32
29 35
30 34
31 32
31 36
36 37
