# First value is number of nodes (N)
34 
# Next N numbers describe the node locations
266 255
197 209
313 227
289 228
294 90
266 27
215 37
89 36
38 71
62 80
70 107
86 133
25 128
40 100
177 50
224 85
183 33
34 174
150 71
237 72
162 107
177 210
138 177
209 117
146 191
79 224
238 208
332 127
194 133
165 229
334 165
254 175
248 124
237 228
# Remaining lines are the edges.
# The first value is the source node index.
# The second value is the target node index.
0 1
0 2
0 3
1 28
1 29
2 30
2 32
3 31
3 33
4 5
4 6
4 27
5 15
5 19
6 16
6 20
7 8
7 9
7 14
8 10
8 12
9 11
9 13
10 13
10 18
11 12
11 18
12 17
13 17
14 15
14 16
15 20
16 19
17 25
18 22
19 23
20 23
21 22
21 24
21 26
22 29
23 28
24 25
24 28
25 29
26 32
26 33
27 30
27 31
30 33
31 32
