# First value is number of nodes (N)
30 
# Next N numbers describe the node locations
174 184
176 159
112 160
161 213
106 78
170 113
120 24
198 13
140 88
38 88
200 104
83 39
55 8
55 62
108 91
28 145
39 60
32 55
71 143
179 138
71 204
99 198
206 9
227 216
223 175
171 137
42 145
118 114
183 255
140 252
# Remaining lines are the edges.
# The first value is the source node index.
# The second value is the target node index.
0 1
0 2
0 3
1 25
1 29
2 26
2 27
3 24
3 28
4 10
4 11
4 14
5 7
5 8
5 14
6 7
6 12
6 13
7 22
8 10
8 21
9 13
9 15
9 17
10 19
11 12
11 16
12 17
13 16
14 18
15 18
15 20
16 27
17 27
18 26
19 23
19 25
20 21
20 29
21 26
22 24
22 25
23 24
23 28
28 29
