# First value is number of nodes (N)
38 
# Next N numbers describe the node locations
187 250
189 292
157 233
204 217
248 98
146 144
226 72
313 82
242 77
22 96
8 216
28 88
159 118
12 38
26 39
47 52
90 78
27 96
13 26
167 14
54 48
260 17
231 69
198 18
182 95
225 84
72 192
126 255
266 42
265 89
143 138
235 231
230 162
303 215
216 265
245 244
153 195
127 269
# Remaining lines are the edges.
# The first value is the source node index.
# The second value is the target node index.
0 1
0 2
0 3
1 35
1 37
2 34
2 36
3 32
3 33
4 7
4 8
4 25
5 26
5 27
5 30
6 23
6 24
6 30
7 21
7 29
8 22
8 28
9 10
9 11
9 27
10 12
10 26
11 13
11 15
12 14
12 16
13 16
13 18
14 15
14 18
15 17
16 17
17 20
18 19
19 20
19 24
20 23
21 23
21 28
22 24
22 29
25 31
25 32
26 37
27 36
28 33
29 33
30 32
31 34
31 35
34 37
35 36
