# First value is number of nodes (N)
38 
# Next N numbers describe the node locations
213 183
252 9
198 280
255 168
280 113
147 207
122 244
228 99
144 163
188 33
44 62
88 36
92 182
45 179
114 110
39 173
109 8
8 59
19 9
37 59
74 67
307 206
134 78
109 116
164 51
161 37
135 273
187 138
262 226
224 131
127 237
276 243
228 249
319 221
166 21
150 70
272 244
169 279
# Remaining lines are the edges.
# The first value is the source node index.
# The second value is the target node index.
0 1
0 2
0 3
1 34
1 35
2 32
2 37
3 33
3 36
4 7
4 21
4 29
5 12
5 27
5 28
6 8
6 27
6 30
7 8
7 9
8 20
9 24
9 25
10 18
10 19
10 20
11 16
11 17
11 20
12 13
12 26
13 14
13 15
14 22
14 23
15 17
15 18
16 18
16 25
17 19
19 23
21 31
21 36
22 24
22 34
23 35
24 35
25 34
26 30
26 37
27 37
28 29
28 36
29 33
30 32
31 32
31 33
