# First value is number of nodes (N)
30 
# Next N numbers describe the node locations
233 278
191 194
172 295
271 285
200 50
181 42
169 131
128 163
61 61
56 189
92 77
58 10
40 132
19 73
265 118
103 30
66 140
271 43
293 65
115 108
250 9
217 137
144 127
265 213
172 196
248 305
248 280
118 321
253 255
260 324
# Remaining lines are the edges.
# The first value is the source node index.
# The second value is the target node index.
0 1
0 2
0 3
1 24
1 27
2 25
2 28
3 26
3 29
4 5
4 6
4 23
5 20
5 22
6 19
6 21
7 8
7 9
7 22
8 10
8 11
9 12
9 13
10 11
10 15
11 15
12 13
12 16
13 16
14 17
14 18
14 21
15 19
16 19
17 18
17 20
18 20
21 24
22 24
23 25
23 26
25 29
26 28
27 28
27 29
