# First value is number of nodes (N)
32 
# Next N numbers describe the node locations
161 136
94 219
229 235
81 179
226 216
140 65
242 199
24 137
32 187
37 220
47 187
8 214
18 249
402 50
424 35
368 72
406 55
382 40
378 8
428 103
433 44
428 150
331 35
309 167
205 53
336 141
303 35
73 178
77 254
83 229
174 121
201 234
# Remaining lines are the edges.
# The first value is the source node index.
# The second value is the target node index.
0 1
0 2
0 3
1 29
1 31
2 28
2 31
3 27
3 30
4 5
4 6
4 31
5 24
5 25
6 23
6 26
7 9
7 11
7 27
8 10
8 12
8 27
9 10
9 28
10 29
11 12
11 29
12 28
13 14
13 17
13 19
14 18
14 20
15 16
15 17
15 20
16 18
16 19
17 22
18 22
19 21
20 21
21 25
22 26
23 25
23 30
24 26
24 30
