# First value is number of nodes (N)
32 
# Next N numbers describe the node locations
173 245
232 251
181 156
121 212
223 92
162 73
166 26
35 59
34 21
97 8
71 27
248 84
83 27
272 20
64 66
53 100
8 74
215 25
91 63
250 128
235 82
215 40
83 166
29 133
266 170
298 150
77 174
214 49
288 214
243 223
191 218
231 189
# Remaining lines are the edges.
# The first value is the source node index.
# The second value is the target node index.
0 1
0 2
0 3
1 28
1 29
2 27
2 31
3 26
3 30
4 5
4 11
4 19
5 6
5 14
6 9
6 17
7 10
7 15
7 16
8 9
8 10
8 16
9 18
10 12
11 13
11 25
12 18
12 21
13 17
13 21
14 15
14 22
15 23
16 23
17 20
18 22
19 20
19 24
20 27
21 27
22 26
23 26
24 25
24 29
25 28
28 31
29 30
30 31
