# First value is number of nodes (N)
36 
# Next N numbers describe the node locations
115 241
68 213
156 259
148 217
274 107
250 47
198 8
226 38
173 37
189 49
196 41
110 103
133 16
279 167
212 97
70 120
106 69
223 54
192 186
29 65
23 63
38 22
29 107
266 224
210 247
263 202
156 200
11 126
34 94
150 133
144 240
40 197
90 237
147 269
10 283
133 257
# Remaining lines are the edges.
# The first value is the source node index.
# The second value is the target node index.
0 1
0 2
0 3
1 31
1 34
2 32
2 33
3 30
3 35
4 5
4 13
4 17
5 6
5 7
6 10
6 12
7 8
7 9
8 12
8 14
9 10
9 11
10 14
11 15
11 22
12 21
13 23
13 26
14 26
15 18
15 29
16 19
16 20
16 29
17 18
17 25
18 24
19 22
19 28
20 21
20 27
21 28
22 27
23 24
23 25
24 33
25 30
26 30
27 31
28 31
29 32
32 35
33 34
34 35
