# First value is number of nodes (N)
34 
# Next N numbers describe the node locations
164 261
199 229
121 84
160 306
208 23
139 170
242 66
197 17
79 129
20 315
10 21
150 8
32 176
8 167
256 319
212 277
236 270
180 160
162 48
186 72
17 195
96 233
111 40
34 119
236 360
211 315
200 330
181 357
221 210
226 320
166 316
156 314
154 81
100 84
# Remaining lines are the edges.
# The first value is the source node index.
# The second value is the target node index.
0 1
0 2
0 3
1 28
1 29
2 32
2 33
3 30
3 31
4 6
4 7
4 17
5 8
5 9
5 17
6 10
6 18
7 11
7 19
8 12
8 20
9 13
9 21
10 19
10 22
11 18
11 22
12 21
12 23
13 20
13 23
14 16
14 24
14 26
15 16
15 25
15 27
16 28
17 28
18 32
19 32
20 31
21 31
22 33
23 33
24 27
24 29
25 26
25 29
26 30
27 30
