# First value is number of nodes (N)
28 
# Next N numbers describe the node locations
68 196
89 190
137 199
122 113
234 123
232 63
146 95
81 20
195 108
38 45
19 53
41 92
82 48
227 129
232 18
150 32
36 123
8 126
88 121
179 82
160 49
228 183
126 139
122 144
137 68
38 157
202 194
170 170
# Remaining lines are the edges.
# The first value is the source node index.
# The second value is the target node index.
0 1
0 2
0 3
1 25
1 27
2 23
2 26
3 22
3 24
4 5
4 13
4 21
5 14
5 15
6 8
6 13
6 19
7 9
7 15
7 20
8 14
8 20
9 10
9 11
10 12
10 17
11 16
11 18
12 16
12 19
13 26
14 27
15 24
16 25
17 18
17 25
18 23
19 24
20 22
21 22
21 23
26 27
