# First value is number of nodes (N)
38 
# Next N numbers describe the node locations
155 277
46 270
179 193
119 223
244 167
272 126
51 158
75 155
26 110
117 63
81 28
72 63
116 8
176 159
138 140
46 11
36 50
121 83
117 118
8 53
85 102
109 129
188 65
298 172
256 160
227 85
293 225
222 146
261 260
53 66
268 184
41 272
68 160
197 245
226 248
206 137
225 155
189 306
# Remaining lines are the edges.
# The first value is the source node index.
# The second value is the target node index.
0 1
0 2
0 3
1 35
1 37
2 34
2 36
3 32
3 33
4 24
4 26
4 27
5 23
5 25
5 27
6 7
6 8
6 31
7 18
7 21
8 19
8 20
9 10
9 11
9 14
10 12
10 16
11 15
11 29
12 15
12 22
13 14
13 21
13 28
14 18
15 19
16 19
16 29
17 18
17 20
17 22
20 21
22 25
23 26
23 30
24 25
24 30
26 28
27 36
28 34
29 32
30 33
31 32
31 35
33 37
34 37
35 36
