# First value is number of nodes (N)
32 
# Next N numbers describe the node locations
87 259
152 275
169 240
53 204
240 216
181 203
264 158
87 181
44 183
121 164
12 116
76 75
49 119
228 126
222 10
164 8
157 40
255 41
204 88
221 57
64 10
176 85
13 150
118 145
158 173
229 127
242 84
144 192
50 146
8 180
140 224
206 263
# Remaining lines are the edges.
# The first value is the source node index.
# The second value is the target node index.
0 1
0 2
0 3
1 30
1 31
2 27
2 31
3 28
3 29
4 5
4 6
4 31
5 24
5 30
6 25
6 26
7 8
7 9
7 30
8 22
8 29
9 21
9 23
10 11
10 12
10 29
11 20
11 28
12 22
12 23
13 18
13 19
13 20
14 15
14 17
14 19
15 16
15 20
16 17
16 21
17 26
18 21
18 26
19 25
22 28
23 24
24 27
25 27
