# First value is number of nodes (N)
38 
# Next N numbers describe the node locations
132 267
164 242
118 232
38 251
144 55
153 26
123 62
115 32
29 61
130 46
51 30
174 36
212 45
90 74
144 26
202 8
189 47
41 89
42 91
20 74
252 71
287 144
161 173
243 24
193 116
162 133
161 180
238 155
285 212
15 116
72 107
53 112
31 198
263 269
122 237
101 203
88 283
154 281
# Remaining lines are the edges.
# The first value is the source node index.
# The second value is the target node index.
0 1
0 2
0 3
1 33
1 37
2 34
2 35
3 32
3 36
4 5
4 6
4 25
5 14
5 15
6 13
6 16
7 9
7 17
7 19
8 10
8 17
8 18
9 13
9 18
10 14
10 19
11 14
11 16
11 24
12 13
12 15
12 23
15 16
17 31
18 29
19 29
20 22
20 24
20 28
21 22
21 23
21 27
22 26
23 28
24 27
25 26
25 30
26 35
27 33
28 33
29 32
30 31
30 34
31 32
34 37
35 36
36 37
