# First value is number of nodes (N)
30 
# Next N numbers describe the node locations
150 235
127 183
98 218
214 229
152 68
160 26
28 100
35 67
148 139
8 96
144 91
15 124
131 40
77 35
41 97
230 113
226 147
233 134
155 35
102 157
12 174
93 92
166 124
226 215
159 191
211 46
251 196
225 199
48 210
67 160
# Remaining lines are the edges.
# The first value is the source node index.
# The second value is the target node index.
0 1
0 2
0 3
1 25
1 29
2 24
2 28
3 26
3 27
4 5
4 6
4 15
5 12
5 13
6 11
6 14
7 9
7 13
7 18
8 10
8 14
8 19
9 11
9 20
10 12
10 21
11 19
12 18
13 21
14 20
15 16
15 17
16 23
16 27
17 22
17 26
18 25
19 24
20 29
21 28
22 25
22 27
23 24
23 26
28 29
