# First value is number of nodes (N)
34 
# Next N numbers describe the node locations
179 257
273 279
172 252
203 193
239 61
281 10
302 50
260 121
252 48
14 26
44 152
166 144
49 235
27 49
9 157
239 15
272 39
191 145
41 190
84 190
98 89
204 68
247 187
142 190
82 211
47 305
249 133
63 21
210 184
157 272
107 309
169 280
184 276
123 312
# Remaining lines are the edges.
# The first value is the source node index.
# The second value is the target node index.
0 1
0 2
0 3
1 28
1 31
2 29
2 33
3 30
3 32
4 7
4 8
4 17
5 7
5 15
5 22
6 8
6 16
6 22
7 16
8 15
9 11
9 13
9 20
10 12
10 14
10 20
11 14
11 19
12 13
12 19
13 18
14 18
15 21
16 21
17 23
17 26
18 25
19 24
20 27
21 27
22 26
23 24
23 25
24 29
25 30
26 28
27 28
29 32
30 33
31 32
31 33
