# First value is number of nodes (N)
36 
# Next N numbers describe the node locations
167 153
182 84
142 130
227 172
269 125
282 200
165 94
179 275
99 122
45 15
102 30
72 46
80 79
144 256
75 229
63 118
21 72
139 246
126 300
87 67
164 203
94 278
100 237
26 161
14 134
191 203
232 25
166 50
250 224
281 104
269 17
234 93
228 217
166 68
106 214
65 218
# Remaining lines are the edges.
# The first value is the source node index.
# The second value is the target node index.
0 1
0 2
0 3
1 31
1 33
2 34
2 35
3 30
3 32
4 5
4 6
4 29
5 25
5 28
6 26
6 27
7 13
7 14
7 28
8 10
8 12
8 15
9 10
9 11
9 16
10 27
11 15
11 19
12 16
12 19
13 18
13 22
14 17
14 21
15 23
16 24
17 20
17 22
18 20
18 21
19 33
20 32
21 35
22 34
23 24
23 35
24 34
25 26
25 31
26 30
27 33
28 32
29 30
29 31
