# First value is number of nodes (N)
34 
# Next N numbers describe the node locations
229 318
110 304
231 289
85 308
215 151
176 116
229 90
8 202
30 171
87 199
60 189
39 206
25 259
98 146
31 144
114 50
82 106
150 42
176 8
202 55
199 16
182 109
175 67
199 48
248 24
123 200
94 243
231 152
138 240
232 272
186 265
218 250
210 336
248 315
# Remaining lines are the edges.
# The first value is the source node index.
# The second value is the target node index.
0 1
0 2
0 3
1 30
1 33
2 29
2 31
3 28
3 32
4 5
4 6
4 27
5 21
5 22
6 23
6 24
7 10
7 12
7 14
8 11
8 13
8 14
9 10
9 11
9 25
10 13
11 12
12 26
13 26
14 16
15 16
15 17
15 18
16 22
17 19
17 23
18 20
18 24
19 21
19 24
20 21
20 23
22 25
25 30
26 28
27 28
27 29
29 33
30 31
31 32
32 33
