# First value is number of nodes (N)
34 
# Next N numbers describe the node locations
278 298
311 263
272 281
214 319
201 189
157 160
195 136
130 167
16 139
217 46
174 53
148 98
84 45
38 78
9 246
69 251
8 196
41 131
182 72
197 42
141 66
202 98
143 68
73 229
54 188
245 156
92 274
192 246
157 290
230 256
278 214
235 291
251 298
286 285
# Remaining lines are the edges.
# The first value is the source node index.
# The second value is the target node index.
0 1
0 2
0 3
1 30
1 33
2 29
2 31
3 28
3 32
4 5
4 25
4 27
5 6
5 7
6 21
6 22
7 23
7 24
8 13
8 16
8 17
9 11
9 18
9 19
10 12
10 18
10 20
11 13
11 20
12 13
12 19
14 16
14 23
14 26
15 17
15 24
15 26
16 24
17 23
18 21
19 22
20 22
21 25
25 30
26 28
27 28
27 29
29 33
30 31
31 32
32 33
