# First value is number of nodes (N)
28 
# Next N numbers describe the node locations
96 572
237 630
197 627
237 668
208 529
217 472
177 497
114 191
103 140
26 338
42 44
8 29
23 38
45 8
14 82
54 39
41 120
110 82
138 247
91 295
160 277
225 196
148 339
203 382
160 392
223 424
113 572
214 586
# Remaining lines are the edges.
# The first value is the source node index.
# The second value is the target node index.
0 1
0 2
0 3
1 3
1 27
2 3
2 27
4 5
4 6
4 27
5 25
5 26
6 25
6 26
7 8
7 9
7 18
8 16
8 17
9 16
9 17
10 12
10 13
10 14
11 12
11 13
11 14
12 15
13 15
14 16
15 17
18 19
18 20
19 21
19 22
20 21
20 22
21 23
22 24
23 24
23 25
24 26
