# First value is number of nodes (N)
30 
# Next N numbers describe the node locations
128 262
66 265
162 208
139 233
88 22
83 40
11 19
69 47
99 44
106 47
188 17
81 81
155 73
200 71
32 83
88 99
38 157
171 69
165 163
88 142
159 71
183 101
8 198
17 154
134 199
206 181
46 176
25 261
127 240
109 214
# Remaining lines are the edges.
# The first value is the source node index.
# The second value is the target node index.
0 1
0 2
0 3
1 26
1 27
2 25
2 29
3 24
3 28
4 5
4 6
4 10
5 7
5 12
6 8
6 14
7 11
7 16
8 11
8 12
9 10
9 13
9 15
10 18
11 21
12 20
13 17
13 21
14 15
14 23
15 19
16 19
16 22
17 18
17 20
18 25
19 24
20 24
21 25
22 23
22 27
23 26
26 29
27 28
28 29
