# First value is number of nodes (N)
32 
# Next N numbers describe the node locations
27 304
82 325
10 267
49 250
114 226
57 232
148 221
25 20
78 150
44 95
163 53
183 139
215 194
204 160
38 36
190 8
174 54
231 53
236 70
235 39
76 82
102 165
41 140
155 106
202 199
177 254
191 217
78 151
156 303
83 240
8 218
60 288
# Remaining lines are the edges.
# The first value is the source node index.
# The second value is the target node index.
0 1
0 2
0 3
1 28
1 31
2 30
2 31
3 27
3 29
4 5
4 6
4 31
5 29
5 30
6 25
6 26
7 8
7 9
7 30
8 21
8 22
9 20
9 22
10 15
10 17
10 23
11 12
11 13
11 21
12 18
12 24
13 17
13 19
14 15
14 16
14 20
15 19
16 17
16 18
18 19
20 23
21 27
22 27
23 26
24 25
24 26
25 28
28 29
