# First value is number of nodes (N)
30 
# Next N numbers describe the node locations
183 134
197 207
254 125
132 198
187 79
221 51
126 49
112 51
36 69
43 92
8 88
39 117
145 8
43 77
98 29
235 173
244 77
183 45
232 99
119 129
31 162
45 127
130 124
195 170
186 129
53 118
270 57
55 120
231 178
217 195
# Remaining lines are the edges.
# The first value is the source node index.
# The second value is the target node index.
0 1
0 2
0 3
1 24
1 29
2 25
2 26
3 27
3 28
4 16
4 17
4 23
5 6
5 7
5 15
6 14
6 22
7 12
7 13
8 9
8 10
8 14
9 11
9 21
10 13
10 20
11 19
11 20
12 14
12 17
13 21
15 18
15 29
16 18
16 25
17 26
18 26
19 22
19 24
20 27
21 27
22 25
23 24
23 28
28 29
