# First value is number of nodes (N)
34 
# Next N numbers describe the node locations
224 173
183 189
228 229
225 193
102 245
90 214
43 244
150 96
162 72
317 91
230 11
362 109
328 207
357 141
277 152
310 184
254 106
328 202
333 215
321 20
305 34
183 60
86 116
77 139
28 139
41 187
8 195
37 203
27 170
173 140
298 224
240 69
241 51
165 237
# Remaining lines are the edges.
# The first value is the source node index.
# The second value is the target node index.
0 1
0 2
0 3
1 29
1 33
2 30
2 33
3 31
3 32
4 5
4 6
4 33
5 25
5 28
6 26
6 27
7 8
7 22
7 29
8 9
8 10
9 20
9 31
10 21
10 32
11 12
11 13
11 19
12 15
12 17
13 16
13 18
14 15
14 16
14 29
15 18
16 17
17 30
18 30
19 20
19 21
20 32
21 31
22 23
22 24
23 25
23 27
24 26
24 28
25 26
27 28
