# First value is number of nodes (N)
28 
# Next N numbers describe the node locations
231 115
170 138
218 59
296 126
492 164
450 165
461 119
495 134
441 182
447 101
34 176
8 226
26 212
15 250
40 233
122 55
102 205
84 150
395 210
391 113
150 30
147 8
185 11
177 61
351 120
368 58
126 178
121 112
# Remaining lines are the edges.
# The first value is the source node index.
# The second value is the target node index.
0 1
0 2
0 3
1 26
1 27
2 22
2 23
3 24
3 25
4 6
4 7
4 8
5 6
5 7
5 8
6 9
7 9
8 18
9 19
10 11
10 12
10 17
11 13
11 14
12 13
12 14
13 16
14 16
15 20
15 21
15 27
16 26
17 26
17 27
18 24
18 25
19 24
19 25
20 22
20 23
21 22
21 23
