# First value is number of nodes (N)
38 
# Next N numbers describe the node locations
191 275
133 269
212 220
144 263
280 14
244 203
85 12
74 36
43 64
87 35
96 79
154 28
184 35
215 33
124 40
237 46
272 88
37 56
54 139
83 142
35 130
48 148
86 159
19 199
17 265
24 220
200 168
299 130
41 221
128 156
153 134
235 177
73 272
74 194
287 190
187 237
182 196
176 225
# Remaining lines are the edges.
# The first value is the source node index.
# The second value is the target node index.
0 1
0 2
0 3
1 32
1 37
2 34
2 36
3 33
3 35
4 15
4 27
4 31
5 16
5 26
5 31
6 9
6 11
6 17
7 8
7 11
7 18
8 10
8 17
9 10
9 18
10 14
11 13
12 13
12 14
12 30
13 15
14 16
15 26
16 27
17 20
18 21
19 20
19 21
19 30
20 23
21 22
22 25
22 29
23 24
23 28
24 29
24 32
25 28
25 32
26 34
27 34
28 33
29 33
30 36
31 35
35 37
36 37
