# First value is number of nodes (N)
34 
# Next N numbers describe the node locations
217 220
201 118
209 146
302 229
222 171
352 220
304 173
316 70
299 51
275 24
119 131
57 176
40 125
99 241
60 72
43 52
87 117
170 113
52 126
116 77
214 96
142 37
211 36
248 166
329 114
210 13
348 127
337 208
341 181
118 162
168 132
333 241
312 205
228 203
# Remaining lines are the edges.
# The first value is the source node index.
# The second value is the target node index.
0 1
0 2
0 3
1 30
1 33
2 29
2 33
3 31
3 32
4 5
4 6
4 33
5 27
5 31
6 28
6 32
7 8
7 9
7 26
8 22
8 24
9 23
9 25
10 17
10 18
10 30
11 12
11 13
11 29
12 15
12 17
13 16
13 18
14 15
14 16
14 19
15 18
16 17
19 21
19 29
20 24
20 25
20 30
21 22
21 23
22 25
23 24
26 27
26 28
27 32
28 31
