# First value is number of nodes (N)
30 
# Next N numbers describe the node locations
130 145
136 94
118 96
110 125
234 89
189 53
34 54
19 33
67 35
118 16
8 96
146 229
21 162
218 175
91 48
175 222
223 196
58 100
82 26
28 123
108 222
105 202
212 141
119 175
158 56
163 141
162 194
74 147
151 180
91 50
# Remaining lines are the edges.
# The first value is the source node index.
# The second value is the target node index.
0 1
0 2
0 3
1 25
1 29
2 24
2 27
3 26
3 28
4 5
4 16
4 22
5 9
5 14
6 7
6 8
6 19
7 10
7 18
8 9
8 17
9 18
10 12
10 17
11 15
11 20
11 23
12 19
12 21
13 14
13 15
13 16
14 24
15 28
16 25
17 29
18 29
19 27
20 21
20 26
21 28
22 24
22 26
23 25
23 27
