# First value is number of nodes (N)
40 
# Next N numbers describe the node locations
93 252
105 319
46 263
196 274
209 39
235 26
220 125
20 55
106 33
130 28
68 41
243 58
115 65
106 68
85 40
132 73
165 154
251 205
235 256
238 333
236 329
134 162
150 207
8 112
14 142
83 102
194 203
127 252
107 303
107 115
17 180
80 174
196 293
157 340
187 337
174 261
199 180
127 219
41 176
30 133
# Remaining lines are the edges.
# The first value is the source node index.
# The second value is the target node index.
0 1
0 2
0 3
1 34
1 37
2 38
2 39
3 35
3 36
4 5
4 11
4 21
5 8
5 16
6 12
6 15
6 22
7 10
7 16
7 23
8 9
8 14
9 10
9 15
10 13
11 17
11 18
12 13
12 14
13 25
14 24
15 29
16 29
17 19
17 26
18 20
18 27
19 28
19 33
20 28
20 32
21 25
21 31
22 26
22 27
23 24
23 30
24 39
25 39
26 36
27 35
28 37
29 38
30 31
30 38
31 37
32 34
32 36
33 34
33 35
