# First value is number of nodes (N)
34 
# Next N numbers describe the node locations
58 222
171 189
49 245
74 255
150 295
115 175
124 90
62 157
16 13
60 31
134 8
165 20
139 60
200 261
59 102
205 29
27 124
235 241
243 291
234 204
267 161
270 219
164 138
211 118
249 274
282 228
75 277
16 198
203 155
205 197
21 268
25 235
46 259
60 275
# Remaining lines are the edges.
# The first value is the source node index.
# The second value is the target node index.
0 1
0 2
0 3
1 28
1 29
2 30
2 32
3 31
3 33
4 5
4 13
4 26
5 6
5 7
6 11
6 12
7 16
7 27
8 9
8 10
8 16
9 11
9 14
10 12
10 15
11 15
12 14
13 17
13 18
14 23
15 23
16 22
17 20
17 24
18 21
18 25
19 20
19 21
19 22
20 25
21 24
22 28
23 28
24 29
25 29
26 32
26 33
27 30
27 31
30 33
31 32
