# First value is number of nodes (N)
32 
# Next N numbers describe the node locations
105 339
13 323
97 368
121 243
46 297
93 323
66 181
180 281
195 222
182 164
161 223
85 185
82 87
42 143
129 120
51 21
143 43
22 75
103 40
84 26
146 165
193 99
20 141
109 129
125 179
8 204
138 218
148 254
9 265
65 275
142 331
35 355
# Remaining lines are the edges.
# The first value is the source node index.
# The second value is the target node index.
0 1
0 2
0 3
1 28
1 31
2 30
2 31
3 27
3 29
4 5
4 6
4 31
5 29
5 30
6 25
6 26
7 8
7 27
7 30
8 9
8 10
9 21
9 24
10 20
10 27
11 20
11 22
11 24
12 13
12 14
12 23
13 17
13 19
14 18
14 20
15 17
15 18
15 19
16 18
16 19
16 21
17 22
21 23
22 25
23 26
24 26
25 28
28 29
