# First value is number of nodes (N)
32 
# Next N numbers describe the node locations
229 266
179 179
250 279
279 278
278 146
151 55
289 88
32 159
30 176
39 136
80 122
29 75
16 83
250 67
216 74
54 56
84 86
236 34
245 8
198 17
288 38
262 55
112 63
144 264
231 84
274 178
181 153
272 218
285 213
206 279
285 287
237 260
# Remaining lines are the edges.
# The first value is the source node index.
# The second value is the target node index.
0 1
0 2
0 3
1 26
1 29
2 27
2 30
3 28
3 31
4 5
4 6
4 25
5 19
5 22
6 20
6 21
7 9
7 11
7 23
8 10
8 12
8 23
9 10
9 15
10 16
11 12
11 16
12 15
13 17
13 20
13 24
14 18
14 21
14 24
15 22
16 22
17 19
17 21
18 19
18 20
23 26
24 26
25 27
25 28
27 31
28 30
29 30
29 31
