# First value is number of nodes (N)
34 
# Next N numbers describe the node locations
82 232
132 288
153 233
126 213
337 134
350 34
316 51
320 71
346 70
331 285
303 17
253 22
203 108
30 30
52 87
75 100
29 150
145 107
142 29
28 216
34 108
67 117
289 181
206 55
199 169
164 26
149 170
217 186
109 170
214 216
149 253
195 250
125 250
186 280
# Remaining lines are the edges.
# The first value is the source node index.
# The second value is the target node index.
0 1
0 2
0 3
1 30
1 33
2 29
2 31
3 28
3 32
4 6
4 7
4 9
5 6
5 8
5 10
6 17
7 10
7 12
8 9
8 12
9 11
10 11
11 23
12 22
13 15
13 18
13 20
14 16
14 18
14 21
15 19
15 21
16 19
16 20
17 22
17 23
18 25
19 26
20 24
21 24
22 27
23 25
24 28
25 28
26 27
26 30
27 29
29 33
30 31
31 32
32 33
