# First value is number of nodes (N)
36 
# Next N numbers describe the node locations
141 206
184 240
147 237
103 159
217 79
9 131
120 21
127 27
139 180
191 32
110 206
88 153
75 62
31 165
256 117
211 58
8 67
43 30
121 32
152 59
11 195
217 163
127 117
239 191
25 78
89 127
105 230
151 150
205 89
97 157
152 130
87 128
201 145
189 241
182 185
154 221
# Remaining lines are the edges.
# The first value is the source node index.
# The second value is the target node index.
0 1
0 2
0 3
1 32
1 34
2 33
2 35
3 30
3 31
4 14
4 19
4 21
5 13
5 16
5 20
6 7
6 17
6 19
7 15
7 18
8 10
8 12
8 23
9 14
9 15
9 27
10 11
10 26
11 13
11 29
12 18
12 25
13 22
14 23
15 28
16 17
16 24
17 25
18 24
19 22
20 26
20 29
21 27
21 28
22 32
23 33
24 31
25 31
26 35
27 30
28 34
29 30
32 33
34 35
