# First value is number of nodes (N)
28 
# Next N numbers describe the node locations
404 506
410 470
395 488
390 551
306 434
328 414
209 310
235 290
157 213
96 286
138 163
8 19
43 8
15 80
59 50
94 22
42 66
43 115
272 306
120 142
84 154
193 261
251 338
287 386
323 471
363 439
345 523
337 474
# Remaining lines are the edges.
# The first value is the source node index.
# The second value is the target node index.
0 1
0 2
0 3
1 25
1 27
2 26
2 27
3 26
3 27
4 23
4 24
4 25
5 23
5 24
5 25
6 7
6 21
6 22
7 21
7 22
8 9
8 10
8 21
9 19
9 20
10 19
10 20
11 12
11 13
11 16
12 14
12 15
13 14
13 17
14 18
15 16
15 18
16 17
17 20
18 19
22 23
24 26
