# First value is number of nodes (N)
36 
# Next N numbers describe the node locations
252 147
151 116
253 212
241 102
206 155
103 133
216 120
109 72
34 70
79 209
16 221
34 216
87 89
47 27
15 131
39 247
13 75
32 201
110 37
64 51
18 98
94 105
141 140
163 227
173 55
145 40
217 19
213 41
97 181
239 186
240 41
251 51
232 237
139 176
200 205
134 190
# Remaining lines are the edges.
# The first value is the source node index.
# The second value is the target node index.
0 1
0 2
0 3
1 33
1 35
2 32
2 34
3 30
3 31
4 5
4 6
4 29
5 22
5 28
6 26
6 27
7 18
7 21
7 22
8 19
8 20
8 22
9 10
9 11
9 28
10 15
10 16
11 14
11 17
12 13
12 19
12 21
13 18
13 20
14 16
14 23
15 17
15 23
16 20
17 21
18 25
19 24
23 35
24 27
24 31
25 26
25 30
26 31
27 30
28 34
29 32
29 33
32 35
33 34
