# First value is number of nodes (N)
32 
# Next N numbers describe the node locations
175 241
146 212
244 209
146 268
86 109
55 137
16 105
79 51
59 24
37 48
21 56
35 49
77 18
65 70
67 160
178 119
46 261
40 163
256 47
267 104
178 181
235 75
271 101
248 152
83 275
128 181
126 225
78 209
33 294
156 116
249 168
228 287
# Remaining lines are the edges.
# The first value is the source node index.
# The second value is the target node index.
0 1
0 2
0 3
1 26
1 29
2 30
2 31
3 27
3 28
4 5
4 7
4 15
5 6
5 14
6 10
6 11
7 8
7 9
8 10
8 12
9 11
9 13
10 13
11 12
12 18
13 18
14 16
14 17
15 19
15 20
16 24
16 27
17 25
17 28
18 29
19 22
19 30
20 23
20 31
21 22
21 23
21 29
22 31
23 30
24 26
24 28
25 26
25 27
