# First value is number of nodes (N)
34 
# Next N numbers describe the node locations
251 288
307 270
305 302
187 271
205 228
320 165
94 14
95 52
54 30
31 43
38 10
59 47
302 134
312 119
67 32
8 62
146 49
209 44
194 93
52 161
85 148
166 148
200 165
154 195
166 167
40 174
280 247
327 206
185 231
132 255
305 143
329 247
306 212
347 284
# Remaining lines are the edges.
# The first value is the source node index.
# The second value is the target node index.
0 1
0 2
0 3
1 30
1 32
2 31
2 33
3 28
3 29
4 12
4 13
4 26
5 12
5 13
5 27
6 8
6 10
6 16
7 9
7 11
7 16
8 9
8 14
9 15
10 11
10 15
11 14
12 17
13 17
14 19
15 19
16 18
17 18
18 21
19 20
20 24
20 25
21 22
21 23
22 24
22 28
23 25
23 29
24 29
25 28
26 30
26 31
27 32
27 33
30 33
31 32
