# First value is number of nodes (N)
30 
# Next N numbers describe the node locations
174 183
154 231
172 114
214 181
137 107
85 75
47 57
105 17
46 26
146 11
98 45
96 45
39 152
51 186
22 115
12 172
57 201
80 144
107 188
11 196
53 183
149 65
188 83
183 28
201 60
62 224
192 166
177 218
218 217
195 225
# Remaining lines are the edges.
# The first value is the source node index.
# The second value is the target node index.
0 1
0 2
0 3
1 25
1 29
2 26
2 27
3 24
3 28
4 5
4 12
4 17
5 7
5 10
6 8
6 11
6 14
7 9
7 11
8 9
8 10
9 23
10 21
11 21
12 13
12 19
13 16
13 20
14 15
14 20
15 16
15 19
16 18
17 18
17 22
18 27
19 25
20 25
21 24
22 23
22 26
23 24
26 29
27 28
28 29
