# First value is number of nodes (N)
32 
# Next N numbers describe the node locations
225 278
191 210
271 284
252 210
269 111
165 158
132 8
121 47
75 101
8 49
29 83
76 19
33 75
74 106
68 136
184 32
229 70
143 132
131 92
149 74
176 115
132 256
299 158
242 153
320 211
221 225
175 249
239 211
278 247
186 146
280 195
312 232
# Remaining lines are the edges.
# The first value is the source node index.
# The second value is the target node index.
0 1
0 2
0 3
1 26
1 29
2 28
2 31
3 27
3 30
4 16
4 22
4 23
5 17
5 18
5 23
6 7
6 11
6 15
7 8
7 19
8 9
8 13
9 10
9 12
10 11
10 14
11 12
12 13
13 18
14 18
14 21
15 16
15 19
16 20
17 20
17 21
19 29
20 29
21 26
22 24
22 27
23 30
24 28
24 31
25 26
25 27
25 28
30 31
