# First value is number of nodes (N)
38 
# Next N numbers describe the node locations
159 251
211 200
195 274
141 257
313 87
115 130
97 125
243 99
296 117
242 77
116 45
160 81
197 35
195 20
61 128
160 78
219 59
17 58
37 141
237 72
316 114
270 25
32 195
59 144
80 132
148 168
225 150
54 140
21 207
169 131
129 214
135 155
46 267
166 234
246 202
232 264
75 232
155 235
# Remaining lines are the edges.
# The first value is the source node index.
# The second value is the target node index.
0 1
0 2
0 3
1 34
1 35
2 32
2 37
3 33
3 36
4 8
4 13
4 21
5 11
5 12
5 13
6 10
6 14
6 31
7 8
7 9
7 30
8 20
9 12
9 16
10 11
10 15
11 16
12 15
13 19
14 17
14 18
15 29
16 29
17 23
17 28
18 22
18 27
19 20
19 25
20 26
21 25
21 26
22 24
22 28
23 24
23 27
24 35
25 35
26 34
27 33
28 32
29 34
30 33
30 37
31 32
31 36
36 37
