# First value is number of nodes (N)
36 
# Next N numbers describe the node locations
249 301
242 262
185 301
294 255
235 120
194 198
234 42
230 81
200 37
184 53
58 181
75 191
35 226
26 33
8 194
50 120
75 180
126 119
94 72
88 109
176 48
142 26
168 166
192 8
177 33
155 214
59 228
73 238
194 134
276 163
300 191
123 278
251 220
205 238
258 260
225 264
# Remaining lines are the edges.
# The first value is the source node index.
# The second value is the target node index.
0 1
0 2
0 3
1 32
1 33
2 31
2 35
3 30
3 34
4 5
4 6
4 29
5 22
5 28
6 23
6 24
7 8
7 9
7 28
8 21
8 24
9 20
9 23
10 14
10 15
10 27
11 13
11 16
11 27
12 13
12 14
12 26
13 15
14 16
15 18
16 19
17 18
17 19
17 22
18 21
19 20
20 24
21 23
22 25
25 26
25 33
26 31
27 31
28 30
29 30
29 32
32 35
33 34
34 35
