# First value is number of nodes (N)
34 
# Next N numbers describe the node locations
211 323
278 253
252 306
141 276
212 177
182 128
194 69
195 106
285 109
45 134
22 146
24 169
20 195
164 24
223 8
225 54
280 51
249 75
63 170
28 134
49 90
105 59
45 143
234 26
253 80
271 170
89 279
148 216
131 263
165 228
288 231
281 277
203 202
243 290
# Remaining lines are the edges.
# The first value is the source node index.
# The second value is the target node index.
0 1
0 2
0 3
1 30
1 33
2 29
2 31
3 28
3 32
4 5
4 25
4 27
5 6
5 7
6 21
6 22
7 23
7 24
8 16
8 17
8 25
9 11
9 18
9 20
10 12
10 19
10 20
11 19
11 26
12 18
12 26
13 14
13 15
13 21
14 16
14 23
15 17
15 24
16 24
17 23
18 22
19 22
20 21
25 30
26 28
27 28
27 29
29 33
30 31
31 32
32 33
