# First value is number of nodes (N)
34 
# Next N numbers describe the node locations
299 365
347 337
305 328
250 333
309 132
41 32
20 32
70 40
70 105
74 19
72 38
37 74
9 32
81 141
112 46
321 68
168 112
224 195
116 181
193 86
346 165
392 71
353 251
397 176
278 261
52 213
396 232
190 220
221 280
394 281
334 334
291 325
312 296
369 271
# Remaining lines are the edges.
# The first value is the source node index.
# The second value is the target node index.
0 1
0 2
0 3
1 29
1 32
2 30
2 33
3 28
3 31
4 15
4 20
4 21
5 6
5 9
5 11
6 10
6 12
7 8
7 9
7 12
8 10
8 11
9 14
10 14
11 13
12 13
13 18
14 19
15 16
15 17
16 18
16 25
17 19
17 24
18 24
19 25
20 22
20 23
21 22
21 23
22 26
23 26
24 27
25 27
26 29
27 28
28 33
29 30
30 31
31 32
32 33
