# First value is number of nodes (N)
34 
# Next N numbers describe the node locations
196 371
123 359
138 240
254 363
234 183
187 130
226 123
126 226
90 246
131 288
125 61
133 29
62 31
29 183
16 314
77 196
40 112
141 49
142 19
158 53
127 208
153 122
241 55
206 138
151 94
19 294
57 278
258 246
67 349
239 271
272 307
184 332
189 291
229 331
# Remaining lines are the edges.
# The first value is the source node index.
# The second value is the target node index.
0 1
0 2
0 3
1 28
1 31
2 29
2 32
3 30
3 33
4 5
4 6
4 27
5 21
5 24
6 22
6 23
7 8
7 9
7 20
8 14
8 25
9 15
9 26
10 11
10 16
10 17
11 18
11 19
12 17
12 18
12 19
13 14
13 15
13 16
14 26
15 25
16 24
17 21
18 22
19 22
20 21
20 23
23 24
25 28
26 28
27 29
27 30
29 33
30 32
31 32
31 33
