# First value is number of nodes (N)
28 
# Next N numbers describe the node locations
51 207
22 210
38 182
125 236
13 55
87 168
26 48
126 41
174 156
191 61
235 81
158 55
143 179
199 195
161 204
83 139
230 205
101 50
223 101
125 62
49 49
70 12
116 121
120 182
91 148
198 230
81 180
8 163
# Remaining lines are the edges.
# The first value is the source node index.
# The second value is the target node index.
0 1
0 2
0 3
1 26
1 27
2 24
2 27
3 23
3 25
4 5
4 6
4 27
5 22
5 26
6 20
6 21
7 19
7 21
7 22
8 14
8 18
8 22
9 10
9 11
9 23
10 16
10 18
11 17
11 19
12 13
12 14
12 24
13 18
13 25
14 16
15 17
15 20
15 24
16 25
17 21
19 20
23 26
