# First value is number of nodes (N)
30 
# Next N numbers describe the node locations
171 244
106 242
145 280
87 260
19 175
46 80
12 81
243 123
246 63
164 8
185 49
229 13
203 69
216 64
99 12
117 128
38 46
79 38
13 47
147 116
250 137
146 134
244 132
137 124
144 200
29 150
155 212
168 110
58 204
186 247
# Remaining lines are the edges.
# The first value is the source node index.
# The second value is the target node index.
0 1
0 2
0 3
1 26
1 27
2 3
2 29
3 28
4 5
4 6
4 28
5 15
5 17
6 16
6 18
7 10
7 12
7 20
8 11
8 13
8 20
9 10
9 11
9 14
10 13
11 12
12 19
13 19
14 17
14 18
15 18
15 21
16 17
16 21
19 23
20 22
21 23
22 26
22 29
23 27
24 25
24 27
24 29
25 26
25 28
