# First value is number of nodes (N)
32 
# Next N numbers describe the node locations
132 186
149 100
148 208
92 141
321 66
293 121
275 8
275 114
238 18
333 73
281 46
314 129
260 78
233 95
11 113
50 112
254 150
299 79
69 92
51 71
58 196
16 167
32 196
109 189
205 141
160 29
74 50
118 124
139 70
207 187
57 164
87 228
# Remaining lines are the edges.
# The first value is the source node index.
# The second value is the target node index.
0 1
0 2
0 3
1 26
1 27
2 29
2 31
3 28
3 30
4 5
4 6
4 9
5 7
5 11
6 8
6 10
7 12
7 24
8 13
8 25
9 10
9 11
10 17
11 16
12 13
12 17
13 16
14 15
14 19
14 21
15 18
15 20
16 29
17 28
18 19
18 27
19 26
20 23
20 31
21 22
21 30
22 23
22 31
23 30
24 27
24 29
25 26
25 28
