# First value is number of nodes (N)
32 
# Next N numbers describe the node locations
269 270
233 312
242 264
253 217
154 307
179 258
99 280
180 176
117 124
103 165
89 121
59 155
64 85
169 132
115 73
14 66
53 18
108 30
18 15
40 45
13 115
69 39
33 180
89 190
126 186
139 257
35 254
221 165
174 274
225 253
197 228
199 331
# Remaining lines are the edges.
# The first value is the source node index.
# The second value is the target node index.
0 1
0 2
0 3
1 28
1 31
2 30
2 31
3 27
3 29
4 5
4 6
4 31
5 29
5 30
6 25
6 26
7 8
7 27
7 30
8 9
8 10
9 23
9 24
10 20
10 21
11 12
11 22
11 23
12 14
12 15
13 14
13 24
13 27
14 17
15 18
15 19
16 17
16 18
16 19
17 21
18 21
19 20
20 22
22 26
23 25
24 26
25 28
28 29
