# First value is number of nodes (N)
32 
# Next N numbers describe the node locations
269 210
168 235
170 224
206 209
234 165
218 35
117 64
76 77
39 166
8 113
44 132
269 47
233 49
209 51
111 10
42 34
53 57
62 64
10 55
81 96
39 86
204 211
281 101
225 87
104 108
118 206
271 120
82 125
132 242
144 180
148 188
151 199
# Remaining lines are the edges.
# The first value is the source node index.
# The second value is the target node index.
0 1
0 2
0 3
1 29
1 31
2 28
2 30
3 26
3 27
4 5
4 21
4 23
5 11
5 14
6 13
6 19
6 24
7 15
7 17
7 24
8 9
8 10
8 25
9 18
9 20
10 17
10 19
11 12
11 22
12 13
12 23
13 14
14 16
15 18
15 20
16 17
16 18
19 20
21 22
21 30
22 26
23 26
24 27
25 28
25 29
27 31
28 31
29 30
