# First value is number of nodes (N)
30 
# Next N numbers describe the node locations
63 207
99 175
118 208
31 151
224 67
233 102
45 16
87 14
135 64
176 94
182 88
205 138
161 93
81 74
163 135
117 95
76 36
34 74
120 123
207 160
240 173
74 41
71 37
98 143
107 187
182 206
29 68
167 160
42 163
47 129
# Remaining lines are the edges.
# The first value is the source node index.
# The second value is the target node index.
0 1
0 2
0 3
1 24
1 27
2 25
2 29
3 26
3 28
4 5
4 8
4 11
5 10
5 20
6 7
6 13
6 16
7 8
7 22
8 15
9 10
9 12
9 16
10 14
11 14
11 19
12 15
12 18
13 17
13 21
14 25
15 28
16 26
17 23
17 29
18 23
18 27
19 20
19 24
20 25
21 22
21 26
22 27
23 24
28 29
