# First value is number of nodes (N)
38 
# Next N numbers describe the node locations
124 262
137 208
46 255
184 292
232 64
216 9
275 84
102 32
277 43
127 17
153 113
187 70
90 54
246 91
255 89
27 15
211 79
133 54
244 203
68 88
29 47
236 147
64 103
272 239
197 159
76 150
172 252
44 191
76 76
225 250
230 265
8 174
212 234
62 192
166 258
246 283
18 215
180 137
# Remaining lines are the edges.
# The first value is the source node index.
# The second value is the target node index.
0 1
0 2
0 3
1 32
1 37
2 33
2 36
3 34
3 35
4 5
4 6
4 13
5 7
5 12
6 8
6 18
7 9
7 19
8 11
8 14
9 10
9 15
10 11
10 17
11 16
12 15
12 17
13 14
13 16
14 21
15 20
16 24
17 25
18 21
18 23
19 20
19 22
20 37
21 37
22 31
22 36
23 30
23 35
24 29
24 34
25 28
25 33
26 29
26 30
26 32
27 28
27 31
27 32
28 36
29 35
30 34
31 33
