# First value is number of nodes (N)
40 
# Next N numbers describe the node locations
104 328
40 345
72 371
176 363
110 381
175 371
13 236
177 157
194 107
91 141
51 113
205 84
167 51
58 117
60 14
124 28
168 13
172 8
165 96
291 40
243 101
213 146
189 143
274 86
259 152
269 129
300 156
226 185
246 235
290 227
266 291
228 283
55 187
19 171
47 278
71 371
194 323
255 394
14 288
60 398
# Remaining lines are the edges.
# The first value is the source node index.
# The second value is the target node index.
0 1
0 2
0 3
1 38
1 39
2 35
2 39
3 36
3 37
4 5
4 35
4 39
5 36
5 37
6 33
6 34
6 38
7 32
7 34
7 38
8 11
8 20
8 21
9 10
9 11
9 32
10 13
10 33
11 12
12 16
12 17
13 14
13 15
14 17
14 18
15 16
15 19
16 18
17 19
18 22
19 23
20 23
20 24
21 22
21 25
22 27
23 26
24 25
24 27
25 26
26 29
27 28
28 29
28 31
29 30
30 31
30 37
31 36
32 33
34 35
