# First value is number of nodes (N)
34 
# Next N numbers describe the node locations
63 209
99 182
149 216
96 265
227 191
261 125
249 91
280 76
58 98
164 131
181 12
203 117
272 92
240 78
229 73
268 24
247 145
62 19
62 23
12 47
92 55
74 158
19 232
130 19
8 69
110 126
198 251
57 308
63 190
15 122
105 292
109 305
164 301
112 135
# Remaining lines are the edges.
# The first value is the source node index.
# The second value is the target node index.
0 1
0 2
0 3
1 28
1 29
2 30
2 32
3 31
3 33
4 5
4 16
4 26
5 6
5 7
6 12
6 14
7 13
7 15
8 19
8 20
8 21
9 10
9 17
9 18
10 14
10 15
11 12
11 13
11 16
12 15
13 14
16 25
17 19
17 23
18 20
18 24
19 24
20 23
21 22
21 25
22 27
22 28
23 29
24 29
25 28
26 32
26 33
27 30
27 31
30 33
31 32
