# First value is number of nodes (N)
30 
# Next N numbers describe the node locations
104 155
131 191
108 110
136 147
287 112
300 61
304 117
221 171
225 72
196 54
234 66
298 12
178 179
260 177
272 191
248 134
214 45
211 8
237 219
257 210
41 178
15 154
19 199
86 157
205 239
138 23
73 225
44 91
137 237
98 65
# Remaining lines are the edges.
# The first value is the source node index.
# The second value is the target node index.
0 1
0 2
0 3
1 3
1 28
2 3
2 29
4 6
4 8
4 9
5 7
5 10
5 11
6 14
6 15
7 12
7 13
8 10
8 16
9 11
9 17
10 17
11 16
12 14
12 18
13 15
13 19
14 19
15 18
16 25
17 25
18 24
19 24
20 22
20 23
20 27
21 22
21 23
21 27
22 26
23 26
24 28
25 29
26 28
27 29
