# First value is number of nodes (N)
40 
# Next N numbers describe the node locations
130 237
146 280
185 204
129 239
207 89
193 99
183 19
204 173
208 57
239 17
165 84
106 64
196 45
203 78
63 164
78 41
157 19
109 200
94 60
52 17
201 111
110 143
265 103
8 176
226 234
231 118
152 155
50 91
126 263
10 272
8 233
99 250
213 231
54 104
136 246
24 213
196 268
88 276
15 222
211 175
# Remaining lines are the edges.
# The first value is the source node index.
# The second value is the target node index.
0 1
0 2
0 3
1 36
1 37
2 34
2 39
3 35
3 38
4 8
4 9
4 22
5 6
5 7
5 14
6 8
6 15
7 9
7 16
8 13
9 12
10 13
10 16
10 18
11 12
11 15
11 18
12 20
13 20
14 17
14 21
15 19
16 19
17 23
17 31
18 27
19 26
20 25
21 24
21 26
22 24
22 25
23 27
23 30
24 36
25 39
26 39
27 35
28 31
28 32
28 38
29 30
29 33
29 37
30 38
31 37
32 34
32 36
33 34
33 35
