# First value is number of nodes (N)
32 
# Next N numbers describe the node locations
206 239
193 269
242 216
173 186
180 177
147 180
173 128
234 14
192 33
90 47
99 120
99 86
34 96
123 31
63 22
8 58
11 118
37 60
54 162
87 215
12 76
209 44
273 39
142 69
238 49
178 67
273 97
240 144
104 173
134 252
195 173
225 247
# Remaining lines are the edges.
# The first value is the source node index.
# The second value is the target node index.
0 1
0 2
0 3
1 29
1 31
2 27
2 31
3 28
3 30
4 5
4 6
4 31
5 29
5 30
6 25
6 26
7 8
7 22
7 24
8 13
8 21
9 14
9 17
9 23
10 11
10 18
10 23
11 13
11 20
12 16
12 17
12 20
13 14
14 15
15 16
15 17
16 18
18 19
19 28
19 29
20 28
21 22
21 27
22 26
23 25
24 25
24 26
27 30
