# First value is number of nodes (N)
30 
# Next N numbers describe the node locations
173 233
88 163
190 254
197 203
213 109
227 164
204 60
175 100
78 40
8 112
36 32
75 104
107 49
79 8
18 45
180 86
250 137
116 96
42 91
59 132
223 208
211 202
210 283
116 257
70 212
138 274
160 293
191 177
258 207
248 265
# Remaining lines are the edges.
# The first value is the source node index.
# The second value is the target node index.
0 1
0 2
0 3
1 24
1 27
2 26
2 29
3 25
3 28
4 15
4 16
4 21
5 16
5 20
5 21
6 7
6 15
6 16
7 8
7 17
8 13
8 14
9 14
9 18
9 19
10 13
10 14
10 18
11 12
11 17
11 19
12 13
12 15
17 27
18 27
19 24
20 22
20 25
21 28
22 26
22 29
23 24
23 25
23 26
28 29
