# First value is number of nodes (N)
38 
# Next N numbers describe the node locations
82 178
192 208
136 214
51 218
247 60
87 51
273 33
285 49
233 29
214 40
155 21
34 119
29 186
42 107
59 106
138 107
270 61
241 104
231 46
151 58
322 90
274 60
321 127
276 70
275 123
74 126
66 116
35 149
176 94
229 133
185 171
17 222
172 221
51 159
79 129
264 156
143 186
242 132
# Remaining lines are the edges.
# The first value is the source node index.
# The second value is the target node index.
0 1
0 2
0 3
1 35
1 37
2 32
2 36
3 33
3 34
4 15
4 17
4 18
5 10
5 13
5 14
6 8
6 16
6 20
7 9
7 16
7 21
8 10
8 18
9 10
9 17
11 13
11 27
11 30
12 14
12 27
12 31
13 26
14 25
15 19
15 28
16 29
17 24
18 23
19 25
19 26
20 22
20 24
21 22
21 23
22 35
23 37
24 37
25 34
26 33
27 36
28 29
28 36
29 35
30 32
30 34
31 32
31 33
