# First value is number of nodes (N)
32 
# Next N numbers describe the node locations
49 186
40 194
95 166
137 142
150 152
189 116
106 66
148 99
197 48
149 27
182 33
120 87
216 74
15 32
199 80
122 99
175 130
202 68
13 78
100 223
136 182
15 123
209 124
16 125
81 104
210 123
205 198
28 219
184 239
83 139
103 186
23 237
# Remaining lines are the edges.
# The first value is the source node index.
# The second value is the target node index.
0 1
0 2
0 3
1 27
1 31
2 28
2 29
3 26
3 30
4 5
4 11
4 19
5 9
5 10
6 8
6 13
6 18
7 9
7 12
7 16
8 10
8 12
9 13
10 14
11 15
11 17
12 25
13 23
14 15
14 22
15 24
16 20
16 25
17 21
17 24
18 21
18 23
19 20
19 22
20 28
21 29
22 26
23 27
24 27
25 26
28 31
29 30
30 31
