# First value is number of nodes (N)
28 
# Next N numbers describe the node locations
77 218
163 229
109 177
38 188
197 60
151 20
8 49
28 22
208 112
64 43
133 169
201 94
147 117
105 38
83 57
58 116
19 85
101 107
240 173
209 170
150 181
21 89
202 169
33 197
95 146
82 126
163 197
209 226
# Remaining lines are the edges.
# The first value is the source node index.
# The second value is the target node index.
0 1
0 2
0 3
1 22
1 27
2 24
2 26
3 23
3 25
4 5
4 8
4 11
5 9
5 13
6 7
6 14
6 21
7 9
7 16
8 18
8 20
9 15
10 11
10 12
10 15
11 16
12 17
12 19
13 14
13 17
14 25
15 25
16 24
17 23
18 19
18 27
19 22
20 22
20 26
21 23
21 24
26 27
