# First value is number of nodes (N)
32 
# Next N numbers describe the node locations
69 255
74 232
98 183
148 268
182 117
107 57
83 8
142 15
119 33
80 35
229 87
168 45
212 165
208 105
124 127
179 163
148 35
217 137
86 98
25 65
193 266
168 134
147 157
9 89
32 179
54 92
109 130
30 177
154 221
84 253
139 258
106 228
# Remaining lines are the edges.
# The first value is the source node index.
# The second value is the target node index.
0 1
0 2
0 3
1 27
1 30
2 26
2 31
3 28
3 29
4 10
4 14
4 15
5 8
5 11
5 19
6 7
6 9
6 19
7 11
7 16
8 9
8 16
9 18
10 13
10 17
11 13
12 15
12 17
12 20
13 20
14 18
14 22
15 22
16 21
17 21
18 24
19 23
20 29
21 28
22 26
23 25
23 27
24 25
24 27
25 26
28 31
29 30
30 31
