# First value is number of nodes (N)
34 
# Next N numbers describe the node locations
125 250
83 239
127 188
162 221
190 62
80 15
180 12
59 8
95 126
115 109
102 74
159 136
120 132
95 116
233 94
21 33
164 66
146 120
194 104
68 38
95 51
217 139
141 152
18 53
115 162
41 142
42 171
19 239
17 245
88 189
195 183
157 154
156 208
153 160
# Remaining lines are the edges.
# The first value is the source node index.
# The second value is the target node index.
0 1
0 2
0 3
1 28
1 29
2 31
2 33
3 30
3 32
4 6
4 14
4 16
5 7
5 15
5 17
6 7
6 18
7 19
8 9
8 13
8 23
9 12
9 22
10 15
10 19
10 25
11 14
11 18
11 24
12 17
12 27
13 16
13 26
14 22
15 23
16 21
17 20
18 21
19 20
20 31
21 30
22 33
23 32
24 27
24 29
25 26
25 29
26 28
27 28
30 31
32 33
