# First value is number of nodes (N)
32 
# Next N numbers describe the node locations
81 312
61 287
48 180
152 338
104 66
86 66
111 43
48 110
185 41
55 100
107 16
28 29
87 51
46 153
130 124
162 119
198 143
99 178
153 224
203 177
198 274
150 203
169 283
115 241
17 209
116 240
108 301
188 327
55 258
77 272
39 279
37 217
# Remaining lines are the edges.
# The first value is the source node index.
# The second value is the target node index.
0 1
0 2
0 3
1 28
1 30
2 29
2 31
3 26
3 27
4 5
4 6
4 14
5 9
5 11
6 10
6 12
7 11
7 12
7 13
8 9
8 10
8 15
9 12
10 11
13 17
13 24
14 15
14 17
15 16
16 19
16 25
17 18
18 22
18 23
19 20
19 21
20 22
20 26
21 23
21 27
22 27
23 26
24 30
24 31
25 28
25 29
28 31
29 30
