# First value is number of nodes (N)
38 
# Next N numbers describe the node locations
15 262
29 277
41 207
38 213
160 129
35 107
114 8
171 18
225 179
104 53
185 70
233 118
114 106
85 81
200 114
193 222
88 99
212 241
174 168
168 73
62 24
160 89
31 81
229 265
107 183
160 251
103 198
92 286
191 175
191 184
22 64
67 178
29 136
112 263
101 272
89 175
12 187
15 230
# Remaining lines are the edges.
# The first value is the source node index.
# The second value is the target node index.
0 1
0 2
0 3
1 34
1 35
2 32
2 37
3 33
3 36
4 14
4 21
4 24
5 13
5 22
5 24
6 7
6 9
6 20
7 10
7 19
8 11
8 17
8 18
9 12
9 22
10 11
10 21
11 14
12 13
12 18
13 20
14 19
15 16
15 25
15 28
16 23
16 29
17 23
17 28
18 29
19 31
20 30
21 31
22 30
23 27
24 26
25 26
25 27
26 35
27 33
28 34
29 33
30 32
31 32
34 37
35 36
36 37
