# First value is number of nodes (N)
32 
# Next N numbers describe the node locations
131 296
131 335
177 307
112 243
231 296
224 233
230 169
191 157
206 113
14 278
13 191
46 180
69 149
60 205
81 34
36 136
128 8
100 63
195 271
134 39
28 56
178 30
129 128
144 158
224 221
140 96
198 57
182 301
110 175
78 170
74 313
189 338
# Remaining lines are the edges.
# The first value is the source node index.
# The second value is the target node index.
0 1
0 2
0 3
1 30
1 31
2 27
2 31
3 28
3 29
4 5
4 27
4 31
5 6
5 28
6 7
6 8
7 23
7 24
8 25
8 26
9 10
9 11
9 30
10 13
10 15
11 12
11 13
12 17
12 22
13 29
14 16
14 17
14 20
15 20
15 29
16 19
16 21
17 19
18 24
18 28
18 30
19 26
20 25
21 23
21 26
22 23
22 25
24 27
