# First value is number of nodes (N)
34 
# Next N numbers describe the node locations
252 290
227 282
330 295
324 266
153 88
247 42
137 109
13 48
36 59
90 247
60 257
53 8
115 83
36 62
91 28
62 261
90 228
19 85
36 189
52 162
174 157
141 37
58 187
119 260
50 281
245 209
266 92
329 227
195 269
165 292
356 264
349 257
326 279
253 37
# Remaining lines are the edges.
# The first value is the source node index.
# The second value is the target node index.
0 1
0 2
0 3
1 28
1 29
2 30
2 32
3 31
3 33
4 5
4 6
4 25
5 21
5 22
6 19
6 20
7 11
7 13
7 17
8 12
8 14
8 17
9 15
9 18
9 23
10 16
10 18
10 24
11 14
11 21
12 13
12 21
13 19
14 19
15 20
15 24
16 20
16 23
17 22
18 22
23 29
24 29
25 26
25 28
26 32
26 33
27 28
27 30
27 31
30 33
31 32
