# First value is number of nodes (N)
36 
# Next N numbers describe the node locations
75 256
85 198
65 279
177 228
247 186
230 150
121 39
40 50
50 39
182 202
51 50
54 25
111 157
91 17
17 73
162 98
133 122
159 67
258 284
237 168
277 50
206 29
262 99
168 277
70 153
66 158
254 269
134 157
220 191
105 286
186 240
143 190
55 283
95 249
67 245
28 198
# Remaining lines are the edges.
# The first value is the source node index.
# The second value is the target node index.
0 1
0 2
0 3
1 33
1 35
2 32
2 34
3 30
3 31
4 20
4 22
4 28
5 19
5 21
5 28
6 7
6 8
6 15
7 11
7 12
8 10
8 13
9 16
9 17
9 27
10 12
10 14
11 13
11 14
12 16
13 17
14 24
15 24
15 25
16 22
17 21
18 19
18 20
18 26
19 22
20 21
23 26
23 29
23 30
24 35
25 27
25 34
26 31
27 31
28 30
29 32
29 33
32 35
33 34
