# First value is number of nodes (N)
32 
# Next N numbers describe the node locations
121 262
143 223
201 263
66 201
273 72
93 9
51 154
39 12
292 128
302 107
59 62
45 12
246 151
295 248
48 63
11 65
268 184
235 130
211 135
73 12
149 28
188 116
52 206
281 220
146 32
208 141
73 159
234 256
172 220
179 239
142 244
243 208
# Remaining lines are the edges.
# The first value is the source node index.
# The second value is the target node index.
0 1
0 2
0 3
1 28
1 31
2 27
2 29
3 26
3 30
4 8
4 9
4 21
5 6
5 7
5 20
6 10
6 14
7 11
7 15
8 12
8 16
9 13
9 17
10 15
10 19
11 14
11 19
12 17
12 18
13 16
13 18
14 22
15 22
16 23
17 23
18 25
19 24
20 21
20 25
21 24
22 26
23 27
24 28
25 26
27 31
28 29
29 30
30 31
