# First value is number of nodes (N)
38 
# Next N numbers describe the node locations
131 253
130 304
159 230
219 257
210 179
195 236
274 91
255 93
19 183
69 180
37 144
131 217
24 111
72 132
137 55
113 57
128 34
132 54
176 95
83 10
135 118
268 62
187 10
277 91
284 124
213 90
268 45
50 242
183 165
95 42
292 151
275 211
264 161
135 218
199 307
21 267
219 275
157 273
# Remaining lines are the edges.
# The first value is the source node index.
# The second value is the target node index.
0 1
0 2
0 3
1 34
1 35
2 33
2 37
3 32
3 36
4 5
4 28
4 31
5 6
5 7
6 24
6 26
7 23
7 25
8 11
8 12
8 27
9 10
9 13
9 27
10 12
10 29
11 13
11 29
12 19
13 20
14 17
14 18
14 28
15 16
15 17
15 20
16 18
16 19
17 22
18 21
19 22
20 21
21 26
22 25
23 26
23 30
24 25
24 30
27 35
28 33
29 33
30 32
31 32
31 34
34 37
35 36
36 37
