# First value is number of nodes (N)
34 
# Next N numbers describe the node locations
67 466
49 425
12 439
104 425
267 33
243 117
206 93
233 43
238 98
267 55
241 24
76 66
23 36
265 107
255 162
187 130
227 221
111 107
103 357
122 236
128 267
264 181
161 298
89 277
41 298
188 378
83 414
128 427
129 341
175 436
44 419
11 388
58 387
30 441
# Remaining lines are the edges.
# The first value is the source node index.
# The second value is the target node index.
0 1
0 2
0 3
1 30
1 32
2 31
2 33
3 28
3 29
4 5
4 8
4 10
5 9
5 11
6 7
6 8
6 11
7 9
7 10
8 13
9 13
10 12
11 12
12 15
13 14
14 15
14 16
15 17
16 18
16 20
17 19
17 21
18 21
18 23
19 20
19 23
20 22
21 22
22 25
23 24
24 30
24 31
25 28
25 29
26 27
26 32
26 33
27 28
27 29
30 33
31 32
