# First value is number of nodes (N)
32 
# Next N numbers describe the node locations
179 179
142 145
260 228
221 218
192 145
135 204
196 132
83 94
43 83
116 34
58 256
9 214
243 65
51 165
8 188
142 42
23 140
90 125
121 18
247 109
109 233
123 205
38 213
177 24
105 78
252 182
163 83
94 233
227 222
286 208
275 132
162 240
# Remaining lines are the edges.
# The first value is the source node index.
# The second value is the target node index.
0 1
0 2
0 3
1 26
1 27
2 29
2 31
3 28
3 30
4 5
4 19
4 25
5 6
5 20
6 7
6 21
7 8
7 9
8 16
8 17
9 15
9 18
10 11
10 20
10 22
11 13
11 14
12 15
12 19
12 23
13 16
13 21
14 16
14 22
15 24
17 18
17 24
18 23
19 30
20 27
21 31
22 27
23 26
24 26
25 28
25 29
28 31
29 30
