# First value is number of nodes (N)
32 
# Next N numbers describe the node locations
231 252
291 256
267 221
122 242
346 194
324 144
315 156
285 100
83 149
92 95
18 193
267 9
223 37
75 67
137 29
22 59
101 32
55 9
8 73
61 74
95 76
158 129
197 201
240 63
238 81
256 151
230 153
307 207
240 169
134 180
255 174
323 239
# Remaining lines are the edges.
# The first value is the source node index.
# The second value is the target node index.
0 1
0 2
0 3
1 27
1 31
2 28
2 31
3 29
3 30
4 5
4 27
4 31
5 6
5 7
6 26
6 27
7 24
7 25
8 9
8 10
8 29
9 19
9 23
10 18
10 20
11 12
11 22
11 23
12 13
12 14
13 17
13 20
14 16
14 21
15 16
15 19
15 20
16 17
17 18
18 19
21 26
21 29
22 24
22 28
23 24
25 26
25 30
28 30
