# First value is number of nodes (N)
58 
# Next N numbers describe the node locations
187 198
136 192
251 211
180 167
92 32
139 126
241 179
26 262
21 187
69 197
117 37
114 101
23 11
177 19
108 138
11 181
104 184
259 44
144 263
60 280
49 229
99 142
176 238
247 123
107 259
19 76
155 59
42 128
108 250
205 234
35 167
204 68
99 169
91 232
99 86
172 8
72 56
155 112
10 217
166 120
100 201
151 182
48 114
12 141
166 138
261 83
99 284
164 231
192 68
127 20
149 154
183 200
152 194
90 192
256 188
211 220
179 93
172 271
# Remaining lines are the edges.
# The first value is the source node index.
# The second value is the target node index.
0 1
0 2
0 3
1 52
1 53
2 54
2 57
3 55
3 56
4 22
4 25
4 39
5 21
5 26
5 27
6 23
6 29
6 37
7 24
7 28
7 38
8 15
8 33
8 38
9 14
9 31
9 32
10 13
10 36
10 39
11 12
11 34
11 35
12 15
12 30
13 14
13 37
14 15
16 18
16 24
16 40
17 23
17 35
17 45
18 19
18 51
19 20
19 46
20 32
20 42
21 30
21 47
22 33
22 41
23 41
24 44
25 34
25 48
26 31
26 48
27 36
27 43
28 29
28 50
29 47
30 40
31 45
32 50
33 46
34 42
35 49
36 49
37 51
38 43
39 44
40 52
41 52
42 53
43 53
44 54
45 54
46 57
47 57
48 55
49 56
50 56
51 55
