# First value is number of nodes (N)
34 
# Next N numbers describe the node locations
129 339
257 313
183 316
91 300
211 172
209 167
268 148
148 101
180 43
45 98
18 155
35 164
229 61
238 24
15 82
29 128
88 143
23 95
235 75
269 102
275 41
258 63
230 73
302 85
72 121
130 156
44 205
256 173
97 201
276 146
146 250
143 248
130 322
195 283
# Remaining lines are the edges.
# The first value is the source node index.
# The second value is the target node index.
0 1
0 2
0 3
1 30
1 33
2 29
2 31
3 28
3 32
4 5
4 6
4 27
5 24
5 25
6 22
6 23
7 8
7 9
7 25
8 12
8 13
9 14
9 15
10 14
10 16
10 26
11 15
11 17
11 26
12 18
12 20
13 19
13 21
14 17
15 16
16 24
17 24
18 19
18 22
19 23
20 21
20 23
21 22
25 30
26 28
27 28
27 29
29 33
30 31
31 32
32 33
