# First value is number of nodes (N)
40 
# Next N numbers describe the node locations
252 254
99 245
274 199
321 258
180 111
92 218
104 190
401 242
307 196
348 155
402 185
303 194
355 172
310 116
289 214
193 60
407 141
290 155
321 52
329 48
248 94
236 24
282 23
180 41
184 8
127 20
155 23
11 35
131 76
39 63
87 133
8 131
42 140
53 144
19 209
277 212
358 210
389 256
150 228
215 208
# Remaining lines are the edges.
# The first value is the source node index.
# The second value is the target node index.
0 1
0 2
0 3
1 38
1 39
2 35
2 39
3 36
3 37
4 5
4 6
4 39
5 34
5 38
6 33
6 38
7 10
7 12
7 37
8 14
8 17
8 35
9 13
9 18
9 37
10 18
10 36
11 12
11 15
11 35
12 16
13 17
13 36
14 15
14 16
15 20
16 19
17 20
18 19
19 22
20 21
21 22
21 24
22 23
23 24
23 26
24 25
25 27
25 28
26 27
26 28
27 29
28 30
29 31
29 33
30 32
30 34
31 32
31 34
32 33
