# First value is number of nodes (N)
34 
# Next N numbers describe the node locations
78 306
115 245
20 258
65 336
262 125
196 29
289 29
217 16
285 128
260 233
263 158
146 128
163 75
192 22
181 39
192 8
301 166
28 33
125 48
151 136
236 154
148 61
281 297
53 146
158 179
76 232
113 174
188 208
128 200
124 330
21 301
52 326
74 371
8 339
# Remaining lines are the edges.
# The first value is the source node index.
# The second value is the target node index.
0 1
0 2
0 3
1 28
1 31
2 29
2 33
3 30
3 32
4 5
4 8
4 11
5 12
5 13
6 7
6 9
6 10
7 14
7 15
8 9
8 16
9 19
10 11
10 16
11 19
12 14
12 17
13 15
13 18
14 18
15 17
16 20
17 21
18 21
19 20
20 27
21 26
22 24
22 25
22 27
23 24
23 25
23 26
24 29
25 30
26 28
27 28
29 32
30 33
31 32
31 33
