# First value is number of nodes (N)
34 
# Next N numbers describe the node locations
208 242
167 192
262 255
253 184
346 105
154 137
317 68
271 133
92 34
221 65
301 109
330 9
56 111
42 77
124 107
112 25
272 43
180 51
13 141
150 135
55 131
39 128
180 73
28 122
49 205
247 91
270 203
198 168
197 146
50 213
247 205
264 187
309 221
291 232
# Remaining lines are the edges.
# The first value is the source node index.
# The second value is the target node index.
0 1
0 2
0 3
1 28
1 29
2 30
2 32
3 31
3 33
4 6
4 7
4 26
5 8
5 14
5 27
6 10
6 16
7 11
7 17
8 12
8 15
9 10
9 11
9 15
10 17
11 16
12 20
12 21
13 14
13 18
13 19
14 22
15 22
16 25
17 25
18 20
18 23
19 21
19 24
20 24
21 23
22 28
23 29
24 29
25 28
26 32
26 33
27 30
27 31
30 33
31 32
