# First value is number of nodes (N)
38 
# Next N numbers describe the node locations
107 311
102 212
123 267
64 264
163 37
78 9
130 37
44 60
108 80
60 103
167 156
134 140
27 38
185 25
115 38
49 129
8 95
33 132
144 164
117 112
179 77
219 197
260 245
267 182
229 218
170 187
247 212
175 292
88 190
146 225
210 31
13 158
55 202
175 208
139 219
154 301
100 318
8 231
# Remaining lines are the edges.
# The first value is the source node index.
# The second value is the target node index.
0 1
0 2
0 3
1 33
1 37
2 34
2 35
3 32
3 36
4 10
4 13
4 14
5 6
5 12
5 14
6 11
6 13
7 8
7 12
7 17
8 9
8 20
9 15
9 16
10 11
10 18
11 19
12 16
13 20
14 19
15 17
15 18
16 31
17 31
18 29
19 28
20 30
21 23
21 25
21 26
22 23
22 24
22 27
23 30
24 26
24 29
25 27
25 28
26 33
27 35
28 32
29 34
30 33
31 32
34 37
35 36
36 37
