# First value is number of nodes (N)
30 
# Next N numbers describe the node locations
156 234
105 219
209 212
101 251
219 34
296 46
188 21
244 8
255 44
258 103
225 60
299 71
254 103
35 122
8 167
52 168
133 50
123 61
293 129
82 86
17 198
233 143
111 168
46 211
235 136
257 181
44 249
103 118
96 200
163 196
# Remaining lines are the edges.
# The first value is the source node index.
# The second value is the target node index.
0 1
0 2
0 3
1 27
1 29
2 24
2 25
3 26
3 28
4 6
4 9
4 12
5 7
5 9
5 11
6 7
6 16
7 8
8 10
8 11
9 21
10 12
10 17
11 18
12 18
13 14
13 15
13 19
14 20
14 23
15 20
15 22
16 17
16 19
17 29
18 25
19 27
20 26
21 24
21 25
22 24
22 27
23 26
23 28
28 29
