# First value is number of nodes (N)
32 
# Next N numbers describe the node locations
141 294
147 237
305 308
244 194
208 173
236 43
187 8
186 42
131 18
143 147
25 36
131 47
122 108
35 197
57 263
18 279
74 286
38 299
19 310
112 224
58 312
65 318
30 210
34 65
254 222
316 127
107 219
117 294
306 203
273 186
242 181
256 161
# Remaining lines are the edges.
# The first value is the source node index.
# The second value is the target node index.
0 1
0 2
0 3
1 26
1 27
2 28
2 31
3 29
3 30
4 5
4 24
4 25
5 6
5 7
6 8
6 10
7 9
7 11
8 9
8 12
9 13
10 11
10 13
11 12
12 23
13 23
14 16
14 18
14 22
15 17
15 19
15 22
16 17
16 20
17 21
18 19
18 21
19 20
20 27
21 27
22 26
23 26
24 28
24 30
25 29
25 31
28 29
30 31
