# First value is number of nodes (N)
34 
# Next N numbers describe the node locations
155 356
103 328
144 334
196 320
254 69
247 60
136 124
249 74
268 88
270 144
243 49
226 65
174 69
157 119
111 181
49 183
28 48
33 143
174 54
113 142
32 221
8 183
133 117
213 145
30 234
131 172
214 220
79 235
78 272
259 268
138 235
154 324
168 286
186 327
# Remaining lines are the edges.
# The first value is the source node index.
# The second value is the target node index.
0 1
0 2
0 3
1 28
1 31
2 30
2 33
3 29
3 32
4 5
4 8
4 10
5 9
5 11
6 7
6 8
6 11
7 9
7 10
8 13
9 13
10 12
11 12
12 22
13 23
14 16
14 19
14 20
15 17
15 19
15 21
16 18
16 21
17 18
17 20
18 22
19 23
20 24
21 24
22 25
23 26
24 28
25 27
25 30
26 27
26 29
27 28
29 33
30 32
31 32
31 33
