# First value is number of nodes (N)
30 
# Next N numbers describe the node locations
161 248
195 226
225 221
95 241
208 59
145 14
161 48
54 46
133 121
145 50
159 120
149 60
108 50
146 138
67 191
23 106
221 170
276 220
13 166
44 155
48 188
47 184
183 91
288 195
257 172
270 246
17 232
74 197
261 167
223 201
# Remaining lines are the edges.
# The first value is the source node index.
# The second value is the target node index.
0 1
0 2
0 3
1 24
1 29
2 25
2 28
3 26
3 27
4 5
4 6
4 22
5 9
5 11
6 10
6 12
7 11
7 12
7 15
8 9
8 10
8 13
9 12
10 11
13 14
13 16
14 20
14 21
15 18
15 19
16 17
16 29
17 23
17 25
18 20
18 26
19 21
19 27
20 27
21 26
22 24
22 28
23 24
23 25
28 29
