# First value is number of nodes (N)
38 
# Next N numbers describe the node locations
120 303
183 288
97 244
58 165
169 96
159 21
174 31
76 68
19 78
52 12
99 76
173 8
259 73
170 71
97 45
225 25
232 13
23 75
273 149
232 153
254 243
248 163
180 117
47 111
62 90
107 182
197 215
216 134
180 166
15 132
112 214
51 112
47 156
219 218
120 238
158 226
111 272
155 272
# Remaining lines are the edges.
# The first value is the source node index.
# The second value is the target node index.
0 1
0 2
0 3
1 33
1 37
2 34
2 35
3 32
3 36
4 5
4 6
4 25
5 13
5 16
6 14
6 15
7 10
7 17
7 24
8 9
8 17
8 23
9 14
9 24
10 13
10 23
11 14
11 16
11 22
12 13
12 15
12 19
15 16
17 31
18 20
18 22
18 27
19 21
19 27
20 21
20 26
21 28
22 28
23 29
24 29
25 26
25 30
26 33
27 33
28 35
29 32
30 31
30 34
31 32
34 37
35 36
36 37
