# First value is number of nodes (N)
38 
# Next N numbers describe the node locations
100 305
109 259
115 203
29 279
122 80
71 51
92 113
114 66
47 61
89 77
147 12
125 104
80 90
99 36
66 29
169 65
181 101
41 102
54 210
186 97
126 108
10 113
83 115
111 224
16 173
137 163
100 277
76 156
54 262
38 270
172 307
15 257
176 253
25 241
121 281
34 255
163 226
97 291
# Remaining lines are the edges.
# The first value is the source node index.
# The second value is the target node index.
0 1
0 2
0 3
1 32
1 33
2 34
2 36
3 35
3 37
4 11
4 12
4 16
5 10
5 12
5 17
6 9
6 16
6 22
7 9
7 11
7 15
8 10
8 13
8 14
9 14
10 15
11 13
12 18
13 20
14 21
15 19
16 19
17 20
17 21
18 23
18 24
19 25
20 25
21 24
22 28
22 29
23 26
23 27
24 33
25 32
26 29
26 37
27 28
27 36
28 35
29 34
30 32
30 36
30 37
31 33
31 34
31 35
