# First value is number of nodes (N)
32 
# Next N numbers describe the node locations
112 253
103 258
257 188
79 186
213 38
159 29
272 59
27 48
41 92
91 67
183 77
119 88
75 104
249 86
57 133
66 45
187 101
259 106
137 26
273 23
201 12
200 159
162 93
40 128
244 167
166 204
166 157
63 181
158 175
174 217
194 212
52 220
# Remaining lines are the edges.
# The first value is the source node index.
# The second value is the target node index.
0 1
0 2
0 3
1 29
1 31
2 28
2 30
3 26
3 27
4 5
4 6
4 21
5 18
5 20
6 17
6 19
7 8
7 9
7 15
8 12
8 23
9 11
9 12
10 11
10 13
10 16
11 25
12 14
13 19
13 24
14 18
14 22
15 18
15 23
16 17
16 20
17 24
19 20
21 22
21 30
22 26
23 27
24 26
25 28
25 29
27 31
28 31
29 30
