# First value is number of nodes (N)
34 
# Next N numbers describe the node locations
82 208
24 157
20 229
125 149
250 110
228 99
148 78
46 35
64 44
160 93
74 11
59 54
15 39
124 60
208 11
129 64
271 140
275 80
239 115
189 108
245 99
184 233
79 160
8 103
224 185
114 143
218 149
136 228
187 201
210 197
60 233
33 144
10 165
48 196
# Remaining lines are the edges.
# The first value is the source node index.
# The second value is the target node index.
0 1
0 2
0 3
1 31
1 33
2 30
2 32
3 28
3 29
4 18
4 20
4 26
5 17
5 19
5 26
6 14
6 15
6 25
7 9
7 12
7 13
8 10
8 11
8 13
9 11
9 14
10 12
10 15
11 23
12 23
13 22
14 20
15 19
16 17
16 18
16 24
17 20
18 19
21 24
21 27
21 28
22 25
22 33
23 32
24 29
25 29
26 28
27 30
27 31
30 33
31 32
