# First value is number of nodes (N)
28 
# Next N numbers describe the node locations
99 401
52 368
53 417
81 454
118 201
35 158
122 199
126 16
148 48
101 15
102 50
160 59
76 59
147 113
89 113
117 261
124 605
60 622
30 549
26 637
71 580
8 587
115 507
34 537
79 508
60 505
128 311
26 234
# Remaining lines are the edges.
# The first value is the source node index.
# The second value is the target node index.
0 1
0 2
0 3
1 26
1 27
2 26
2 27
3 24
3 25
4 5
4 6
4 15
5 13
5 14
6 13
6 14
7 9
7 10
7 11
8 9
8 10
8 11
9 12
10 12
11 13
12 14
15 26
15 27
16 18
16 19
16 20
17 18
17 19
17 20
18 21
19 21
20 22
21 23
22 24
22 25
23 24
23 25
