# First value is number of nodes (N)
30 
# Next N numbers describe the node locations
133 172
124 81
92 186
195 243
257 137
242 79
210 124
37 142
189 82
169 33
37 113
43 187
163 181
194 44
154 8
88 63
67 59
108 228
92 182
25 194
11 215
210 184
149 131
205 147
199 173
202 202
90 87
113 54
61 253
41 212
# Remaining lines are the edges.
# The first value is the source node index.
# The second value is the target node index.
0 1
0 2
0 3
1 26
1 27
2 28
2 29
3 24
3 25
4 5
4 21
4 23
5 8
5 13
6 8
6 12
6 22
7 10
7 11
7 22
8 9
9 14
9 15
10 16
10 19
11 18
11 20
12 17
12 21
13 14
13 26
14 27
15 16
15 26
16 27
17 18
17 28
18 29
19 20
19 29
20 28
21 25
22 24
23 24
23 25
