# First value is number of nodes (N)
34 
# Next N numbers describe the node locations
175 270
134 259
210 222
253 233
322 38
298 56
160 16
280 31
123 35
79 23
280 67
333 77
368 75
311 104
82 27
125 8
14 76
23 49
365 135
270 188
44 109
8 96
134 66
82 32
114 121
46 141
301 179
342 194
101 169
154 230
301 241
186 51
235 202
242 203
# Remaining lines are the edges.
# The first value is the source node index.
# The second value is the target node index.
0 1
0 2
0 3
1 28
1 31
2 29
2 33
3 30
3 32
4 7
4 10
4 12
5 7
5 11
5 13
6 7
6 14
6 15
8 14
8 16
8 22
9 15
9 17
9 23
10 13
10 19
11 12
11 19
12 18
13 18
14 23
15 22
16 20
16 21
17 20
17 21
18 27
19 26
20 25
21 25
22 24
23 24
24 28
25 28
26 27
26 29
27 30
29 32
30 33
31 32
31 33
