# First value is number of nodes (N)
38 
# Next N numbers describe the node locations
80 115
150 255
204 181
104 59
245 229
20 181
23 178
52 317
64 210
250 83
61 123
106 188
82 35
237 150
50 98
150 274
53 184
8 226
237 26
198 78
151 282
191 33
175 21
219 260
142 307
53 283
176 73
243 64
126 318
187 327
106 122
140 102
239 110
167 52
167 290
122 288
114 78
100 90
# Remaining lines are the edges.
# The first value is the source node index.
# The second value is the target node index.
0 1
0 2
0 3
1 34
1 35
2 32
2 37
3 33
3 36
4 13
4 15
4 23
5 11
5 14
5 17
6 10
6 12
6 14
7 8
7 10
7 17
8 11
8 20
9 13
9 18
9 19
10 16
11 16
12 21
12 22
13 31
14 30
15 20
15 29
16 25
17 25
18 22
18 27
19 21
19 26
20 24
21 27
22 26
23 24
23 28
24 34
25 35
26 33
27 32
28 29
28 35
29 34
30 33
30 37
31 32
31 36
36 37
