# First value is number of nodes (N)
32 
# Next N numbers describe the node locations
86 223
113 189
136 230
47 196
231 65
207 18
225 75
19 9
89 14
155 30
264 41
259 98
62 64
29 41
91 102
11 74
74 63
157 9
159 25
208 101
183 150
84 77
92 42
58 108
262 229
231 147
187 166
161 151
42 180
8 160
107 182
75 180
# Remaining lines are the edges.
# The first value is the source node index.
# The second value is the target node index.
0 1
0 2
0 3
1 27
1 30
2 26
2 31
3 28
3 29
4 5
4 6
4 19
5 10
5 18
6 9
6 10
7 13
7 15
7 17
8 12
8 16
8 17
9 11
9 14
10 11
11 25
12 15
12 21
13 16
13 21
14 18
14 23
15 23
16 20
17 22
18 22
19 20
19 24
20 26
21 27
22 29
23 28
24 25
24 27
25 26
28 31
29 30
30 31
