# First value is number of nodes (N)
32 
# Next N numbers describe the node locations
89 277
214 245
86 233
82 213
135 118
210 124
146 93
37 38
189 45
206 77
10 103
60 29
100 77
206 46
21 87
18 131
220 50
213 83
12 48
177 49
52 72
107 157
70 130
171 138
197 185
15 162
83 146
226 264
60 220
135 210
117 270
120 216
# Remaining lines are the edges.
# The first value is the source node index.
# The second value is the target node index.
0 1
0 2
0 3
1 27
1 31
2 26
2 30
3 28
3 29
4 5
4 6
4 21
5 16
5 17
6 15
6 18
7 8
7 11
7 14
8 12
8 13
9 13
9 17
9 24
10 14
10 18
10 25
11 18
11 20
12 17
12 19
13 16
14 15
15 20
16 19
19 23
20 22
21 22
21 23
22 26
23 27
24 27
24 29
25 26
25 28
28 31
29 30
30 31
