# First value is number of nodes (N)
30 
# Next N numbers describe the node locations
55 244
84 223
83 257
24 233
162 119
195 123
141 100
16 19
112 16
107 100
126 19
170 56
98 108
108 159
149 111
83 8
182 138
104 45
171 57
53 137
104 127
13 75
183 188
112 178
15 155
146 161
145 264
32 218
22 246
87 279
# Remaining lines are the edges.
# The first value is the source node index.
# The second value is the target node index.
0 1
0 2
0 3
1 26
1 27
2 25
2 29
3 24
3 28
4 5
4 6
4 23
5 18
5 22
6 16
6 17
7 13
7 15
7 21
8 10
8 11
8 21
9 12
9 18
9 20
10 15
10 18
11 17
11 19
12 14
12 19
13 14
13 20
14 16
15 17
16 22
19 27
20 25
21 24
22 26
23 24
23 25
26 29
27 28
28 29
