# First value is number of nodes (N)
34 
# Next N numbers describe the node locations
65 185
137 247
24 216
140 106
265 137
243 190
206 211
43 137
91 104
13 93
28 35
51 59
90 183
231 272
132 136
207 223
200 208
236 249
132 275
36 38
80 8
240 82
186 76
196 57
141 47
138 21
45 236
174 313
180 184
130 92
121 319
115 296
101 287
66 297
# Remaining lines are the edges.
# The first value is the source node index.
# The second value is the target node index.
0 1
0 2
0 3
1 30
1 32
2 31
2 33
3 28
3 29
4 5
4 6
4 21
5 15
5 17
6 16
6 18
7 8
7 9
7 12
8 10
8 11
9 10
9 11
10 20
11 19
12 14
12 26
13 17
13 18
13 27
14 15
14 16
15 18
16 17
19 20
19 24
20 25
21 22
21 23
22 24
22 29
23 25
23 28
24 28
25 29
26 32
26 33
27 30
27 31
30 33
31 32
