# First value is number of nodes (N)
32 
# Next N numbers describe the node locations
51 142
71 202
97 190
224 234
291 12
281 69
103 8
31 46
58 26
297 24
243 77
335 46
311 66
226 12
71 24
70 48
164 24
111 91
303 100
318 135
79 120
28 48
8 115
239 182
166 67
243 162
208 161
162 76
27 175
107 228
116 237
106 192
# Remaining lines are the edges.
# The first value is the source node index.
# The second value is the target node index.
0 1
0 2
0 3
1 28
1 31
2 27
2 29
3 26
3 30
4 9
4 11
4 13
5 10
5 12
5 13
6 7
6 8
6 16
7 14
7 20
8 15
8 21
9 10
9 18
10 19
11 12
11 19
12 18
13 16
14 17
14 21
15 17
15 20
16 24
17 25
18 23
19 23
20 22
21 22
22 28
23 26
24 25
24 27
25 26
27 31
28 29
29 30
30 31
