# First value is number of nodes (N)
30 
# Next N numbers describe the node locations
54 339
59 339
107 328
14 379
199 8
232 20
161 80
216 65
25 9
252 64
172 39
185 34
108 164
201 109
124 163
199 143
141 189
155 325
157 211
138 187
47 221
149 281
152 365
79 389
64 408
135 321
74 393
11 107
17 318
56 310
# Remaining lines are the edges.
# The first value is the source node index.
# The second value is the target node index.
0 1
0 2
0 3
1 26
1 27
2 25
2 29
3 24
3 28
4 5
4 8
4 10
5 9
5 11
6 7
6 8
6 11
7 9
7 10
8 13
9 13
10 12
11 12
12 14
13 15
14 16
14 18
15 17
15 19
16 19
16 21
17 18
17 21
18 20
19 20
20 27
21 25
22 23
22 24
22 25
23 24
23 26
26 29
27 28
28 29
