# First value is number of nodes (N)
34 
# Next N numbers describe the node locations
188 347
242 327
195 302
141 310
274 42
234 88
214 12
225 35
211 26
209 30
161 13
118 76
101 30
118 89
163 106
46 67
8 114
44 115
28 100
95 171
298 79
281 131
191 198
293 155
19 172
54 167
299 204
55 223
39 257
270 262
251 239
154 281
192 283
188 323
# Remaining lines are the edges.
# The first value is the source node index.
# The second value is the target node index.
0 1
0 2
0 3
1 29
1 32
2 30
2 33
3 28
3 31
4 6
4 7
4 20
5 8
5 9
5 21
6 9
6 10
7 8
7 11
8 10
9 11
10 12
11 13
12 13
12 15
13 14
14 18
14 19
15 16
15 17
16 18
16 24
17 19
17 25
18 25
19 24
20 22
20 23
21 22
21 23
22 26
23 26
24 27
25 27
26 29
27 28
28 33
29 30
30 31
31 32
32 33
