# First value is number of nodes (N)
32 
# Next N numbers describe the node locations
185 155
208 227
182 233
130 162
268 163
241 116
273 63
49 197
102 17
168 11
263 100
221 39
13 24
73 75
15 115
40 143
9 147
106 131
242 22
229 36
214 16
131 84
28 115
149 187
105 228
222 128
140 146
68 136
178 162
246 230
51 240
168 99
# Remaining lines are the edges.
# The first value is the source node index.
# The second value is the target node index.
0 1
0 2
0 3
1 30
1 31
2 28
2 29
3 26
3 27
4 5
4 6
4 25
5 11
5 19
6 10
6 18
7 15
7 16
7 24
8 9
8 12
8 13
9 11
9 17
10 17
10 19
11 18
12 14
12 21
13 15
13 22
14 16
14 23
15 23
16 22
17 21
18 20
19 20
20 31
21 26
22 27
23 27
24 28
24 30
25 26
25 29
28 31
29 30
