# First value is number of nodes (N)
34 
# Next N numbers describe the node locations
28 364
61 427
8 349
73 301
221 422
156 401
252 74
273 61
275 45
304 24
295 82
326 33
235 34
263 65
219 83
298 120
160 122
327 119
20 120
316 312
292 233
236 238
171 215
105 283
319 146
184 323
75 155
262 319
74 256
135 364
201 335
120 436
53 313
15 378
# Remaining lines are the edges.
# The first value is the source node index.
# The second value is the target node index.
0 1
0 2
0 3
1 31
1 33
2 32
2 33
3 32
3 33
4 27
4 29
4 31
5 28
5 30
5 31
6 7
6 10
6 12
7 11
7 13
8 9
8 10
8 13
9 11
9 12
10 15
11 15
12 14
13 14
14 16
15 17
16 18
16 20
17 19
17 21
18 21
18 22
19 20
19 22
20 24
21 24
22 23
23 26
23 32
24 25
25 29
25 30
26 27
26 28
27 30
28 29
