# First value is number of nodes (N)
38 
# Next N numbers describe the node locations
139 308
166 248
96 286
171 306
295 205
285 153
255 178
8 109
96 245
154 128
49 41
123 148
76 152
40 62
45 71
39 167
97 35
82 54
97 64
53 65
115 118
141 71
198 59
243 106
187 89
236 139
270 161
150 184
19 181
243 130
250 206
248 247
279 238
182 216
59 241
117 254
144 269
132 289
# Remaining lines are the edges.
# The first value is the source node index.
# The second value is the target node index.
0 1
0 2
0 3
1 33
1 36
2 34
2 35
3 32
3 37
4 5
4 6
4 31
5 26
5 30
6 25
6 29
7 10
7 13
7 28
8 12
8 15
8 28
9 12
9 14
9 27
10 16
10 19
11 15
11 20
11 27
12 20
13 14
13 17
14 19
15 18
16 17
16 18
17 22
18 21
19 22
20 21
21 24
22 23
23 24
23 26
24 25
25 30
26 29
27 33
28 34
29 35
30 32
31 32
31 33
34 37
35 36
36 37
