# First value is number of nodes (N)
32 
# Next N numbers describe the node locations
118 172
37 228
88 82
47 156
206 76
104 65
244 39
68 19
211 26
303 77
280 66
243 59
263 11
299 23
266 37
240 198
17 14
37 24
158 60
61 71
81 49
196 115
150 138
228 162
37 82
68 64
32 91
179 230
169 141
147 171
86 212
151 217
# Remaining lines are the edges.
# The first value is the source node index.
# The second value is the target node index.
0 1
0 2
0 3
1 28
1 31
2 27
2 29
3 26
3 30
4 5
4 6
4 21
5 19
5 20
6 13
6 14
7 16
7 17
7 18
8 11
8 12
8 18
9 11
9 13
9 15
10 12
10 14
10 15
11 14
12 13
15 23
16 19
16 24
17 20
17 25
18 22
19 25
20 24
21 22
21 23
22 28
23 27
24 26
25 26
27 31
28 29
29 30
30 31
