# First value is number of nodes (N)
34 
# Next N numbers describe the node locations
157 173
146 230
228 205
111 136
65 190
27 140
144 128
211 85
162 12
74 17
304 164
289 104
236 8
260 59
210 14
240 69
225 109
109 172
8 91
52 46
193 272
239 167
275 275
284 210
285 275
24 55
98 82
95 247
109 212
153 275
251 223
244 236
71 107
108 25
# Remaining lines are the edges.
# The first value is the source node index.
# The second value is the target node index.
0 1
0 2
0 3
1 28
1 29
2 30
2 31
3 32
3 33
4 5
4 17
4 27
5 18
5 19
6 7
6 8
6 17
7 13
7 15
8 14
8 16
9 12
9 25
9 26
10 11
10 23
10 24
11 15
11 16
12 13
12 14
13 16
14 15
17 28
18 25
18 32
19 26
19 33
20 21
20 22
20 29
21 23
21 30
22 24
22 31
23 31
24 30
25 33
26 32
27 28
27 29
