# First value is number of nodes (N)
34 
# Next N numbers describe the node locations
137 222
68 256
85 307
64 316
206 14
90 35
87 20
217 150
207 41
175 34
193 87
232 156
69 30
21 15
250 152
60 87
26 47
212 95
160 152
8 71
206 194
68 108
77 161
98 201
101 131
78 197
9 201
206 219
67 173
205 290
32 266
19 318
33 293
87 319
# Remaining lines are the edges.
# The first value is the source node index.
# The second value is the target node index.
0 1
0 2
0 3
1 28
1 31
2 30
2 33
3 29
3 32
4 8
4 10
4 14
5 9
5 12
5 15
6 9
6 13
6 16
7 8
7 11
7 17
8 9
10 17
10 18
11 14
11 18
12 16
12 19
13 15
13 19
14 20
15 21
16 21
17 20
18 25
19 24
20 27
21 26
22 23
22 24
22 25
23 26
23 27
24 28
25 28
26 30
27 29
29 33
30 32
31 32
31 33
