# First value is number of nodes (N)
34 
# Next N numbers describe the node locations
104 183
129 193
56 201
104 213
178 220
219 257
312 225
286 213
147 110
270 266
252 179
282 86
150 20
87 50
106 11
69 55
216 176
223 185
164 8
161 40
271 190
313 190
59 117
180 56
275 143
202 195
102 268
12 143
128 134
180 132
10 212
32 215
56 221
57 259
# Remaining lines are the edges.
# The first value is the source node index.
# The second value is the target node index.
0 1
0 2
0 3
1 28
1 29
2 30
2 32
3 31
3 33
4 5
4 16
4 26
5 9
5 10
6 9
6 17
6 20
7 10
7 17
7 21
8 11
8 12
8 16
9 21
10 20
11 13
11 18
12 14
12 19
13 15
13 19
14 15
14 18
15 22
16 25
17 25
18 23
19 23
20 24
21 24
22 27
22 28
23 29
24 29
25 28
26 32
26 33
27 30
27 31
30 33
31 32
