# First value is number of nodes (N)
34 
# Next N numbers describe the node locations
212 312
249 319
214 263
36 318
200 99
204 66
174 62
56 53
113 21
176 28
103 130
125 180
230 36
196 46
30 141
109 153
58 82
27 117
158 214
8 154
109 139
234 28
206 172
211 249
104 261
149 176
235 150
85 195
87 236
215 200
240 261
179 262
179 297
215 299
# Remaining lines are the edges.
# The first value is the source node index.
# The second value is the target node index.
0 1
0 2
0 3
1 30
1 33
2 29
2 31
3 28
3 32
4 5
4 6
4 22
5 9
5 12
6 10
6 13
7 8
7 16
7 17
8 9
8 10
9 13
10 12
11 14
11 15
11 18
12 21
13 21
14 16
14 19
15 17
15 20
16 20
17 19
18 23
18 26
19 27
20 27
21 26
22 24
22 25
23 24
23 25
24 30
25 28
26 29
27 28
29 33
30 31
31 32
32 33
