# First value is number of nodes (N)
34 
# Next N numbers describe the node locations
113 269
122 205
198 242
193 289
298 61
203 110
140 10
99 28
141 45
45 24
211 8
225 20
234 40
268 85
274 84
276 114
75 46
64 53
202 136
33 94
20 81
187 50
237 131
148 71
35 132
130 187
230 212
280 203
148 165
61 109
225 258
235 248
217 228
154 166
# Remaining lines are the edges.
# The first value is the source node index.
# The second value is the target node index.
0 1
0 2
0 3
1 28
1 29
2 30
2 32
3 31
3 33
4 11
4 13
4 15
5 12
5 14
5 15
6 7
6 10
6 18
7 8
7 9
8 16
8 19
9 17
9 20
10 13
10 14
11 14
11 21
12 13
12 21
15 22
16 20
16 25
17 19
17 25
18 23
18 26
19 24
20 24
21 23
22 27
22 28
23 29
24 29
25 28
26 32
26 33
27 30
27 31
30 33
31 32
