# First value is number of nodes (N)
32 
# Next N numbers describe the node locations
96 236
24 218
117 273
136 206
89 190
123 191
55 218
8 93
102 58
142 130
240 122
233 268
74 19
43 62
21 39
43 61
244 63
140 78
201 95
179 100
70 8
59 95
186 140
186 9
97 85
68 118
158 105
174 145
43 144
138 164
177 264
78 241
# Remaining lines are the edges.
# The first value is the source node index.
# The second value is the target node index.
0 1
0 2
0 3
1 28
1 31
2 30
2 31
3 27
3 29
4 5
4 6
4 31
5 29
5 30
6 25
6 26
7 14
7 15
7 28
8 20
8 23
8 24
9 19
9 22
9 24
10 16
10 22
10 27
11 19
11 27
11 30
12 15
12 20
12 21
13 14
13 17
13 21
14 20
15 17
16 18
16 23
17 18
18 19
21 29
22 26
23 26
24 25
25 28
