# First value is number of nodes (N)
34 
# Next N numbers describe the node locations
170 327
101 329
226 367
162 254
246 160
245 107
267 106
154 150
73 260
11 180
36 236
8 241
12 333
57 184
60 73
79 88
79 22
148 9
189 116
207 56
191 61
203 64
227 65
197 93
223 22
31 287
112 224
223 225
168 242
221 290
85 335
138 368
168 349
188 321
# Remaining lines are the edges.
# The first value is the source node index.
# The second value is the target node index.
0 1
0 2
0 3
1 30
1 33
2 29
2 31
3 28
3 32
4 5
4 6
4 27
5 21
5 23
6 22
6 24
7 8
7 9
7 14
8 10
8 12
9 11
9 13
10 13
10 25
11 12
11 25
12 26
13 26
14 15
14 16
15 17
15 18
16 17
16 18
17 19
18 20
19 21
19 22
20 23
20 24
21 24
22 23
25 30
26 28
27 28
27 29
29 33
30 31
31 32
32 33
