# First value is number of nodes (N)
34 
# Next N numbers describe the node locations
352 105
328 124
338 57
424 68
438 8
207 44
197 70
36 79
8 103
9 75
28 112
58 108
46 147
65 72
10 13
95 39
102 134
159 49
172 117
463 131
216 81
183 86
460 38
493 34
477 95
500 106
253 37
376 12
314 19
258 125
457 87
474 64
342 37
390 131
# Remaining lines are the edges.
# The first value is the source node index.
# The second value is the target node index.
0 1
0 2
0 3
1 29
1 33
2 28
2 32
3 30
3 31
4 22
4 23
4 27
5 17
5 21
5 26
6 18
6 20
6 26
7 8
7 11
7 13
8 12
8 14
9 10
9 11
9 14
10 12
10 13
11 16
12 16
13 15
14 15
15 17
16 18
17 20
18 21
19 24
19 25
19 33
20 29
21 29
22 24
22 30
23 25
23 31
24 31
25 30
26 28
27 28
27 32
32 33
