# First value is number of nodes (N)
34 
# Next N numbers describe the node locations
224 272
176 283
234 232
276 279
163 83
116 62
207 23
26 174
54 112
20 152
199 63
274 83
43 72
15 119
69 145
124 84
8 97
255 35
283 135
216 49
267 38
128 86
217 20
226 78
54 53
128 194
223 136
123 159
264 236
208 207
138 233
265 269
241 270
193 258
# Remaining lines are the edges.
# The first value is the source node index.
# The second value is the target node index.
0 1
0 2
0 3
1 30
1 33
2 29
2 31
3 28
3 32
4 5
4 6
4 27
5 21
5 24
6 22
6 23
7 8
7 9
7 25
8 12
8 15
9 13
9 16
10 19
10 20
10 25
11 17
11 18
11 26
12 14
12 16
13 14
13 15
14 21
15 24
16 24
17 19
17 22
18 20
18 23
19 23
20 22
21 26
25 30
26 28
27 28
27 29
29 33
30 31
31 32
32 33
