# First value is number of nodes (N)
30 
# Next N numbers describe the node locations
118 259
96 224
92 258
155 230
42 125
88 106
8 88
190 216
183 156
286 207
228 220
288 239
286 220
167 189
255 38
187 76
198 72
105 8
126 81
91 46
58 9
47 83
111 120
8 32
143 50
176 206
100 142
279 250
72 144
62 180
# Remaining lines are the edges.
# The first value is the source node index.
# The second value is the target node index.
0 1
0 2
0 3
1 28
1 29
2 25
2 29
3 26
3 27
4 5
4 6
4 29
5 22
5 24
6 21
6 23
7 11
7 25
7 27
8 14
8 25
8 26
9 10
9 11
9 13
10 12
10 14
11 12
12 27
13 15
13 26
14 16
15 16
15 18
16 24
17 19
17 20
17 24
18 19
18 22
19 23
20 21
20 23
21 28
22 28
