# First value is number of nodes (N)
38 
# Next N numbers describe the node locations
292 219
279 179
322 164
230 242
220 75
299 91
102 151
37 167
94 110
74 59
124 20
125 61
148 78
164 21
104 225
46 60
240 59
105 146
42 212
18 172
99 40
28 139
60 230
197 196
325 86
310 115
139 170
286 141
320 70
269 46
205 132
248 124
245 201
179 188
331 99
271 110
234 207
247 208
# Remaining lines are the edges.
# The first value is the source node index.
# The second value is the target node index.
0 1
0 2
0 3
1 32
1 37
2 34
2 35
3 33
3 36
4 5
4 23
4 31
5 24
5 25
6 7
6 8
6 23
7 19
7 22
8 20
8 21
9 10
9 11
9 15
10 13
10 17
11 12
11 16
12 17
12 30
13 16
13 29
14 15
14 22
14 26
15 19
16 20
17 20
18 19
18 21
18 26
21 22
23 37
24 28
24 35
25 27
25 34
26 33
27 30
27 35
28 29
28 34
29 32
30 33
31 32
31 36
36 37
