# First value is number of nodes (N)
32 
# Next N numbers describe the node locations
65 262
98 247
55 186
112 297
268 121
233 191
218 156
205 132
207 89
275 170
46 13
50 36
263 189
253 214
15 24
39 35
102 84
157 26
91 75
107 55
59 113
27 91
215 276
201 244
193 127
115 115
23 147
73 153
139 241
182 273
185 152
109 265
# Remaining lines are the edges.
# The first value is the source node index.
# The second value is the target node index.
0 1
0 2
0 3
1 27
1 31
2 26
2 30
3 28
3 29
4 7
4 8
4 9
5 6
5 7
5 13
6 8
6 12
7 16
8 17
9 12
9 13
10 14
10 15
10 19
11 14
11 15
11 18
12 23
13 22
14 21
15 20
16 18
16 24
17 19
17 25
18 21
19 20
20 27
21 26
22 23
22 29
23 28
24 25
24 27
25 26
28 31
29 30
30 31
