# First value is number of nodes (N)
34 
# Next N numbers describe the node locations
95 174
89 185
77 153
139 251
297 115
199 43
183 43
222 15
198 21
308 114
189 147
264 185
268 184
311 176
288 129
184 86
162 44
162 8
18 266
111 219
204 129
114 49
46 260
47 313
258 190
290 291
28 242
8 208
82 285
220 251
90 194
74 206
15 181
73 103
# Remaining lines are the edges.
# The first value is the source node index.
# The second value is the target node index.
0 1
0 2
0 3
1 30
1 32
2 31
2 33
3 28
3 29
4 9
4 13
4 14
5 7
5 15
5 16
6 8
6 15
6 17
7 9
7 17
8 9
8 16
10 11
10 12
10 20
11 13
11 24
12 14
12 25
13 25
14 24
15 20
16 21
17 21
18 22
18 23
18 27
19 22
19 23
19 26
20 30
21 33
22 28
23 28
24 29
25 29
26 27
26 31
27 32
30 31
32 33
