# First value is number of nodes (N)
34 
# Next N numbers describe the node locations
96 300
226 196
134 305
103 284
214 82
104 17
150 99
120 178
67 33
73 71
39 38
66 54
255 106
278 22
53 141
10 88
52 59
120 84
198 111
280 114
296 105
317 119
41 138
294 178
255 149
76 99
78 156
14 273
100 151
226 190
85 302
151 246
100 263
102 274
# Remaining lines are the edges.
# The first value is the source node index.
# The second value is the target node index.
0 1
0 2
0 3
1 28
1 29
2 30
2 32
3 31
3 33
4 6
4 12
4 13
5 6
5 8
5 9
6 7
7 14
7 26
8 10
8 16
9 11
9 17
10 15
10 17
11 15
11 16
12 18
12 20
13 19
13 21
14 22
14 27
15 22
16 25
17 25
18 19
18 23
19 24
20 21
20 24
21 23
22 28
23 29
24 29
25 28
26 32
26 33
27 30
27 31
30 33
31 32
