# First value is number of nodes (N)
30 
# Next N numbers describe the node locations
186 245
214 203
100 236
143 235
130 72
201 32
98 80
66 62
44 10
21 74
34 67
161 28
18 95
107 87
57 93
148 72
162 118
248 46
213 118
74 123
79 120
146 150
245 111
191 84
189 183
140 174
100 208
175 118
240 178
153 176
# Remaining lines are the edges.
# The first value is the source node index.
# The second value is the target node index.
0 1
0 2
0 3
1 24
1 28
2 25
2 27
3 26
3 29
4 5
4 15
4 16
5 11
5 17
6 7
6 8
6 11
7 10
7 14
8 9
8 13
9 12
9 14
10 12
10 13
11 23
12 19
13 21
14 20
15 19
15 20
16 18
16 21
17 18
17 22
18 27
19 25
20 29
21 26
22 23
22 28
23 24
24 25
26 27
28 29
