# First value is number of nodes (N)
38 
# Next N numbers describe the node locations
70 247
165 280
77 215
77 325
232 155
248 61
182 109
159 20
61 87
164 76
177 80
237 94
189 76
224 32
172 166
251 144
168 118
23 165
24 226
225 106
20 71
194 180
125 122
63 259
134 157
81 217
78 194
149 234
18 242
72 217
169 270
61 303
159 298
128 298
194 203
83 149
45 295
73 229
# Remaining lines are the edges.
# The first value is the source node index.
# The second value is the target node index.
0 1
0 2
0 3
1 33
1 34
2 35
2 37
3 32
3 36
4 14
4 15
4 21
5 12
5 13
5 15
6 12
6 19
6 21
7 13
7 16
7 20
8 10
8 17
8 20
9 10
9 12
9 14
10 11
11 13
11 19
14 16
15 24
16 25
17 18
17 26
18 28
18 30
19 22
20 22
21 27
22 35
23 28
23 31
23 37
24 25
24 34
25 35
26 29
26 37
27 29
27 33
28 36
29 36
30 32
30 34
31 32
31 33
