# First value is number of nodes (N)
34 
# Next N numbers describe the node locations
8 241
52 254
16 199
45 219
344 150
218 172
266 57
288 68
321 95
331 86
271 183
309 216
299 206
313 190
342 213
280 68
235 44
245 8
226 151
185 33
294 256
285 220
230 255
133 70
181 141
220 100
138 126
123 158
112 173
163 248
81 110
67 202
59 26
82 230
# Remaining lines are the edges.
# The first value is the source node index.
# The second value is the target node index.
0 1
0 2
0 3
1 31
1 33
2 31
2 32
3 32
3 33
4 9
4 13
4 14
5 7
5 15
5 16
6 8
6 15
6 17
7 9
7 17
8 9
8 16
10 11
10 12
10 18
11 13
11 20
12 14
12 21
13 21
14 20
15 18
16 19
17 19
18 24
19 23
20 22
21 22
22 29
23 26
23 30
24 25
24 28
25 27
25 30
26 27
26 28
27 29
28 31
29 33
30 32
