# First value is number of nodes (N)
34 
# Next N numbers describe the node locations
258 242
217 135
245 304
249 259
164 204
105 132
98 126
25 22
9 172
187 12
229 27
27 105
8 115
212 52
94 119
52 98
44 146
77 171
210 44
247 41
152 77
164 52
138 64
246 170
198 224
23 270
199 223
119 300
221 112
223 181
203 312
214 295
201 264
200 261
# Remaining lines are the edges.
# The first value is the source node index.
# The second value is the target node index.
0 1
0 2
0 3
1 28
1 29
2 30
2 32
3 31
3 33
4 5
4 6
4 26
5 13
5 14
6 15
6 16
7 11
7 15
7 17
8 12
8 16
8 17
9 13
9 18
9 20
10 14
10 19
10 20
11 16
11 21
12 15
12 21
13 19
14 18
17 25
18 23
19 23
20 22
21 22
22 29
23 28
24 25
24 27
24 29
25 28
26 32
26 33
27 30
27 31
30 33
31 32
