# First value is number of nodes (N)
34 
# Next N numbers describe the node locations
117 292
164 313
59 316
101 261
154 49
88 141
243 98
44 60
95 47
78 16
123 21
142 23
28 176
269 122
116 63
87 65
67 123
283 159
264 177
213 187
221 153
230 201
95 143
23 91
251 218
170 294
71 233
65 279
143 179
223 249
71 269
103 291
60 279
107 239
# Remaining lines are the edges.
# The first value is the source node index.
# The second value is the target node index.
0 1
0 2
0 3
1 28
1 29
2 30
2 32
3 31
3 33
4 5
4 6
4 13
5 12
5 27
6 10
6 11
7 8
7 9
7 16
8 10
8 14
9 11
9 15
10 15
11 14
12 16
12 26
13 17
13 18
14 23
15 23
16 22
17 20
17 24
18 21
18 25
19 20
19 21
19 22
20 25
21 24
22 28
23 28
24 29
25 29
26 32
26 33
27 30
27 31
30 33
31 32
