# First value is number of nodes (N)
32 
# Next N numbers describe the node locations
233 239
165 263
204 187
297 243
223 47
163 21
102 8
124 31
101 61
221 114
43 22
76 31
85 56
58 77
13 121
64 152
116 148
23 132
10 198
46 191
277 67
286 111
151 191
300 120
125 153
55 200
54 201
259 172
308 183
239 222
286 208
270 211
# Remaining lines are the edges.
# The first value is the source node index.
# The second value is the target node index.
0 1
0 2
0 3
1 26
1 29
2 27
2 31
3 28
3 30
4 5
4 20
4 21
5 6
5 7
6 8
6 10
7 9
7 11
8 9
8 12
9 13
10 11
10 13
11 12
12 15
13 14
14 18
14 19
15 16
15 17
16 18
16 24
17 19
17 25
18 25
19 24
20 22
20 23
21 22
21 23
22 27
23 28
24 26
25 26
27 30
28 31
29 30
29 31
