# First value is number of nodes (N)
34 
# Next N numbers describe the node locations
171 292
126 259
117 304
224 342
99 131
148 81
85 45
73 159
134 170
8 284
29 107
79 92
15 64
70 31
101 53
205 93
123 26
87 55
77 56
57 195
14 334
30 329
178 158
242 123
97 292
154 103
224 136
92 170
86 257
216 205
174 155
69 346
125 172
124 199
# Remaining lines are the edges.
# The first value is the source node index.
# The second value is the target node index.
0 1
0 2
0 3
1 28
1 33
2 31
2 32
3 29
3 30
4 5
4 6
4 27
5 15
5 16
6 17
6 18
7 8
7 10
7 19
8 22
8 23
9 19
9 20
9 21
10 11
10 12
11 13
11 17
12 14
12 18
13 16
13 18
14 16
14 17
15 25
15 26
19 33
20 24
20 31
21 24
21 31
22 25
22 29
23 26
23 30
24 28
25 30
26 29
27 28
27 32
32 33
