# First value is number of nodes (N)
34 
# Next N numbers describe the node locations
241 151
143 273
196 286
232 270
252 62
42 48
156 145
35 62
52 41
72 21
101 86
300 103
349 43
201 53
33 61
40 103
265 96
169 16
363 129
311 133
294 146
265 142
333 203
320 154
42 119
161 152
72 133
264 217
280 270
190 228
157 268
185 254
163 303
235 309
# Remaining lines are the edges.
# The first value is the source node index.
# The second value is the target node index.
0 1
0 2
0 3
1 29
1 32
2 30
2 33
3 28
3 31
4 11
4 12
4 13
5 6
5 9
5 14
6 10
6 15
7 8
7 9
7 15
8 10
8 14
9 17
10 16
11 18
11 20
12 19
12 21
13 16
13 17
14 24
15 24
16 25
17 25
18 19
18 22
19 23
20 21
20 23
21 22
22 27
23 27
24 26
25 26
26 29
27 28
28 33
29 30
30 31
31 32
32 33
