# First value is number of nodes (N)
32 
# Next N numbers describe the node locations
80 267
131 284
27 238
79 212
152 202
147 173
187 164
22 127
137 43
8 70
229 73
226 28
200 48
264 98
208 130
91 152
105 8
31 47
34 97
45 15
76 42
113 110
220 83
266 63
251 164
222 210
230 111
71 148
243 269
126 226
55 185
139 235
# Remaining lines are the edges.
# The first value is the source node index.
# The second value is the target node index.
0 1
0 2
0 3
1 28
1 31
2 30
2 31
3 27
3 29
4 5
4 6
4 31
5 29
5 30
6 25
6 26
7 8
7 9
7 30
8 20
8 21
9 18
9 19
10 11
10 13
10 15
11 12
11 23
12 16
12 22
13 23
13 24
14 15
14 22
14 24
15 21
16 19
16 20
17 18
17 19
17 20
18 27
21 27
22 26
23 26
24 25
25 28
28 29
