# First value is number of nodes (N)
32 
# Next N numbers describe the node locations
207 189
182 222
170 246
207 91
68 15
65 21
16 18
37 149
181 143
71 151
124 155
8 152
29 183
126 144
140 148
82 75
140 114
97 14
54 153
151 156
116 202
24 187
179 8
120 58
166 81
168 27
194 63
222 55
97 214
143 234
102 249
115 216
# Remaining lines are the edges.
# The first value is the source node index.
# The second value is the target node index.
0 1
0 2
0 3
1 28
1 31
2 29
2 30
3 26
3 27
4 5
4 6
4 17
5 13
5 14
6 11
6 12
7 11
7 15
7 18
8 14
8 16
8 19
9 12
9 16
9 21
10 13
10 15
10 20
11 21
12 18
13 19
14 20
15 25
16 24
17 22
17 23
18 28
19 29
20 31
21 30
22 25
22 27
23 24
23 26
24 27
25 26
28 29
30 31
