# First value is number of nodes (N)
30 
# Next N numbers describe the node locations
109 109
98 98
190 174
138 12
248 79
47 35
139 90
28 136
61 54
97 10
114 179
172 110
248 125
70 84
104 81
168 83
216 112
277 138
156 125
208 39
170 10
194 73
156 120
29 117
54 127
114 67
212 148
200 47
226 65
209 167
# Remaining lines are the edges.
# The first value is the source node index.
# The second value is the target node index.
0 1
0 2
0 3
1 24
1 25
2 26
2 29
3 27
3 28
4 16
4 17
4 19
5 9
5 14
5 23
6 11
6 15
6 22
7 8
7 10
7 23
8 9
8 13
9 20
10 11
10 18
11 21
12 17
12 21
12 26
13 14
13 24
14 25
15 16
15 25
16 26
17 29
18 22
18 29
19 20
19 27
20 28
21 28
22 27
23 24
