# First value is number of nodes (N)
34 
# Next N numbers describe the node locations
366 372
340 390
350 354
320 362
241 250
182 304
318 171
68 62
40 43
21 35
24 8
80 110
8 66
82 13
60 28
308 99
44 149
132 185
79 89
16 255
147 109
97 232
174 160
146 189
253 318
101 411
221 325
300 282
278 326
352 312
209 370
332 413
376 403
371 338
# Remaining lines are the edges.
# The first value is the source node index.
# The second value is the target node index.
0 1
0 2
0 3
1 30
1 33
2 29
2 31
3 28
3 32
4 5
4 6
4 27
5 24
5 25
6 22
6 23
7 8
7 11
7 13
8 12
8 14
9 10
9 11
9 14
10 12
10 13
11 16
12 16
13 15
14 15
15 20
16 21
17 18
17 19
17 24
18 20
18 23
19 21
19 22
20 22
21 23
24 26
25 26
25 30
26 28
27 28
27 29
29 33
30 31
31 32
32 33
