# First value is number of nodes (N)
36 
# Next N numbers describe the node locations
175 293
214 266
240 299
126 272
216 178
126 162
112 168
183 154
209 116
207 40
192 17
153 27
152 58
222 39
228 10
256 76
232 41
72 114
301 45
277 105
154 126
113 170
79 146
166 199
287 117
305 195
24 200
119 177
25 248
212 231
129 288
76 256
238 259
256 265
291 257
172 279
# Remaining lines are the edges.
# The first value is the source node index.
# The second value is the target node index.
0 1
0 2
0 3
1 33
1 35
2 32
2 34
3 30
3 31
4 7
4 8
4 23
5 22
5 27
5 28
6 21
6 26
6 28
7 17
7 20
8 18
8 19
9 11
9 14
9 15
10 11
10 13
10 16
11 12
12 17
12 21
13 15
13 20
14 16
14 20
15 18
16 19
17 22
18 25
19 24
21 27
22 26
23 29
23 30
24 25
24 35
25 34
26 31
27 31
28 30
29 32
29 33
32 35
33 34
