# First value is number of nodes (N)
38 
# Next N numbers describe the node locations
294 295
273 291
152 254
300 191
165 195
184 154
104 161
74 113
53 155
78 42
140 15
225 79
288 26
202 42
205 8
196 31
211 71
28 63
19 125
13 102
39 107
15 154
154 125
26 213
108 142
91 210
283 165
303 92
69 259
288 83
196 208
163 237
309 162
277 135
124 235
149 288
133 277
156 260
# Remaining lines are the edges.
# The first value is the source node index.
# The second value is the target node index.
0 1
0 2
0 3
1 35
1 37
2 34
2 36
3 32
3 33
4 5
4 6
4 31
5 29
5 30
6 23
6 24
7 8
7 9
7 19
8 18
8 25
9 10
9 17
10 13
10 14
11 13
11 15
11 26
12 14
12 16
12 27
13 16
14 15
15 22
16 22
17 18
17 21
18 20
19 20
19 21
20 24
21 23
22 24
23 28
25 28
25 37
26 30
26 33
27 29
27 32
28 36
29 33
30 32
31 34
31 35
34 37
35 36
