# First value is number of nodes (N)
32 
# Next N numbers describe the node locations
103 283
90 308
145 331
203 269
174 166
121 171
67 39
129 24
8 130
71 134
80 122
42 15
11 67
89 64
111 86
207 79
195 164
92 168
172 87
35 160
100 108
28 187
163 268
89 243
166 302
37 325
68 280
125 259
130 335
75 289
216 257
207 314
# Remaining lines are the edges.
# The first value is the source node index.
# The second value is the target node index.
0 1
0 2
0 3
1 26
1 29
2 28
2 31
3 27
3 30
4 16
4 22
4 23
5 17
5 18
5 23
6 9
6 11
6 15
7 11
7 14
7 15
8 12
8 19
8 21
9 10
9 19
10 13
10 14
11 12
12 13
13 18
14 18
15 16
16 20
17 20
17 21
19 29
20 29
21 26
22 24
22 27
23 30
24 28
24 31
25 26
25 27
25 28
30 31
