# First value is number of nodes (N)
32 
# Next N numbers describe the node locations
371 169
337 93
482 201
398 111
417 388
465 356
134 130
31 192
31 262
291 416
27 330
29 291
31 232
166 242
467 419
458 403
490 404
464 410
414 333
217 224
223 256
168 105
449 40
417 72
431 22
461 28
444 81
392 55
273 229
334 72
377 281
377 396
# Remaining lines are the edges.
# The first value is the source node index.
# The second value is the target node index.
0 1
0 2
0 3
1 29
1 31
2 28
2 30
3 26
3 27
4 14
4 15
4 18
5 16
5 17
5 18
6 7
6 8
6 13
7 9
7 10
8 11
8 12
9 11
9 12
10 11
10 12
13 19
13 20
14 16
14 17
15 16
15 17
18 30
19 21
19 28
20 21
20 28
21 29
22 23
22 24
22 26
23 25
23 27
24 25
24 27
25 26
29 31
30 31
