# First value is number of nodes (N)
30 
# Next N numbers describe the node locations
149 216
99 218
207 153
131 179
221 63
200 16
167 27
74 46
138 108
84 78
76 25
43 79
141 146
120 114
51 34
102 74
80 158
165 43
224 67
215 66
148 112
76 93
40 142
193 190
69 150
123 140
237 98
183 220
79 201
48 238
# Remaining lines are the edges.
# The first value is the source node index.
# The second value is the target node index.
0 1
0 2
0 3
1 24
1 29
2 26
2 27
3 25
3 28
4 6
4 19
4 20
5 6
5 8
5 18
6 10
7 10
7 15
7 21
8 13
8 19
9 11
9 13
9 23
10 14
11 14
11 22
12 16
12 21
12 23
13 16
14 17
15 17
15 22
16 24
17 24
18 20
18 26
19 26
20 25
21 25
22 28
23 27
27 29
28 29
