# First value is number of nodes (N)
32 
# Next N numbers describe the node locations
219 264
162 237
302 250
245 246
148 28
215 27
89 8
30 13
80 36
9 54
41 59
296 24
254 54
117 77
81 108
93 167
242 108
284 74
326 71
206 49
21 118
51 113
320 124
235 152
57 166
245 157
107 202
293 203
299 162
212 232
231 163
260 223
# Remaining lines are the edges.
# The first value is the source node index.
# The second value is the target node index.
0 1
0 2
0 3
1 26
1 29
2 27
2 31
3 28
3 30
4 5
4 6
4 13
5 11
5 12
6 7
6 8
7 9
7 10
8 9
8 10
9 20
10 21
11 16
11 18
12 17
12 19
13 14
13 15
14 20
14 25
15 21
15 24
16 19
16 23
17 18
17 23
18 22
19 22
20 24
21 25
22 27
23 28
24 26
25 26
27 30
28 31
29 30
29 31
