# First value is number of nodes (N)
34 
# Next N numbers describe the node locations
32 173
63 234
23 340
45 341
177 34
209 32
184 105
187 118
131 18
72 117
236 128
216 84
90 66
45 19
244 129
208 127
229 176
135 175
14 51
70 88
15 92
52 110
231 206
71 206
11 110
182 212
85 366
148 377
126 251
33 173
45 384
64 384
50 340
101 334
# Remaining lines are the edges.
# The first value is the source node index.
# The second value is the target node index.
0 1
0 2
0 3
1 28
1 29
2 30
2 33
3 31
3 32
4 5
4 8
4 10
5 9
5 11
6 7
6 8
6 11
7 9
7 10
8 13
9 12
10 15
11 14
12 20
12 21
13 18
13 19
14 16
14 17
15 16
15 17
16 25
17 25
18 20
18 23
19 21
19 24
20 24
21 23
22 26
22 27
22 28
23 29
24 29
25 28
26 30
26 32
27 31
27 33
30 31
32 33
