# First value is number of nodes (N)
34 
# Next N numbers describe the node locations
95 348
100 303
160 337
69 300
39 98
135 255
224 105
255 104
115 8
53 10
47 68
172 21
202 100
235 50
231 165
12 68
44 78
53 42
45 96
241 70
198 111
242 241
179 92
86 79
9 120
25 185
178 66
61 251
141 218
157 304
26 254
180 285
103 252
160 319
# Remaining lines are the edges.
# The first value is the source node index.
# The second value is the target node index.
0 1
0 2
0 3
1 32
1 33
2 31
2 33
3 29
3 30
4 25
4 28
4 32
5 26
5 27
5 32
6 12
6 14
6 19
7 13
7 14
7 20
8 9
8 10
8 11
9 15
9 17
10 16
10 18
11 12
11 13
12 20
13 19
14 21
15 18
15 24
16 17
16 24
17 23
18 23
19 22
20 22
21 28
21 31
22 26
23 26
24 25
25 30
27 28
27 30
29 31
29 33
