# First value is number of nodes (N)
32 
# Next N numbers describe the node locations
165 84
136 96
176 155
280 99
57 165
93 115
12 143
276 189
243 80
249 37
285 82
310 99
307 51
193 10
347 140
331 102
330 125
144 65
175 48
132 8
183 29
47 9
52 80
51 104
102 109
10 90
67 92
235 145
135 77
296 76
98 137
112 198
# Remaining lines are the edges.
# The first value is the source node index.
# The second value is the target node index.
0 1
0 2
0 3
1 30
1 31
2 27
2 31
3 28
3 29
4 5
4 6
4 31
5 24
5 26
6 23
6 25
7 11
7 14
7 27
8 9
8 27
8 28
9 12
9 13
10 11
10 12
10 17
11 16
12 15
13 18
13 19
14 15
14 16
15 29
16 29
17 18
17 28
18 20
19 20
19 21
20 26
21 22
21 24
22 23
22 25
23 30
24 30
25 26
