# First value is number of nodes (N)
34 
# Next N numbers describe the node locations
36 483
71 490
8 445
86 448
175 31
206 50
180 98
136 35
151 54
109 55
230 86
156 242
137 96
120 163
160 200
112 144
210 143
85 120
79 164
180 204
120 325
66 232
93 282
22 314
123 297
200 334
100 326
53 416
37 350
18 400
184 347
37 429
37 440
103 469
# Remaining lines are the edges.
# The first value is the source node index.
# The second value is the target node index.
0 1
0 2
0 3
1 32
1 33
2 29
2 30
3 28
3 31
4 5
4 6
4 7
5 8
5 10
6 8
6 10
7 9
7 12
8 9
9 17
10 16
11 13
11 14
11 17
12 14
12 15
13 15
13 16
14 19
15 18
16 19
17 18
18 21
19 20
20 24
20 25
21 22
21 23
22 25
22 26
23 24
23 27
24 26
25 27
26 28
27 29
28 33
29 32
30 31
30 33
31 32
