# First value is number of nodes (N)
34 
# Next N numbers describe the node locations
281 359
272 334
370 386
334 398
340 255
183 211
142 191
188 142
50 25
10 39
41 38
77 82
77 12
56 75
131 137
13 71
49 124
83 54
117 322
174 206
67 287
168 194
207 45
198 271
249 238
234 318
339 316
158 354
253 373
236 273
332 422
347 402
354 380
348 360
# Remaining lines are the edges.
# The first value is the source node index.
# The second value is the target node index.
0 1
0 2
0 3
1 28
1 29
2 30
2 32
3 31
3 33
4 24
4 25
4 26
5 6
5 7
5 24
6 20
6 21
7 19
7 22
8 9
8 12
8 14
9 13
9 15
10 11
10 12
10 15
11 13
11 14
12 17
13 17
14 16
15 16
16 21
17 22
18 19
18 20
18 23
19 21
20 22
23 25
23 29
24 29
25 28
26 32
26 33
27 28
27 30
27 31
30 33
31 32
