# First value is number of nodes (N)
34 
# Next N numbers describe the node locations
94 166
193 282
102 237
134 192
154 134
191 35
185 128
39 101
32 131
15 107
293 75
264 220
267 237
111 137
75 163
26 116
247 215
184 245
215 226
254 272
31 150
24 168
231 143
143 31
286 48
233 49
218 27
169 8
211 54
256 202
36 215
220 278
142 24
150 197
# Remaining lines are the edges.
# The first value is the source node index.
# The second value is the target node index.
0 1
0 2
0 3
1 31
1 33
2 30
2 33
3 29
3 32
4 5
4 6
4 33
5 25
5 27
6 26
6 28
7 8
7 9
7 32
8 14
8 20
9 15
9 21
10 11
10 12
10 22
11 16
11 18
12 17
12 19
13 14
13 15
13 22
14 21
15 20
16 19
16 29
17 18
17 29
18 31
19 31
20 30
21 30
22 24
23 27
23 28
23 32
24 25
24 26
25 28
26 27
