# First value is number of nodes (N)
34 
# Next N numbers describe the node locations
248 365
138 367
281 357
215 350
212 182
161 178
162 135
114 286
29 192
43 173
60 37
118 35
43 81
15 85
8 143
35 132
128 61
101 42
169 16
137 44
70 168
121 96
75 160
191 67
151 172
248 232
137 235
215 237
180 283
274 349
280 291
271 339
265 342
277 374
# Remaining lines are the edges.
# The first value is the source node index.
# The second value is the target node index.
0 1
0 2
0 3
1 30
1 33
2 29
2 31
3 28
3 32
4 5
4 6
4 25
5 24
5 26
6 22
6 23
7 8
7 9
7 26
8 14
8 20
9 15
9 21
10 11
10 12
10 13
11 16
11 18
12 17
12 19
13 14
13 15
14 21
15 20
16 19
16 24
17 18
17 24
18 23
19 23
20 22
21 22
25 27
25 30
26 28
27 28
27 29
29 33
30 31
31 32
32 33
