# First value is number of nodes (N)
34 
# Next N numbers describe the node locations
230 191
186 184
205 141
235 132
141 42
15 91
14 27
19 89
85 156
118 130
29 110
129 110
16 213
167 133
127 112
58 72
179 55
30 119
147 43
31 118
75 80
209 58
48 54
126 115
127 137
110 208
161 194
23 226
224 240
152 229
225 111
206 112
214 119
183 87
# Remaining lines are the edges.
# The first value is the source node index.
# The second value is the target node index.
0 1
0 2
0 3
1 28
1 29
2 30
2 31
3 32
3 33
4 6
4 14
4 16
5 7
5 15
5 17
6 7
6 18
7 19
8 9
8 12
8 23
9 13
9 22
10 15
10 19
10 25
11 14
11 18
11 24
12 17
12 27
13 16
13 26
14 23
15 22
16 21
17 20
18 21
19 20
20 31
21 30
22 33
23 32
24 27
24 29
25 26
25 29
26 28
27 28
30 33
31 32
