# First value is number of nodes (N)
34 
# Next N numbers describe the node locations
19 195
113 227
202 260
203 259
163 120
234 172
106 53
267 147
136 101
163 50
208 10
91 114
72 67
289 152
164 53
273 30
10 103
114 86
44 84
64 92
275 38
292 61
24 155
131 140
262 64
282 96
284 207
140 155
98 174
214 75
219 210
236 213
257 260
256 157
# Remaining lines are the edges.
# The first value is the source node index.
# The second value is the target node index.
0 1
0 2
0 3
1 28
1 29
2 30
2 32
3 31
3 33
4 5
4 9
4 27
5 7
5 8
6 8
6 9
6 12
7 13
7 26
8 11
9 10
10 14
10 15
11 18
11 19
12 16
12 17
13 20
13 21
14 20
14 24
15 21
15 25
16 18
16 22
17 19
17 23
18 23
19 22
20 25
21 24
22 28
23 28
24 29
25 29
26 32
26 33
27 30
27 31
30 33
31 32
