# First value is number of nodes (N)
30 
# Next N numbers describe the node locations
118 236
32 235
172 190
127 161
224 68
155 40
184 57
195 15
163 21
149 11
55 54
145 70
73 26
88 36
39 35
56 88
15 90
42 133
189 227
159 70
114 87
100 133
54 60
146 103
8 181
160 121
132 159
49 231
55 96
56 169
# Remaining lines are the edges.
# The first value is the source node index.
# The second value is the target node index.
0 1
0 2
0 3
1 24
1 29
2 26
2 28
3 25
3 27
4 7
4 18
4 19
5 6
5 9
5 19
6 8
6 18
7 8
7 9
8 13
9 12
10 12
10 20
10 22
11 13
11 21
11 23
12 14
13 15
14 17
14 23
15 16
15 22
16 20
16 24
17 21
17 24
18 26
19 25
20 25
21 26
22 28
23 27
27 29
28 29
