# First value is number of nodes (N)
38 
# Next N numbers describe the node locations
55 299
18 246
94 337
179 210
208 237
168 265
198 178
8 103
58 38
11 45
83 84
160 93
170 99
211 115
164 20
26 83
76 12
69 44
49 75
92 8
154 92
60 75
120 60
52 140
159 53
144 160
118 198
203 139
13 174
114 187
136 227
209 261
103 126
207 325
11 242
68 240
103 264
14 325
# Remaining lines are the edges.
# The first value is the source node index.
# The second value is the target node index.
0 1
0 2
0 3
1 34
1 35
2 33
2 37
3 32
3 36
4 5
4 6
4 31
5 26
5 29
6 25
6 30
7 8
7 9
7 28
8 17
8 19
9 16
9 18
10 11
10 12
10 20
11 13
11 21
12 15
12 27
13 14
13 27
14 19
14 20
15 18
15 21
16 19
16 22
17 18
17 22
20 24
21 23
22 24
23 26
23 28
24 25
25 29
26 30
27 32
28 34
29 35
30 33
31 32
31 33
34 37
35 36
36 37
