# First value is number of nodes (N)
40 
# Next N numbers describe the node locations
101 227
125 182
209 281
227 221
289 131
9 77
83 62
153 41
112 75
146 19
108 24
56 49
316 217
317 193
229 91
304 160
321 138
198 20
26 124
129 117
103 31
30 31
243 115
42 120
80 116
48 236
152 78
274 161
249 162
286 203
187 136
146 208
321 264
235 208
240 287
219 171
281 218
55 151
204 215
117 104
# Remaining lines are the edges.
# The first value is the source node index.
# The second value is the target node index.
0 1
0 2
0 3
1 37
1 39
2 34
2 38
3 35
3 36
4 14
4 15
4 16
5 11
5 18
5 21
6 10
6 19
6 20
7 8
7 9
7 22
8 11
8 23
9 10
9 17
10 21
11 20
12 15
12 29
12 32
13 16
13 29
13 33
14 17
14 30
15 28
16 27
17 26
18 19
18 25
19 31
20 26
21 24
22 27
22 28
23 24
23 25
24 39
25 37
26 39
27 36
28 35
29 38
30 31
30 37
31 38
32 34
32 36
33 34
33 35
