# First value is number of nodes (N)
34 
# Next N numbers describe the node locations
191 270
118 267
175 137
259 239
280 61
269 52
257 11
145 88
52 131
38 35
81 186
46 66
40 207
8 226
181 40
259 19
255 100
206 50
46 16
145 90
79 277
108 203
258 102
272 150
252 153
277 252
95 251
117 206
191 200
235 210
126 300
178 322
232 318
206 260
# Remaining lines are the edges.
# The first value is the source node index.
# The second value is the target node index.
0 1
0 2
0 3
1 30
1 33
2 29
2 31
3 28
3 32
4 5
4 6
4 23
5 15
5 17
6 16
6 18
7 8
7 9
7 19
8 10
8 12
9 11
9 13
10 13
10 21
11 12
11 21
12 20
13 20
14 17
14 18
14 19
15 18
15 22
16 17
16 22
19 25
20 26
21 27
22 24
23 24
23 25
24 28
25 29
26 27
26 30
27 28
29 33
30 31
31 32
32 33
