# First value is number of nodes (N)
30 
# Next N numbers describe the node locations
171 234
232 191
138 177
68 222
264 126
95 118
192 67
101 8
223 88
29 86
91 96
237 173
203 21
213 85
31 53
46 26
199 94
8 68
37 76
173 66
169 112
31 88
177 211
255 189
190 151
195 257
169 220
147 189
51 169
63 206
# Remaining lines are the edges.
# The first value is the source node index.
# The second value is the target node index.
0 1
0 2
0 3
1 24
1 26
2 25
2 27
3 28
3 29
4 8
4 11
4 23
5 9
5 10
5 22
6 7
6 12
6 13
7 14
7 15
8 12
8 16
9 14
9 17
10 15
10 18
11 13
11 19
12 19
13 16
14 18
15 17
16 20
17 21
18 21
19 20
20 29
21 28
22 26
22 27
23 24
23 25
24 27
25 26
28 29
