# First value is number of nodes (N)
70 
# Next N numbers describe the node locations
235 249
236 288
140 302
212 176
216 51
113 120
119 61
176 138
170 136
113 115
202 164
167 163
293 45
176 86
130 34
49 111
133 225
98 127
239 124
53 65
268 99
141 250
20 209
170 223
144 65
8 167
122 231
294 184
225 8
115 9
150 126
145 8
256 125
243 143
121 219
143 85
26 123
35 179
15 111
213 133
239 212
226 161
171 212
161 142
156 111
130 126
55 72
113 287
45 206
206 202
255 76
36 293
53 192
295 106
267 204
266 113
121 146
84 217
185 277
122 152
128 168
68 170
182 77
222 32
286 296
79 233
204 267
189 213
222 44
42 181
# Remaining lines are the edges.
# The first value is the source node index.
# The second value is the target node index.
0 1
0 2
0 3
1 64
1 67
2 65
2 66
3 68
3 69
4 10
4 12
4 16
5 11
5 14
5 15
6 9
6 13
6 17
7 8
7 18
7 19
8 41
8 43
9 45
9 46
10 42
10 47
11 40
11 44
12 28
12 32
13 31
13 33
14 31
14 35
15 29
15 37
16 30
16 34
17 30
17 36
18 28
18 39
19 29
19 38
20 32
20 45
20 50
21 34
21 41
21 48
22 37
22 46
22 48
23 33
23 42
23 49
24 35
24 43
24 50
25 38
25 47
25 51
26 36
26 40
26 51
27 39
27 44
27 49
28 62
29 63
30 63
31 62
32 54
33 55
34 58
35 59
36 56
37 57
38 61
39 60
40 54
41 55
42 57
43 56
44 58
45 61
46 60
47 59
48 52
49 53
50 53
51 52
52 69
53 68
54 64
55 64
56 65
57 65
58 66
59 67
60 67
61 66
62 69
63 68
