# First value is number of nodes (N)
32 
# Next N numbers describe the node locations
108 270
52 268
74 240
159 238
8 179
59 189
16 119
128 133
139 87
213 139
156 16
197 93
244 84
137 79
158 208
252 130
286 117
207 31
150 8
89 80
260 169
221 118
93 90
82 84
88 16
73 111
74 84
216 202
53 211
82 202
108 164
21 238
# Remaining lines are the edges.
# The first value is the source node index.
# The second value is the target node index.
0 1
0 2
0 3
1 28
1 31
2 30
2 31
3 27
3 29
4 5
4 6
4 31
5 29
5 30
6 25
6 26
7 8
7 22
7 30
8 9
8 10
9 20
9 21
10 18
10 19
11 13
11 15
11 17
12 14
12 16
12 17
13 22
13 23
14 21
14 27
15 16
15 21
16 20
17 18
18 24
19 23
19 24
20 27
22 26
23 25
24 26
25 28
28 29
