# First value is number of nodes (N)
38 
# Next N numbers describe the node locations
246 278
186 297
276 223
266 224
263 172
214 123
252 170
20 213
18 119
85 78
199 116
206 65
177 59
154 13
224 31
133 70
65 90
34 82
107 73
56 23
180 102
128 28
44 82
144 161
139 127
161 141
199 174
255 80
109 210
196 173
200 195
311 179
294 39
293 210
180 206
183 230
218 273
219 214
# Remaining lines are the edges.
# The first value is the source node index.
# The second value is the target node index.
0 1
0 2
0 3
1 34
1 35
2 33
2 37
3 32
3 36
4 5
4 6
4 31
5 26
5 29
6 25
6 30
7 8
7 9
7 28
8 17
8 19
9 16
9 18
10 14
10 15
10 20
11 12
11 15
11 27
12 13
12 20
13 14
13 21
14 27
15 18
16 19
16 22
17 18
17 22
19 21
20 23
21 24
22 24
23 26
23 28
24 25
25 29
26 30
27 32
28 34
29 35
30 33
31 32
31 33
34 37
35 36
36 37
