# First value is number of nodes (N)
32 
# Next N numbers describe the node locations
75 314
78 309
132 327
28 276
208 46
268 58
295 28
287 150
303 154
290 54
266 44
284 133
236 154
217 103
164 83
231 146
152 14
195 183
65 153
68 202
64 186
95 232
12 136
36 183
184 219
202 260
33 221
8 222
164 295
185 310
108 223
122 272
# Remaining lines are the edges.
# The first value is the source node index.
# The second value is the target node index.
0 1
0 2
0 3
1 28
1 30
2 29
2 31
3 26
3 27
4 5
4 6
4 13
5 7
5 9
6 8
6 10
7 10
7 12
8 9
8 12
9 11
10 11
11 15
12 14
13 14
13 15
14 16
15 17
16 18
16 24
17 19
17 25
18 22
18 23
19 20
19 21
20 22
20 26
21 23
21 27
22 27
23 26
24 30
24 31
25 28
25 29
28 31
29 30
