# First value is number of nodes (N)
40 
# Next N numbers describe the node locations
84 348
119 350
148 355
31 276
170 133
173 111
91 133
60 65
12 30
70 36
79 76
101 96
103 25
123 104
128 69
131 43
77 157
175 207
166 237
120 221
14 113
109 76
8 131
159 96
81 193
147 216
153 263
33 190
54 146
97 313
95 218
181 283
182 296
80 290
133 289
172 353
13 338
126 279
49 218
148 325
# Remaining lines are the edges.
# The first value is the source node index.
# The second value is the target node index.
0 1
0 2
0 3
1 34
1 37
2 35
2 39
3 36
3 38
4 5
4 6
4 17
5 13
5 15
6 14
6 16
7 9
7 10
7 22
8 11
8 12
8 20
9 12
9 14
10 11
10 13
11 16
12 15
13 23
14 23
15 21
16 21
17 26
17 32
18 19
18 26
18 31
19 24
19 30
20 22
20 28
21 28
22 27
23 25
24 25
24 27
25 37
26 39
27 36
28 38
29 30
29 33
29 39
30 38
31 35
31 37
32 34
32 35
33 34
33 36
