# First value is number of nodes (N)
32 
# Next N numbers describe the node locations
182 232
113 156
156 250
149 265
137 148
47 147
225 13
98 101
84 114
113 115
96 234
71 26
153 16
30 33
99 94
225 78
70 104
184 8
35 127
79 263
8 151
207 141
110 74
12 107
184 51
180 203
114 81
51 152
194 221
165 217
101 240
226 197
# Remaining lines are the edges.
# The first value is the source node index.
# The second value is the target node index.
0 1
0 2
0 3
1 26
1 27
2 29
2 31
3 28
3 30
4 5
4 6
4 25
5 16
5 18
6 15
6 17
7 8
7 10
7 11
8 9
8 19
9 14
9 22
10 14
10 21
11 12
11 13
12 17
12 24
13 18
13 23
14 16
15 21
15 24
16 23
17 22
18 20
19 20
19 30
20 27
21 31
22 26
23 27
24 26
25 28
25 29
28 31
29 30
