# First value is number of nodes (N)
32 
# Next N numbers describe the node locations
134 269
152 239
75 270
188 301
235 164
178 25
189 29
163 39
141 9
119 10
93 61
147 46
90 68
235 186
194 145
63 149
74 74
129 90
272 235
233 262
50 169
24 168
24 116
165 187
258 236
219 267
186 234
251 286
216 291
208 121
43 230
11 256
# Remaining lines are the edges.
# The first value is the source node index.
# The second value is the target node index.
0 1
0 2
0 3
1 26
1 29
2 30
2 31
3 27
3 28
4 5
4 13
4 14
5 6
5 7
6 8
6 11
7 9
7 12
8 10
8 12
9 10
9 11
10 16
11 17
12 17
13 18
13 19
14 22
14 23
15 16
15 20
15 21
16 29
17 29
18 24
18 27
19 25
19 28
20 22
20 30
21 23
21 31
22 31
23 30
24 26
24 28
25 26
25 27
