# First value is number of nodes (N)
30 
# Next N numbers describe the node locations
125 119
147 92
128 174
48 93
144 64
98 164
76 72
69 81
151 73
40 100
19 37
127 52
86 113
119 104
126 13
35 74
117 102
24 101
47 102
65 8
171 137
41 184
85 105
96 31
172 139
85 51
163 148
59 153
44 34
41 143
# Remaining lines are the edges.
# The first value is the source node index.
# The second value is the target node index.
0 1
0 2
0 3
1 24
1 25
2 26
2 29
3 27
3 28
4 12
4 20
4 23
5 12
5 21
5 22
6 13
6 17
6 19
7 13
7 16
7 18
8 14
8 16
8 20
9 15
9 17
9 21
10 15
10 18
10 23
11 14
11 19
11 22
12 24
13 24
14 25
15 25
16 27
17 26
18 29
19 28
20 26
21 27
22 29
23 28
