# First value is number of nodes (N)
38 
# Next N numbers describe the node locations
160 135
146 170
171 108
246 256
171 86
49 89
125 221
46 167
56 196
27 259
61 268
63 257
84 224
56 290
53 48
175 57
128 298
100 282
176 24
88 33
84 30
111 10
257 218
245 193
226 224
186 231
96 52
166 54
262 260
268 232
104 133
59 95
122 215
103 95
251 235
225 281
120 91
108 160
# Remaining lines are the edges.
# The first value is the source node index.
# The second value is the target node index.
0 1
0 2
0 3
1 32
1 37
2 33
2 36
3 34
3 35
4 15
4 22
4 23
5 6
5 7
5 14
6 8
6 31
7 9
7 30
8 10
8 12
9 11
9 13
10 13
10 17
11 12
11 17
12 16
13 16
14 20
14 21
15 18
15 19
16 24
17 25
18 21
18 27
19 20
19 26
20 27
21 26
22 24
22 28
23 25
23 29
24 34
25 35
26 33
27 32
28 29
28 35
29 34
30 33
30 37
31 32
31 36
36 37
