# First value is number of nodes (N)
36 
# Next N numbers describe the node locations
82 252
181 244
172 175
57 163
160 181
35 88
80 125
220 149
163 108
258 85
300 131
251 15
243 115
237 62
203 90
151 90
203 89
130 11
179 75
124 54
168 163
113 101
115 99
123 163
233 178
280 165
121 101
50 108
17 143
162 208
11 154
59 139
165 225
165 253
280 202
223 214
# Remaining lines are the edges.
# The first value is the source node index.
# The second value is the target node index.
0 1
0 2
0 3
1 33
1 35
2 32
2 34
3 30
3 31
4 7
4 8
4 23
5 22
5 27
5 28
6 21
6 26
6 28
7 24
7 25
8 19
8 20
9 11
9 14
9 24
10 12
10 15
10 25
11 13
11 15
12 13
12 14
13 18
14 16
15 16
16 20
17 18
17 19
17 21
18 20
19 22
21 27
22 26
23 29
23 30
24 35
25 34
26 31
27 31
28 30
29 32
29 33
32 35
33 34
