# First value is number of nodes (N)
32 
# Next N numbers describe the node locations
215 235
167 233
270 238
253 153
247 26
171 50
77 120
92 49
13 103
80 99
161 231
41 88
15 42
59 13
61 58
83 89
213 104
262 89
111 13
40 135
214 118
151 167
295 106
227 75
331 178
251 217
155 171
176 180
306 228
80 222
271 146
291 135
# Remaining lines are the edges.
# The first value is the source node index.
# The second value is the target node index.
0 1
0 2
0 3
1 26
1 29
2 28
2 31
3 27
3 30
4 16
4 22
4 23
5 17
5 18
5 23
6 9
6 10
6 15
7 9
7 13
7 15
8 11
8 12
8 19
9 19
10 11
10 21
11 14
12 13
12 14
13 18
14 18
15 16
16 20
17 20
17 21
19 29
20 29
21 26
22 24
22 27
23 30
24 28
24 31
25 26
25 27
25 28
30 31
