# First value is number of nodes (N)
32 
# Next N numbers describe the node locations
112 346
95 350
155 321
54 310
101 178
116 233
160 155
15 179
8 120
18 55
65 43
85 23
31 25
42 65
60 79
91 54
44 194
28 247
85 102
65 134
154 24
72 230
147 97
111 155
74 210
31 299
126 196
128 271
69 309
165 265
44 350
121 307
# Remaining lines are the edges.
# The first value is the source node index.
# The second value is the target node index.
0 1
0 2
0 3
1 30
1 31
2 29
2 31
3 28
3 30
4 5
4 6
4 27
5 21
5 24
6 22
6 23
7 8
7 16
7 17
8 9
8 19
9 10
9 12
10 14
10 20
11 12
11 15
11 20
12 13
13 14
13 19
14 15
15 18
16 18
16 21
17 24
17 25
18 22
19 23
20 22
21 31
23 26
24 26
25 28
25 30
26 29
27 28
27 29
