# First value is number of nodes (N)
30 
# Next N numbers describe the node locations
256 159
184 184
230 161
223 190
211 49
142 59
102 38
84 85
104 8
8 92
48 104
55 111
22 153
57 51
39 83
156 71
244 40
186 9
209 27
131 109
72 148
56 180
138 96
218 91
126 154
211 43
121 181
214 33
207 152
208 142
# Remaining lines are the edges.
# The first value is the source node index.
# The second value is the target node index.
0 1
0 2
0 3
1 24
1 29
2 25
2 27
3 26
3 28
4 16
4 17
4 23
5 6
5 15
5 19
6 7
6 8
7 14
7 22
8 13
8 17
9 12
9 13
9 14
10 11
10 14
10 21
11 13
11 20
12 20
12 21
15 18
15 29
16 18
16 25
17 27
18 27
19 22
19 26
20 24
21 26
22 25
23 24
23 28
28 29
