# First value is number of nodes (N)
36 
# Next N numbers describe the node locations
180 171
225 169
191 146
248 24
235 36
161 162
154 86
67 159
53 182
167 208
112 254
80 293
26 98
8 112
164 293
141 287
82 226
93 215
15 227
10 145
41 43
63 167
107 155
241 198
89 17
95 82
141 42
174 123
105 190
187 136
134 54
154 8
149 197
272 180
116 97
205 230
# Remaining lines are the edges.
# The first value is the source node index.
# The second value is the target node index.
0 1
0 2
0 3
1 33
1 35
2 32
2 34
3 30
3 31
4 5
4 6
4 29
5 22
5 28
6 26
6 27
7 20
7 21
7 22
8 18
8 19
8 22
9 10
9 11
9 28
10 15
10 17
11 14
11 16
12 13
12 21
12 25
13 19
13 20
14 17
14 23
15 16
15 23
16 18
17 19
18 21
20 24
23 35
24 27
24 31
25 26
25 30
26 31
27 30
28 34
29 32
29 33
32 35
33 34
