# First value is number of nodes (N)
28 
# Next N numbers describe the node locations
266 240
282 291
325 278
209 202
158 47
44 196
71 261
193 47
195 10
186 64
10 239
40 215
285 360
274 387
400 171
378 230
369 296
413 238
302 392
312 368
178 96
95 204
267 326
358 387
336 337
383 136
153 193
182 153
# Remaining lines are the edges.
# The first value is the source node index.
# The second value is the target node index.
0 1
0 2
0 3
1 22
1 25
2 23
2 24
3 26
3 27
4 8
4 9
4 20
5 10
5 11
5 21
6 10
6 11
6 21
7 8
7 9
7 20
8 9
10 11
12 18
12 19
12 22
13 18
13 19
13 22
14 16
14 17
14 25
15 16
15 17
15 25
16 23
17 23
18 24
19 24
20 27
21 26
26 27
