# First value is number of nodes (N)
30 
# Next N numbers describe the node locations
141 285
206 291
278 252
260 207
267 88
243 39
224 64
129 18
43 8
117 27
29 201
43 256
67 229
14 140
38 127
198 165
19 26
69 23
62 77
48 93
189 29
88 290
107 259
295 144
143 291
241 111
311 195
265 281
314 256
278 272
# Remaining lines are the edges.
# The first value is the source node index.
# The second value is the target node index.
0 1
0 2
0 3
1 24
1 27
2 25
2 28
3 26
3 29
4 5
4 6
4 23
5 6
5 20
6 20
7 8
7 9
7 20
8 16
8 19
9 17
9 18
10 11
10 12
10 13
11 12
11 21
12 22
13 14
13 15
14 16
14 18
15 17
15 19
16 17
18 19
21 22
21 24
22 24
23 25
23 26
25 29
26 28
27 28
27 29
