# First value is number of nodes (N)
34 
# Next N numbers describe the node locations
335 338
282 290
405 193
361 345
207 207
181 206
169 209
24 95
81 43
152 118
30 152
50 93
66 121
96 26
131 88
56 131
43 122
153 18
88 39
99 187
190 71
208 82
145 196
235 254
284 161
317 230
378 258
380 307
286 269
254 317
350 307
400 351
408 287
359 303
# Remaining lines are the edges.
# The first value is the source node index.
# The second value is the target node index.
0 1
0 2
0 3
1 28
1 29
2 30
2 32
3 31
3 33
4 5
4 6
4 25
5 22
5 24
6 21
6 23
7 9
7 10
7 13
8 11
8 12
8 14
9 11
9 15
10 12
10 16
11 16
12 15
13 17
13 18
14 17
14 18
15 19
16 19
17 20
18 20
19 22
20 21
21 24
22 23
23 29
24 29
25 26
25 28
26 32
26 33
27 28
27 30
27 31
30 33
31 32
