# First value is number of nodes (N)
34 
# Next N numbers describe the node locations
22 328
41 269
21 336
97 362
165 361
140 388
150 199
152 60
190 49
166 39
201 20
160 37
155 37
218 53
196 37
204 110
143 90
82 466
108 441
61 407
51 462
120 194
200 208
142 188
119 142
142 429
127 425
165 210
133 197
89 330
75 447
19 421
74 219
38 299
# Remaining lines are the edges.
# The first value is the source node index.
# The second value is the target node index.
0 1
0 2
0 3
1 32
1 33
2 31
2 33
3 29
3 30
4 5
4 6
4 29
5 25
5 26
6 27
6 28
7 8
7 11
7 13
8 12
8 14
9 10
9 11
9 14
10 12
10 13
11 16
12 16
13 15
14 15
15 23
16 24
17 19
17 25
17 30
18 20
18 26
18 30
19 26
19 31
20 25
20 31
21 23
21 28
21 32
22 24
22 27
22 32
23 27
24 28
29 33
