# First value is number of nodes (N)
32 
# Next N numbers describe the node locations
213 312
152 301
249 275
274 301
291 117
248 69
280 77
35 14
152 101
64 117
37 209
37 151
95 189
127 186
20 17
140 41
193 10
150 81
212 20
234 19
252 8
227 26
93 202
36 284
293 184
117 254
193 283
94 294
286 223
242 270
205 52
290 245
# Remaining lines are the edges.
# The first value is the source node index.
# The second value is the target node index.
0 1
0 2
0 3
1 26
1 27
2 28
2 30
3 29
3 31
4 5
4 6
4 24
5 18
5 21
6 19
6 20
7 8
7 9
7 15
8 11
8 13
9 12
9 14
10 11
10 12
10 23
11 14
12 13
13 22
14 22
15 16
15 17
16 18
16 20
17 19
17 21
18 19
20 21
22 27
23 26
23 27
24 30
24 31
25 26
25 28
25 29
28 31
29 30
