# First value is number of nodes (N)
34 
# Next N numbers describe the node locations
185 248
38 137
203 205
239 253
297 30
348 53
288 200
226 13
77 30
159 9
50 30
342 96
340 96
179 20
62 58
45 59
21 51
37 119
208 58
355 104
329 120
215 90
136 76
220 16
89 115
36 124
204 106
335 171
209 140
278 227
217 161
213 197
249 178
226 220
# Remaining lines are the edges.
# The first value is the source node index.
# The second value is the target node index.
0 1
0 2
0 3
1 28
1 31
2 30
2 33
3 29
3 32
4 5
4 6
4 7
5 11
5 19
6 12
6 20
7 9
7 18
8 13
8 14
8 23
9 10
9 23
10 15
10 22
11 20
11 21
12 19
12 21
13 18
13 22
14 16
14 17
15 16
15 17
16 25
17 25
18 26
19 27
20 27
21 26
22 24
23 24
24 28
25 28
26 30
27 29
29 33
30 32
31 32
31 33
