# First value is number of nodes (N)
34 
# Next N numbers describe the node locations
228 360
266 318
202 350
153 335
130 101
175 174
72 176
96 235
118 265
62 247
170 27
185 92
164 63
159 68
19 301
87 323
171 108
166 92
124 54
250 58
107 302
8 246
24 13
106 90
192 228
189 230
66 332
139 282
128 338
163 297
230 273
239 307
217 374
243 344
# Remaining lines are the edges.
# The first value is the source node index.
# The second value is the target node index.
0 1
0 2
0 3
1 30
1 33
2 29
2 31
3 28
3 32
4 5
4 6
4 27
5 24
5 25
6 22
6 23
7 8
7 9
7 25
8 14
8 20
9 15
9 21
10 11
10 16
10 18
11 17
11 19
12 13
12 16
12 19
13 17
13 18
14 21
14 26
15 20
15 26
16 24
17 24
18 23
19 23
20 22
21 22
25 30
26 28
27 28
27 29
29 33
30 31
31 32
32 33
