# First value is number of nodes (N)
32 
# Next N numbers describe the node locations
104 258
111 245
127 268
31 263
155 125
113 163
147 65
165 93
11 76
50 84
70 95
98 29
48 52
133 13
50 20
78 79
87 101
87 103
134 127
122 12
130 46
98 74
27 135
10 140
186 153
169 218
172 220
117 259
21 252
31 173
58 232
96 253
# Remaining lines are the edges.
# The first value is the source node index.
# The second value is the target node index.
0 1
0 2
0 3
1 27
1 30
2 26
2 31
3 28
3 29
4 5
4 6
4 25
5 18
5 24
6 19
6 20
7 13
7 17
7 24
8 9
8 10
8 23
9 16
9 20
10 15
10 17
11 12
11 13
11 20
12 14
12 22
13 19
14 15
14 19
15 21
16 17
16 21
18 22
18 23
21 27
22 29
23 28
24 26
25 26
25 27
28 31
29 30
30 31
