# First value is number of nodes (N)
34 
# Next N numbers describe the node locations
88 121
163 143
166 72
43 154
251 285
201 316
145 282
115 229
160 228
219 319
245 297
283 296
255 298
249 162
45 318
95 189
128 204
201 276
264 258
16 63
65 228
110 174
22 279
201 188
239 70
105 71
146 57
200 20
184 165
218 218
129 19
200 140
8 201
46 217
# Remaining lines are the edges.
# The first value is the source node index.
# The second value is the target node index.
0 1
0 2
0 3
1 28
1 29
2 30
2 31
3 32
3 33
4 7
4 11
4 12
5 6
5 9
5 10
6 7
6 14
7 8
8 13
8 16
9 11
9 17
10 12
10 18
11 18
12 17
13 23
13 24
14 21
14 22
15 16
15 19
15 20
16 28
17 29
18 29
19 21
19 32
20 22
20 33
21 33
22 32
23 26
23 30
24 27
24 31
25 26
25 27
25 28
26 31
27 30
