# First value is number of nodes (N)
34 
# Next N numbers describe the node locations
189 316
227 296
195 273
154 318
152 249
215 202
161 106
100 119
143 8
80 24
101 30
31 62
34 119
66 88
152 147
36 119
8 113
238 20
170 13
179 64
244 110
159 193
242 80
179 43
37 184
86 170
219 97
140 222
143 214
186 340
84 269
183 280
235 224
227 333
# Remaining lines are the edges.
# The first value is the source node index.
# The second value is the target node index.
0 1
0 2
0 3
1 32
1 33
2 31
2 33
3 29
3 30
4 25
4 28
4 32
5 26
5 27
5 32
6 14
6 19
6 20
7 12
7 13
7 14
8 9
8 17
8 18
9 10
9 11
10 12
10 15
11 13
11 16
12 16
13 15
14 21
15 24
16 24
17 19
17 22
18 20
18 23
19 23
20 22
21 28
21 31
22 26
23 26
24 25
25 30
27 28
27 30
29 31
29 33
