# First value is number of nodes (N)
38 
# Next N numbers describe the node locations
155 192
201 263
114 220
204 190
247 35
228 71
220 47
223 33
36 168
14 151
200 201
273 248
244 233
269 236
47 153
40 139
47 85
77 102
278 160
289 247
93 161
178 16
231 68
263 50
187 212
249 273
39 171
119 171
112 108
280 152
228 71
99 39
96 76
226 182
181 197
161 263
110 185
95 253
# Remaining lines are the edges.
# The first value is the source node index.
# The second value is the target node index.
0 1
0 2
0 3
1 34
1 35
2 36
2 37
3 32
3 33
4 7
4 21
4 22
5 6
5 21
5 23
6 20
6 22
7 20
7 23
8 15
8 16
8 27
9 14
9 16
9 26
10 13
10 19
10 24
11 12
11 19
11 25
12 18
12 24
13 18
13 25
14 17
14 27
15 17
15 26
16 28
17 31
18 30
19 29
20 28
21 31
22 29
23 30
24 34
25 35
26 37
27 36
28 32
29 33
30 33
31 32
34 37
35 36
