# First value is number of nodes (N)
34 
# Next N numbers describe the node locations
51 283
63 217
78 319
93 291
153 168
240 56
224 51
90 135
102 23
165 8
265 120
274 56
264 88
182 37
229 26
233 178
101 99
199 148
17 29
94 41
34 93
40 90
192 230
8 98
32 117
154 175
102 244
163 292
128 216
27 158
133 335
100 311
92 292
118 284
# Remaining lines are the edges.
# The first value is the source node index.
# The second value is the target node index.
0 1
0 2
0 3
1 28
1 29
2 30
2 32
3 31
3 33
4 5
4 6
4 17
5 11
5 13
6 12
6 14
7 16
7 20
7 21
8 9
8 18
8 19
9 13
9 14
10 11
10 12
10 15
11 14
12 13
15 17
15 22
16 25
16 26
17 25
18 20
18 23
19 21
19 24
20 24
21 23
22 27
22 28
23 29
24 29
25 28
26 32
26 33
27 30
27 31
30 33
31 32
