# First value is number of nodes (N)
34 
# Next N numbers describe the node locations
203 258
227 300
321 293
237 224
124 142
121 93
198 142
28 85
20 140
45 119
110 159
19 249
69 38
316 38
175 49
216 127
19 211
112 109
227 169
36 169
132 48
193 102
202 193
163 157
151 113
124 230
296 202
245 234
101 263
158 204
265 273
295 280
324 249
286 251
# Remaining lines are the edges.
# The first value is the source node index.
# The second value is the target node index.
0 1
0 2
0 3
1 28
1 29
2 30
2 32
3 31
3 33
4 5
4 6
4 15
5 13
5 20
6 14
6 21
7 8
7 9
7 12
8 10
8 16
9 11
9 17
10 17
10 19
11 16
11 19
12 13
12 14
13 21
14 20
15 18
15 22
16 25
17 25
18 23
18 26
19 23
20 24
21 24
22 27
22 28
23 29
24 29
25 28
26 32
26 33
27 30
27 31
30 33
31 32
