# First value is number of nodes (N)
32 
# Next N numbers describe the node locations
82 229
76 180
27 238
129 243
169 144
30 135
115 103
174 91
96 58
144 75
18 25
35 114
113 13
153 64
104 214
52 211
133 196
137 205
182 212
188 154
96 179
40 171
152 127
72 53
76 105
82 124
85 131
23 194
134 236
136 206
57 88
54 215
# Remaining lines are the edges.
# The first value is the source node index.
# The second value is the target node index.
0 1
0 2
0 3
1 26
1 30
2 27
2 31
3 28
3 29
4 13
4 22
4 25
5 11
5 21
5 25
6 7
6 8
6 20
7 13
7 19
8 9
8 23
9 12
9 24
10 11
10 12
10 23
11 24
12 13
14 17
14 20
14 31
15 16
15 21
15 27
16 22
16 29
17 18
17 28
18 19
18 29
19 26
20 27
21 31
22 28
23 30
24 30
25 26
