# First value is number of nodes (N)
30 
# Next N numbers describe the node locations
175 210
173 250
180 129
136 227
274 207
227 165
30 65
132 10
56 8
84 106
48 48
103 92
41 67
8 37
31 24
276 241
248 141
226 167
178 45
105 99
94 17
147 160
31 185
235 234
176 195
246 28
96 182
151 106
129 229
230 279
# Remaining lines are the edges.
# The first value is the source node index.
# The second value is the target node index.
0 1
0 2
0 3
1 24
1 29
2 25
2 27
3 26
3 28
4 15
4 16
4 23
5 16
5 17
5 21
6 12
6 13
6 22
7 12
7 18
7 20
8 10
8 13
8 20
9 10
9 11
9 21
10 14
11 18
11 19
12 14
13 14
15 17
15 29
16 25
17 24
18 25
19 22
19 27
20 27
21 26
22 26
23 24
23 28
28 29
