# First value is number of nodes (N)
34 
# Next N numbers describe the node locations
136 259
132 269
140 239
136 216
372 53
335 46
345 44
335 161
333 211
339 69
264 58
286 30
267 41
282 108
54 68
70 56
27 101
62 104
111 78
68 72
32 84
40 131
268 168
219 80
82 123
116 27
47 188
141 160
108 202
157 97
91 269
180 271
252 223
159 238
# Remaining lines are the edges.
# The first value is the source node index.
# The second value is the target node index.
0 1
0 2
0 3
1 30
1 33
2 29
2 31
3 28
3 32
4 5
4 8
4 10
5 9
5 11
6 7
6 8
6 11
7 9
7 10
8 13
9 13
10 12
11 12
12 23
13 22
14 16
14 18
14 19
15 17
15 18
15 20
16 20
16 21
17 19
17 21
18 25
19 24
20 24
21 26
22 23
22 27
23 25
24 28
25 29
26 27
26 30
27 28
29 33
30 31
31 32
32 33
