# First value is number of nodes (N)
36 
# Next N numbers describe the node locations
77 301
32 304
43 276
149 297
264 142
210 235
70 40
87 48
34 37
148 54
89 11
126 44
106 58
20 85
36 137
124 149
157 120
152 30
171 110
212 113
264 22
213 94
261 117
167 255
90 200
93 185
173 190
121 169
244 186
115 260
213 243
145 256
70 217
61 260
116 201
19 258
# Remaining lines are the edges.
# The first value is the source node index.
# The second value is the target node index.
0 1
0 2
0 3
1 33
1 35
2 32
2 34
3 30
3 31
4 20
4 22
4 28
5 19
5 21
5 28
6 8
6 11
6 12
7 9
7 10
7 12
8 10
8 13
9 11
9 14
10 17
11 17
12 16
13 14
13 25
14 24
15 24
15 25
15 27
16 22
16 27
17 21
18 19
18 20
18 26
19 22
20 21
23 26
23 29
23 30
24 35
25 34
26 31
27 31
28 30
29 32
29 33
32 35
33 34
