# First value is number of nodes (N)
38 
# Next N numbers describe the node locations
209 250
295 198
185 210
142 260
241 136
181 129
70 145
146 45
41 101
233 8
282 62
211 61
201 10
203 63
119 34
307 106
245 39
188 74
59 139
14 117
318 59
31 133
62 133
301 128
341 118
239 88
23 197
120 185
280 171
326 181
43 175
188 140
131 190
81 231
328 185
220 238
160 219
160 232
# Remaining lines are the edges.
# The first value is the source node index.
# The second value is the target node index.
0 1
0 2
0 3
1 34
1 35
2 32
2 37
3 33
3 36
4 5
4 15
4 23
5 6
5 13
6 18
6 19
7 12
7 14
7 17
8 14
8 21
8 22
9 10
9 11
9 17
10 12
10 20
11 13
11 16
12 16
13 31
14 30
15 20
15 29
16 25
17 25
18 22
18 27
19 21
19 26
20 24
21 27
22 26
23 24
23 28
24 34
25 35
26 33
27 32
28 29
28 35
29 34
30 33
30 37
31 32
31 36
36 37
