# First value is number of nodes (N)
38 
# Next N numbers describe the node locations
205 222
189 268
191 208
176 276
199 152
117 187
233 154
36 125
18 184
75 160
42 47
21 9
224 26
28 119
238 28
102 66
157 10
76 78
19 45
58 30
73 11
57 28
14 97
189 49
229 40
96 219
149 212
262 10
47 243
87 233
146 206
260 215
130 236
262 133
108 277
233 254
183 191
231 232
# Remaining lines are the edges.
# The first value is the source node index.
# The second value is the target node index.
0 1
0 2
0 3
1 32
1 37
2 33
2 36
3 34
3 35
4 5
4 6
4 31
5 25
5 29
6 23
6 24
7 8
7 9
7 29
8 22
8 28
9 25
9 30
10 19
10 21
10 22
11 18
11 20
11 22
12 16
12 24
12 27
13 14
13 15
13 24
14 23
14 27
15 21
15 26
16 20
16 23
17 18
17 19
17 26
18 21
19 20
25 28
26 32
27 33
28 34
29 34
30 32
30 36
31 33
31 35
35 37
36 37
