# First value is number of nodes (N)
30 
# Next N numbers describe the node locations
67 267
65 224
127 268
30 220
150 127
192 87
107 65
86 22
122 18
83 37
162 37
152 99
113 99
207 21
71 87
25 40
51 80
120 140
56 147
10 92
131 221
116 142
210 146
172 121
89 221
182 240
146 170
74 181
31 185
9 161
# Remaining lines are the edges.
# The first value is the source node index.
# The second value is the target node index.
0 1
0 2
0 3
1 24
1 28
2 25
2 26
3 27
3 29
4 5
4 12
4 17
5 11
5 13
6 7
6 11
6 14
7 8
7 15
8 9
8 10
9 14
9 16
10 12
10 13
11 23
12 21
13 22
14 19
15 16
15 19
16 18
17 18
17 20
18 27
19 29
20 21
20 24
21 28
22 23
22 25
23 26
24 25
26 27
28 29
