# First value is number of nodes (N)
54 
# Next N numbers describe the node locations
235 271
141 228
99 248
269 217
289 116
229 67
23 34
20 62
200 90
212 18
123 74
220 80
228 10
54 36
245 138
242 112
127 65
187 161
8 84
62 195
75 8
162 54
142 120
153 85
286 250
295 158
194 153
213 124
61 194
195 106
56 8
8 138
186 179
48 133
166 120
139 191
213 226
195 190
152 39
208 246
118 187
127 138
26 209
255 167
40 265
141 141
131 202
90 181
187 215
126 208
176 119
67 208
251 262
250 160
# Remaining lines are the edges.
# The first value is the source node index.
# The second value is the target node index.
0 1
0 2
0 3
1 48
1 49
2 51
2 53
3 50
3 52
4 12
4 14
4 17
5 12
5 15
5 16
6 13
6 19
6 20
7 13
7 18
7 21
8 14
8 18
8 22
9 17
9 21
9 23
10 16
10 20
10 23
11 15
11 19
11 22
12 24
13 33
14 25
15 26
16 28
17 27
18 32
19 31
20 30
21 29
22 35
23 34
24 36
24 37
25 39
25 43
26 39
26 41
27 38
27 40
28 38
28 42
29 43
29 45
30 41
30 45
31 42
31 44
32 40
32 44
33 46
33 47
34 37
34 47
35 36
35 46
36 52
37 53
38 53
39 52
40 48
41 49
42 49
43 48
44 51
45 50
46 51
47 50
