# First value is number of nodes (N)
58 
# Next N numbers describe the node locations
103 250
31 220
137 214
172 234
227 118
70 49
187 195
172 144
136 39
205 19
201 100
142 8
160 49
272 74
218 120
118 62
201 268
24 164
217 84
74 146
292 226
68 199
152 149
157 211
148 232
168 49
157 79
139 120
102 155
169 130
197 86
112 72
148 148
229 141
46 14
229 72
236 218
112 79
113 191
296 162
144 271
31 100
197 150
66 87
135 228
156 168
31 178
155 109
238 153
79 135
234 170
105 115
117 235
104 133
185 198
50 151
124 158
204 228
# Remaining lines are the edges.
# The first value is the source node index.
# The second value is the target node index.
0 1
0 2
0 3
1 52
1 55
2 53
2 56
3 54
3 57
4 13
4 35
4 39
5 15
5 34
5 37
6 14
6 36
6 38
7 10
7 14
7 28
8 12
8 15
8 29
9 11
9 13
9 30
10 13
10 32
11 15
11 31
12 14
12 33
16 20
16 36
16 40
17 21
17 34
17 41
18 19
18 35
18 42
19 37
19 43
20 39
20 45
21 38
21 44
22 27
22 28
22 42
23 24
23 29
23 40
24 32
24 44
25 26
25 30
25 41
26 33
26 43
27 31
27 45
28 46
29 47
30 48
31 49
32 51
33 50
34 46
35 47
36 48
37 51
38 49
39 50
40 52
41 53
42 54
43 55
44 57
45 56
46 52
47 53
48 54
49 55
50 57
51 56
