# First value is number of nodes (N)
32 
# Next N numbers describe the node locations
317 150
360 114
284 66
265 181
282 47
289 26
247 22
223 10
147 206
84 185
157 198
81 131
108 97
38 93
35 31
59 50
8 83
123 51
92 75
42 133
116 166
299 152
93 19
175 56
160 11
215 54
253 48
360 60
204 102
179 191
244 118
332 127
# Remaining lines are the edges.
# The first value is the source node index.
# The second value is the target node index.
0 1
0 2
0 3
1 27
1 31
2 28
2 31
3 29
3 30
4 5
4 27
4 31
5 6
5 7
6 26
6 27
7 24
7 25
8 9
8 10
8 29
9 19
9 20
10 20
10 21
11 12
11 13
11 20
12 17
12 18
13 15
13 16
14 15
14 16
14 22
15 17
16 19
17 23
18 19
18 22
21 26
21 29
22 24
23 24
23 28
25 26
25 30
28 30
