# First value is number of nodes (N)
30 
# Next N numbers describe the node locations
185 190
174 229
150 58
139 218
250 98
54 157
31 106
99 8
38 18
79 31
34 74
59 15
93 92
33 86
83 157
62 184
248 94
229 31
166 12
60 94
173 74
189 126
99 137
189 169
234 165
111 126
181 75
193 33
71 204
61 216
# Remaining lines are the edges.
# The first value is the source node index.
# The second value is the target node index.
0 1
0 2
0 3
1 24
1 29
2 26
2 27
3 25
3 28
4 16
4 17
4 23
5 12
5 14
5 15
6 11
6 13
6 15
7 8
7 9
7 18
8 10
8 13
9 11
9 19
10 11
10 12
12 20
13 19
14 21
14 22
15 29
16 22
16 27
17 18
17 26
18 27
19 25
20 21
20 26
21 24
22 25
23 24
23 28
28 29
