# First value is number of nodes (N)
34 
# Next N numbers describe the node locations
189 217
105 183
250 187
162 275
222 40
103 8
41 8
100 9
38 39
44 62
158 38
11 60
38 78
106 111
284 54
243 76
129 90
26 124
286 96
287 100
311 100
287 107
41 219
58 283
74 264
109 217
83 255
58 255
48 167
102 184
260 137
311 189
117 307
112 297
# Remaining lines are the edges.
# The first value is the source node index.
# The second value is the target node index.
0 1
0 2
0 3
1 28
1 29
2 30
2 31
3 32
3 33
4 10
4 14
4 15
5 6
5 7
5 10
6 8
6 11
7 9
7 12
8 12
8 13
9 11
9 13
10 16
11 17
12 17
13 16
14 18
14 20
15 19
15 21
16 29
17 28
18 19
18 30
19 31
20 21
20 31
21 30
22 23
22 24
22 28
23 26
23 32
24 27
24 33
25 26
25 27
25 29
26 33
27 32
