# First value is number of nodes (N)
30 
# Next N numbers describe the node locations
130 197
37 242
118 261
88 240
132 21
164 63
127 63
92 8
13 71
33 140
166 116
100 41
102 71
47 31
149 172
113 143
51 116
151 167
80 258
66 349
8 194
141 250
23 313
146 305
170 255
20 258
135 260
35 172
116 276
51 291
# Remaining lines are the edges.
# The first value is the source node index.
# The second value is the target node index.
0 1
0 2
0 3
1 27
1 29
2 26
2 28
3 24
3 25
4 5
4 7
4 11
5 6
5 10
6 7
6 8
7 13
8 9
8 12
9 14
9 20
10 15
10 21
11 12
11 13
12 17
13 16
14 15
14 17
15 16
16 27
17 26
18 19
18 23
18 29
19 22
19 28
20 25
20 27
21 24
21 26
22 25
22 29
23 24
23 28
