# First value is number of nodes (N)
32 
# Next N numbers describe the node locations
149 321
182 293
159 327
69 309
222 255
163 249
171 202
45 178
72 186
128 147
49 154
107 32
84 20
138 48
101 58
86 34
32 28
43 178
10 77
64 85
66 107
8 126
135 47
168 136
104 132
208 197
144 101
47 247
187 219
134 261
149 315
215 310
# Remaining lines are the edges.
# The first value is the source node index.
# The second value is the target node index.
0 1
0 2
0 3
1 28
1 31
2 30
2 31
3 27
3 29
4 5
4 6
4 31
5 29
5 30
6 25
6 26
7 8
7 27
7 30
8 9
8 10
9 23
9 24
10 20
10 21
11 13
11 14
11 15
12 13
12 15
12 16
13 23
14 19
14 22
15 18
16 18
16 19
17 21
17 24
17 27
18 21
19 20
20 22
22 26
23 25
24 26
25 28
28 29
