# First value is number of nodes (N)
30 
# Next N numbers describe the node locations
181 122
164 104
138 156
208 75
291 150
257 171
106 130
123 115
74 168
32 95
185 174
290 196
129 21
29 166
59 159
144 63
229 62
79 55
264 231
48 185
268 200
31 148
267 131
190 8
239 47
182 41
241 149
82 207
85 112
103 232
# Remaining lines are the edges.
# The first value is the source node index.
# The second value is the target node index.
0 1
0 2
0 3
1 26
1 27
2 28
2 29
3 24
3 25
4 5
4 11
4 22
5 10
5 20
6 7
6 8
6 14
7 10
7 15
8 9
8 19
9 13
9 17
10 16
11 16
11 18
12 15
12 17
12 23
13 14
13 21
14 27
15 25
16 29
17 28
18 20
18 26
19 21
19 27
20 29
21 28
22 24
22 26
23 24
23 25
