# First value is number of nodes (N)
32 
# Next N numbers describe the node locations
154 161
198 59
186 166
189 57
355 61
368 52
349 72
301 17
23 23
34 95
91 83
50 118
278 124
264 74
306 69
364 147
315 135
234 21
90 75
42 92
138 91
86 65
121 82
148 66
291 126
261 8
177 32
215 117
233 20
251 168
135 11
116 167
# Remaining lines are the edges.
# The first value is the source node index.
# The second value is the target node index.
0 1
0 2
0 3
1 26
1 27
2 29
2 31
3 28
3 30
4 6
4 14
4 15
5 7
5 14
5 15
6 12
6 24
7 13
7 25
8 9
8 11
8 19
9 10
9 18
10 11
10 21
11 20
12 13
12 17
13 16
14 17
15 16
16 29
17 28
18 19
18 31
19 30
20 23
20 31
21 22
21 30
22 23
22 27
23 26
24 27
24 29
25 26
25 28
