# First value is number of nodes (N)
32 
# Next N numbers describe the node locations
110 225
155 213
122 176
90 255
186 92
289 18
279 73
202 24
300 95
309 79
246 19
248 89
288 138
130 46
158 111
62 99
57 56
213 221
258 189
157 87
233 125
22 96
117 166
66 112
39 164
169 200
30 209
134 129
29 142
139 172
154 251
246 241
# Remaining lines are the edges.
# The first value is the source node index.
# The second value is the target node index.
0 1
0 2
0 3
1 29
1 31
2 27
2 28
3 26
3 30
4 11
4 12
4 14
5 9
5 10
5 14
6 8
6 11
6 17
7 10
7 11
7 13
8 9
8 10
9 12
12 18
13 16
13 19
14 19
15 16
15 22
15 24
16 21
17 18
17 20
18 31
19 27
20 25
20 29
21 23
21 28
22 23
22 29
23 26
24 26
24 28
25 27
25 30
30 31
