# First value is number of nodes (N)
36 
# Next N numbers describe the node locations
251 223
294 185
239 250
289 182
150 88
154 28
125 48
49 11
51 157
16 68
84 82
33 104
168 12
68 76
146 18
163 140
70 183
249 55
262 44
237 11
58 206
249 52
220 57
131 194
148 108
301 109
297 51
175 170
143 248
99 210
125 216
305 118
213 138
207 269
291 253
233 224
# Remaining lines are the edges.
# The first value is the source node index.
# The second value is the target node index.
0 1
0 2
0 3
1 31
1 34
2 32
2 33
3 30
3 35
4 5
4 6
4 15
5 14
5 22
6 12
6 13
7 10
7 11
7 14
8 11
8 13
8 16
9 10
9 13
9 20
10 16
11 20
12 14
12 19
15 23
15 27
16 29
17 18
17 21
17 27
18 22
18 26
19 21
19 26
20 24
21 25
22 25
23 24
23 28
24 30
25 31
26 31
27 32
28 29
28 33
29 30
32 35
33 34
34 35
