# First value is number of nodes (N)
34 
# Next N numbers describe the node locations
147 212
173 228
127 237
183 168
281 22
251 103
350 43
305 77
302 26
341 118
366 53
143 89
149 42
142 206
37 46
138 157
16 44
128 21
128 66
115 149
198 26
361 96
236 94
214 132
275 176
221 48
294 219
30 154
185 106
67 156
225 223
177 241
170 185
150 218
# Remaining lines are the edges.
# The first value is the source node index.
# The second value is the target node index.
0 1
0 2
0 3
1 30
1 33
2 29
2 31
3 28
3 32
4 7
4 8
4 20
5 7
5 9
5 22
6 8
6 10
6 22
7 10
8 9
9 21
10 21
11 12
11 13
11 20
12 14
12 16
13 15
13 17
14 15
14 18
15 19
16 17
16 19
17 18
18 27
19 27
20 25
21 26
22 24
23 24
23 25
23 26
24 30
25 28
26 28
27 29
29 33
30 31
31 32
32 33
