# First value is number of nodes (N)
32 
# Next N numbers describe the node locations
201 203
123 217
225 148
232 255
117 108
108 139
136 42
162 12
22 9
171 55
32 181
244 19
63 36
161 8
39 63
221 44
70 179
131 62
11 144
145 124
47 210
186 130
20 237
194 133
244 121
84 195
215 105
85 178
87 216
250 197
201 176
143 162
# Remaining lines are the edges.
# The first value is the source node index.
# The second value is the target node index.
0 1
0 2
0 3
1 27
1 30
2 26
2 31
3 28
3 29
4 5
4 6
4 19
5 12
5 18
6 11
6 17
7 8
7 9
7 13
8 10
8 14
9 15
9 17
10 16
10 18
11 13
11 15
12 14
12 16
13 21
14 20
15 24
16 25
17 21
18 20
19 22
19 23
20 27
21 26
22 25
22 27
23 24
23 26
24 29
25 28
28 31
29 30
30 31
