# First value is number of nodes (N)
34 
# Next N numbers describe the node locations
196 199
211 184
261 140
149 221
347 59
289 118
51 44
21 69
375 81
333 104
363 90
349 115
59 29
290 33
25 96
68 93
150 90
375 129
335 142
73 69
8 130
227 20
107 14
169 8
140 49
320 190
79 222
263 122
156 80
112 153
264 224
125 232
233 184
108 223
# Remaining lines are the edges.
# The first value is the source node index.
# The second value is the target node index.
0 1
0 2
0 3
1 28
1 31
2 30
2 33
3 29
3 32
4 8
4 10
4 13
5 9
5 11
5 13
6 12
6 14
6 19
7 12
7 15
7 20
8 9
8 17
9 18
10 11
10 18
11 17
12 22
13 21
14 16
14 20
15 16
15 19
16 24
17 25
18 25
19 26
20 26
21 23
21 27
22 23
22 27
23 24
24 28
25 30
26 29
27 28
29 33
30 32
31 32
31 33
