# First value is number of nodes (N)
34 
# Next N numbers describe the node locations
94 317
225 310
45 316
98 272
209 189
297 322
208 174
8 74
182 34
57 83
58 50
135 35
19 30
45 8
73 79
52 42
235 89
264 102
293 91
228 149
307 126
284 154
319 141
195 176
39 93
250 288
41 221
159 168
146 110
40 250
22 276
70 263
74 323
75 313
# Remaining lines are the edges.
# The first value is the source node index.
# The second value is the target node index.
0 1
0 2
0 3
1 29
1 32
2 30
2 33
3 28
3 31
4 5
4 6
4 25
5 19
5 22
6 20
6 21
7 12
7 15
7 24
8 13
8 14
8 24
9 11
9 12
9 14
10 11
10 13
10 15
11 23
12 13
14 15
16 17
16 18
16 23
17 19
17 21
18 20
18 22
19 20
21 22
23 27
24 26
25 26
25 27
26 29
27 28
28 33
29 30
30 31
31 32
32 33
