# First value is number of nodes (N)
32 
# Next N numbers describe the node locations
213 186
151 202
121 210
210 225
194 27
131 8
96 57
238 51
99 123
13 81
122 59
44 151
127 123
208 71
8 107
145 50
19 105
41 162
239 89
182 28
245 131
147 131
164 82
228 113
128 62
27 163
227 186
128 97
67 217
210 216
150 229
132 256
# Remaining lines are the edges.
# The first value is the source node index.
# The second value is the target node index.
0 1
0 2
0 3
1 27
1 30
2 28
2 29
3 26
3 31
4 5
4 7
4 19
5 6
5 10
6 9
6 12
7 13
7 18
8 11
8 12
8 17
9 11
9 14
10 15
10 16
11 25
12 24
13 15
13 23
14 16
14 25
15 22
16 24
17 21
17 23
18 20
18 21
19 20
19 22
20 26
21 27
22 29
23 26
24 27
25 28
28 31
29 30
30 31
