# First value is number of nodes (N)
36 
# Next N numbers describe the node locations
202 221
202 256
176 249
261 285
263 134
230 114
238 76
24 227
37 229
116 126
185 62
15 254
55 254
37 145
43 132
103 171
109 103
173 43
92 286
8 191
104 88
66 79
248 24
183 65
170 132
69 299
114 146
82 230
198 164
262 313
262 228
174 238
226 251
127 322
206 317
205 282
# Remaining lines are the edges.
# The first value is the source node index.
# The second value is the target node index.
0 1
0 2
0 3
1 32
1 33
2 31
2 35
3 30
3 34
4 5
4 6
4 29
5 24
5 28
6 22
6 23
7 12
7 19
7 27
8 11
8 18
8 27
9 16
9 23
9 24
10 17
10 22
10 24
11 19
11 25
12 18
12 25
13 14
13 15
13 26
14 19
14 21
15 18
15 20
16 20
16 22
17 21
17 23
20 21
25 33
26 28
26 31
27 31
28 30
29 30
29 32
32 35
33 34
34 35
