# First value is number of nodes (N)
36 
# Next N numbers describe the node locations
153 254
139 278
179 172
93 220
209 71
226 68
216 31
83 153
46 105
17 72
161 81
274 142
241 147
174 147
296 164
23 82
86 60
281 110
252 119
92 21
115 22
199 88
241 42
181 8
119 41
214 191
275 116
20 210
88 151
169 149
118 171
194 190
79 246
205 265
171 271
128 250
# Remaining lines are the edges.
# The first value is the source node index.
# The second value is the target node index.
0 1
0 2
0 3
1 32
1 33
2 31
2 35
3 30
3 34
4 5
4 6
4 29
5 22
5 24
6 21
6 23
7 10
7 15
7 28
8 9
8 16
8 28
9 15
9 27
10 16
10 27
11 14
11 18
11 26
12 13
12 17
12 26
13 18
13 25
14 17
14 25
15 19
16 20
17 22
18 21
19 20
19 24
20 23
21 24
22 23
25 33
26 31
27 32
28 30
29 30
29 31
32 35
33 34
34 35
