# First value is number of nodes (N)
34 
# Next N numbers describe the node locations
232 142
157 142
189 104
283 122
485 148
430 25
349 39
467 85
456 109
487 113
50 59
53 83
8 95
29 119
72 102
62 100
383 18
370 25
403 45
360 53
444 161
464 117
59 128
68 154
98 59
320 84
316 20
370 93
343 54
55 135
165 67
240 24
211 79
108 17
# Remaining lines are the edges.
# The first value is the source node index.
# The second value is the target node index.
0 1
0 2
0 3
1 29
1 32
2 30
2 31
3 28
3 33
4 9
4 20
4 21
5 7
5 16
5 18
6 8
6 17
6 19
7 9
7 21
8 9
8 20
10 12
10 14
10 24
11 13
11 15
11 24
12 13
12 22
13 23
14 15
14 23
15 22
16 19
16 26
17 18
17 26
18 27
19 27
20 25
21 25
22 29
23 29
24 30
25 28
26 31
27 28
30 33
31 32
32 33
