# First value is number of nodes (N)
28 
# Next N numbers describe the node locations
103 148
169 154
40 142
87 193
191 111
171 60
170 103
102 74
203 29
208 58
244 201
71 76
161 9
226 30
40 18
251 153
207 122
119 22
153 79
76 90
19 95
196 230
64 223
139 223
201 191
13 69
145 151
191 135
# Remaining lines are the edges.
# The first value is the source node index.
# The second value is the target node index.
0 1
0 2
0 3
1 24
1 27
2 25
2 26
3 22
3 23
4 5
4 6
4 9
5 7
5 8
6 10
6 18
7 11
7 19
8 9
8 13
9 12
10 15
10 21
11 14
11 20
12 13
12 17
13 16
14 17
14 25
15 16
15 24
16 27
17 26
18 23
18 27
19 22
19 26
20 22
20 25
21 23
21 24
