# First value is number of nodes (N)
30 
# Next N numbers describe the node locations
154 161
206 112
135 115
148 164
113 18
45 41
141 47
66 19
98 68
136 8
16 37
165 114
11 71
226 21
201 99
23 100
133 88
258 89
206 155
226 137
190 100
8 101
11 150
256 129
226 89
217 120
84 143
134 104
132 107
159 186
# Remaining lines are the edges.
# The first value is the source node index.
# The second value is the target node index.
0 1
0 2
0 3
1 24
1 25
2 27
2 29
3 26
3 28
4 6
4 9
4 11
5 8
5 10
5 12
6 8
6 19
7 9
7 10
7 15
8 16
9 14
10 21
11 18
11 20
12 15
12 22
13 14
13 16
13 17
14 24
15 27
16 28
17 23
17 25
18 23
18 29
19 20
19 25
20 26
21 22
21 27
22 26
23 24
28 29
