# First value is number of nodes (N)
40 
# Next N numbers describe the node locations
176 321
130 281
156 280
210 312
184 55
85 41
168 27
11 111
33 86
50 100
84 109
48 28
46 241
141 172
90 22
89 38
73 52
203 99
197 167
57 144
68 116
84 148
13 151
273 149
27 290
83 150
222 167
271 209
165 198
286 307
230 179
263 197
178 209
245 312
157 275
235 249
146 238
284 319
246 313
38 287
# Remaining lines are the edges.
# The first value is the source node index.
# The second value is the target node index.
0 1
0 2
0 3
1 34
1 39
2 36
2 38
3 35
3 37
4 5
4 6
4 17
5 14
5 16
6 13
6 15
7 8
7 11
7 19
8 16
8 20
9 10
9 16
9 22
10 15
10 21
11 14
11 15
12 13
12 14
12 20
13 18
17 23
17 30
18 21
18 28
19 22
19 25
20 24
21 25
22 24
23 26
23 27
24 39
25 36
26 28
26 35
27 29
27 37
28 39
29 33
29 38
30 31
30 38
31 32
31 37
32 34
32 36
33 34
33 35
