# First value is number of nodes (N)
32 
# Next N numbers describe the node locations
161 174
198 208
136 77
142 119
368 114
356 123
369 121
325 151
399 140
392 174
338 51
297 184
350 174
29 98
64 45
210 179
284 39
285 88
15 150
34 90
170 38
196 196
129 51
146 26
126 91
58 156
154 196
256 84
122 51
242 158
277 35
158 69
# Remaining lines are the edges.
# The first value is the source node index.
# The second value is the target node index.
0 1
0 2
0 3
1 26
1 29
2 30
2 31
3 27
3 28
4 6
4 8
4 10
5 7
5 9
5 10
6 7
6 11
7 12
8 9
8 12
9 11
10 16
11 17
12 17
13 14
13 18
13 19
14 22
14 23
15 16
15 20
15 21
16 29
17 29
18 24
18 27
19 25
19 28
20 22
20 30
21 23
21 31
22 31
23 30
24 26
24 28
25 26
25 27
