# First value is number of nodes (N)
32 
# Next N numbers describe the node locations
148 294
157 289
234 288
232 202
232 145
210 66
135 48
236 41
24 86
44 95
25 92
13 137
36 112
87 122
75 91
63 128
49 43
109 10
91 108
151 62
140 17
151 32
161 17
57 271
165 138
253 200
206 202
242 272
85 222
91 160
189 252
229 286
# Remaining lines are the edges.
# The first value is the source node index.
# The second value is the target node index.
0 1
0 2
0 3
1 28
1 31
2 27
2 29
3 26
3 30
4 5
4 24
4 25
5 6
5 7
6 19
6 21
7 20
7 22
8 11
8 14
8 16
9 12
9 15
9 16
10 11
10 12
10 23
11 15
12 14
13 14
13 15
13 24
16 17
17 21
17 22
18 19
18 20
18 23
19 22
20 21
23 28
24 26
25 26
25 27
27 31
28 29
29 30
30 31
