# First value is number of nodes (N)
32 
# Next N numbers describe the node locations
113 124
148 101
90 132
182 187
178 34
206 78
180 15
220 144
109 165
123 262
9 196
65 269
129 236
21 266
255 158
149 122
19 141
17 227
96 239
262 169
133 249
185 250
247 148
171 68
203 61
82 17
144 36
60 92
153 94
137 233
228 246
40 190
# Remaining lines are the edges.
# The first value is the source node index.
# The second value is the target node index.
0 1
0 2
0 3
1 26
1 28
2 27
2 31
3 29
3 30
4 5
4 6
4 25
5 14
5 24
6 23
6 24
7 15
7 22
7 23
8 12
8 13
8 15
9 11
9 18
9 21
10 13
10 16
10 17
11 13
11 17
12 16
12 18
14 19
14 20
15 28
16 27
17 31
18 31
19 22
19 30
20 21
20 29
21 30
22 29
23 26
24 28
25 26
25 27
