# First value is number of nodes (N)
32 
# Next N numbers describe the node locations
61 186
24 225
104 197
216 160
175 134
24 30
223 30
241 47
195 16
114 36
159 14
164 83
134 93
28 57
59 153
186 192
157 197
217 57
213 61
208 137
139 226
55 68
25 112
22 75
55 98
150 205
34 224
88 97
14 152
238 69
72 188
225 167
# Remaining lines are the edges.
# The first value is the source node index.
# The second value is the target node index.
0 1
0 2
0 3
1 26
1 28
2 27
2 31
3 29
3 30
4 11
4 14
4 15
5 9
5 10
5 13
6 7
6 8
6 17
7 11
7 19
8 10
8 18
9 12
9 25
10 19
11 18
12 16
12 17
13 21
13 23
14 22
14 24
15 16
15 20
16 26
17 27
18 29
19 29
20 25
20 31
21 22
21 27
22 28
23 24
23 28
24 30
25 26
30 31
