# First value is number of nodes (N)
38 
# Next N numbers describe the node locations
183 241
244 206
116 224
279 280
149 206
13 190
33 118
113 78
209 121
203 113
59 153
81 123
21 18
124 111
76 52
246 34
144 62
98 46
195 10
179 71
226 78
133 281
220 194
244 42
198 135
251 126
20 174
12 167
106 278
135 257
39 135
63 182
131 203
107 239
282 156
263 165
138 256
82 251
# Remaining lines are the edges.
# The first value is the source node index.
# The second value is the target node index.
0 1
0 2
0 3
1 34
1 35
2 32
2 37
3 33
3 36
4 7
4 21
4 29
5 10
5 27
5 28
6 12
6 27
6 30
7 8
7 9
8 24
8 25
9 19
9 20
10 11
10 26
11 12
11 13
12 14
13 16
13 22
14 17
14 18
15 18
15 20
15 23
16 17
16 19
17 20
18 19
21 31
21 36
22 25
22 35
23 24
23 34
24 35
25 34
26 30
26 37
27 37
28 29
28 36
29 33
30 32
31 32
31 33
