# First value is number of nodes (N)
32 
# Next N numbers describe the node locations
125 354
118 344
104 322
182 322
145 181
97 203
182 134
48 170
8 129
72 21
45 44
40 27
68 62
83 125
44 97
38 61
12 189
111 256
62 54
112 119
68 110
21 258
131 61
135 162
134 216
72 267
188 203
158 237
123 288
201 264
160 316
58 303
# Remaining lines are the edges.
# The first value is the source node index.
# The second value is the target node index.
0 1
0 2
0 3
1 30
1 31
2 28
2 31
3 29
3 30
4 5
4 6
4 27
5 21
5 24
6 22
6 23
7 14
7 16
7 17
8 13
8 15
8 16
9 10
9 11
9 12
10 14
10 18
11 15
11 18
12 15
12 19
13 19
13 20
14 20
16 21
17 24
17 25
18 22
19 23
20 22
21 31
23 26
24 26
25 28
25 30
26 29
27 28
27 29
