# First value is number of nodes (N)
32 
# Next N numbers describe the node locations
132 273
95 239
96 238
214 272
167 17
66 95
10 45
61 108
55 44
91 85
65 14
112 54
77 16
191 78
155 100
31 99
85 171
66 212
121 113
221 134
11 165
96 141
106 129
192 166
97 273
213 227
209 164
146 199
229 194
154 211
177 170
105 209
# Remaining lines are the edges.
# The first value is the source node index.
# The second value is the target node index.
0 1
0 2
0 3
1 30
1 31
2 26
2 27
3 28
3 29
4 9
4 12
4 13
5 9
5 11
5 15
6 8
6 10
6 15
7 8
7 9
7 16
8 12
10 11
10 12
11 14
13 14
13 19
14 18
15 20
16 17
16 21
17 24
17 31
18 25
18 30
19 23
19 28
20 22
20 31
21 22
21 27
22 29
23 27
23 30
24 26
24 29
25 26
25 28
