# First value is number of nodes (N)
30 
# Next N numbers describe the node locations
171 255
199 213
110 261
153 213
119 11
29 49
104 35
72 26
8 91
180 33
108 88
120 52
43 95
29 240
89 162
27 130
131 82
209 79
154 100
190 70
35 122
81 192
218 93
160 116
177 160
217 141
136 212
140 177
140 215
147 236
# Remaining lines are the edges.
# The first value is the source node index.
# The second value is the target node index.
0 1
0 2
0 3
1 25
1 29
2 26
2 27
3 24
3 28
4 6
4 7
4 11
5 7
5 8
5 12
6 9
6 16
7 10
8 13
8 15
9 17
9 19
10 13
10 23
11 12
11 19
12 20
13 21
14 15
14 16
14 21
15 20
16 18
17 18
17 22
18 24
19 25
20 27
21 26
22 23
22 25
23 24
26 29
27 28
28 29
