# First value is number of nodes (N)
58 
# Next N numbers describe the node locations
135 129
109 224
76 159
217 32
123 266
268 110
35 107
70 274
257 161
60 53
11 184
93 80
215 160
251 235
151 221
78 123
29 258
163 8
132 33
272 161
53 155
25 216
74 210
267 91
245 57
65 211
62 224
43 231
229 129
110 225
156 72
88 24
111 51
200 87
47 190
136 145
202 184
122 164
108 102
26 97
8 191
208 164
52 159
124 169
179 152
195 242
104 143
159 130
72 49
201 22
43 260
228 27
120 156
17 128
205 83
176 183
63 90
123 245
# Remaining lines are the edges.
# The first value is the source node index.
# The second value is the target node index.
0 1
0 2
0 3
1 52
1 55
2 53
2 57
3 54
3 56
4 25
4 35
4 36
5 23
5 30
5 36
6 21
6 34
6 39
7 26
7 32
7 38
8 24
8 33
8 37
9 15
9 28
9 39
10 15
10 20
10 27
11 15
11 31
11 35
12 14
12 37
12 38
13 14
13 19
13 29
14 22
16 29
16 34
16 50
17 31
17 33
17 51
18 30
18 32
18 49
19 23
19 41
20 22
20 46
21 25
21 40
22 40
23 51
24 28
24 49
25 42
26 27
26 42
27 50
28 41
29 45
30 46
31 48
32 48
33 47
34 47
35 45
36 43
37 43
38 44
39 44
40 53
41 55
42 55
43 57
44 56
45 54
46 52
47 52
48 53
49 54
50 57
51 56
