# First value is number of nodes (N)
34 
# Next N numbers describe the node locations
174 261
236 186
90 219
140 275
165 69
125 26
148 32
126 63
13 31
154 12
146 44
92 27
79 104
205 15
12 173
21 157
94 122
205 141
169 173
83 213
34 217
276 178
226 141
266 161
277 169
248 142
162 72
42 240
66 261
55 280
71 237
252 160
209 204
224 262
# Remaining lines are the edges.
# The first value is the source node index.
# The second value is the target node index.
0 1
0 2
0 3
1 31
1 33
2 28
2 32
3 29
3 30
4 5
4 6
4 17
5 10
5 11
6 9
6 12
7 11
7 15
7 16
8 12
8 14
8 16
9 11
9 13
10 12
10 13
13 22
14 15
14 20
15 19
16 18
17 18
17 21
18 32
19 27
19 30
20 26
20 29
21 24
21 33
22 23
22 31
23 25
23 33
24 25
24 31
25 32
26 28
26 30
27 28
27 29
