# First value is number of nodes (N)
30 
# Next N numbers describe the node locations
192 291
154 282
156 300
71 264
222 181
186 128
273 156
129 54
160 22
142 8
192 33
271 87
218 80
287 121
309 118
125 112
79 300
69 147
84 190
54 79
92 232
8 250
213 246
96 331
57 223
30 183
147 311
145 343
180 168
247 333
# Remaining lines are the edges.
# The first value is the source node index.
# The second value is the target node index.
0 1
0 2
0 3
1 26
1 28
2 27
2 29
3 24
3 25
4 5
4 6
4 22
5 12
5 15
6 13
6 14
7 8
7 9
7 15
8 9
8 10
9 10
10 12
11 12
11 13
11 14
13 14
15 17
16 20
16 21
16 23
17 18
17 19
18 20
18 24
19 21
19 25
20 25
21 24
22 28
22 29
23 26
23 27
26 29
27 28
