# First value is number of nodes (N)
38 
# Next N numbers describe the node locations
240 178
148 150
235 162
303 221
214 11
38 83
64 97
84 32
73 127
27 46
49 165
9 259
275 39
239 50
149 8
68 53
81 88
8 106
276 70
258 72
164 282
99 247
214 70
219 81
112 196
17 158
305 92
213 22
191 288
165 264
200 202
217 317
166 94
119 129
227 293
207 256
293 155
243 166
# Remaining lines are the edges.
# The first value is the source node index.
# The second value is the target node index.
0 1
0 2
0 3
1 32
1 33
2 35
2 37
3 34
3 36
4 12
4 13
4 14
5 9
5 15
5 16
6 8
6 15
6 17
7 8
7 9
7 14
8 16
9 17
10 11
10 21
10 25
11 20
11 24
12 19
12 26
13 18
13 27
14 22
15 22
16 24
17 25
18 23
18 26
19 23
19 27
20 30
20 31
21 28
21 29
22 32
23 32
24 33
25 33
26 36
27 37
28 31
28 35
29 30
29 34
30 35
31 34
36 37
