# First value is number of nodes (N)
38 
# Next N numbers describe the node locations
176 125
128 155
235 117
227 145
276 64
262 103
197 33
123 110
194 287
185 250
166 117
138 79
236 244
14 116
54 137
144 252
74 265
48 63
169 210
160 267
13 43
65 28
158 223
14 152
98 173
107 223
27 263
286 40
274 92
167 41
274 190
270 61
165 52
238 156
192 209
121 32
54 162
128 211
# Remaining lines are the edges.
# The first value is the source node index.
# The second value is the target node index.
0 1
0 2
0 3
1 36
1 37
2 32
2 35
3 33
3 34
4 5
4 6
4 31
5 28
5 30
6 27
6 29
7 11
7 13
7 17
8 12
8 16
8 19
9 12
9 15
9 18
10 11
10 14
10 20
11 29
12 30
13 20
13 23
14 17
14 26
15 19
15 24
16 18
16 25
17 21
18 22
19 22
20 21
21 35
22 34
23 24
23 36
24 37
25 26
25 37
26 36
27 28
27 33
28 32
29 35
30 34
31 32
31 33
