# First value is number of nodes (N)
30 
# Next N numbers describe the node locations
98 213
99 260
96 115
27 210
192 74
222 112
12 33
46 74
50 60
31 77
82 116
79 24
123 127
137 161
161 25
155 64
159 143
132 129
79 28
17 135
58 171
115 110
207 218
155 67
114 94
11 138
142 236
60 245
46 217
132 219
# Remaining lines are the edges.
# The first value is the source node index.
# The second value is the target node index.
0 1
0 2
0 3
1 26
1 27
2 24
2 29
3 25
3 28
4 5
4 14
4 15
5 16
5 17
6 7
6 8
6 19
7 9
7 18
8 11
8 21
9 10
9 20
10 15
10 19
11 14
11 18
12 13
12 17
12 21
13 16
13 20
14 23
15 22
16 23
17 22
18 24
19 25
20 27
21 25
22 26
23 24
26 29
27 28
28 29
