# First value is number of nodes (N)
34 
# Next N numbers describe the node locations
146 258
116 198
210 209
106 234
246 132
253 66
256 68
91 13
84 39
90 38
64 224
54 94
19 66
22 19
89 71
42 63
346 62
349 63
320 66
377 60
347 49
350 25
354 67
348 93
280 55
157 21
63 149
259 152
101 155
321 161
159 160
246 269
125 273
170 263
# Remaining lines are the edges.
# The first value is the source node index.
# The second value is the target node index.
0 1
0 2
0 3
1 30
1 33
2 29
2 31
3 28
3 32
4 5
4 6
4 27
5 24
5 25
6 22
6 23
7 8
7 9
7 25
8 12
8 15
9 13
9 14
10 12
10 14
10 26
11 13
11 15
11 26
12 13
14 15
16 18
16 20
16 24
17 19
17 21
17 24
18 19
18 22
19 23
20 21
20 23
21 22
25 30
26 28
27 28
27 29
29 33
30 31
31 32
32 33
