# First value is number of nodes (N)
38 
# Next N numbers describe the node locations
154 268
159 225
215 262
70 262
237 16
306 27
112 58
143 9
83 27
201 8
205 110
218 106
151 89
164 51
279 70
319 54
253 59
265 76
52 85
81 68
84 148
178 176
308 114
231 87
102 85
59 126
43 125
52 136
312 216
135 146
98 172
39 150
73 262
202 177
51 235
142 195
105 255
92 257
# Remaining lines are the edges.
# The first value is the source node index.
# The second value is the target node index.
0 1
0 2
0 3
1 33
1 37
2 35
2 36
3 32
3 34
4 9
4 14
4 17
5 9
5 15
5 16
6 8
6 12
6 13
7 8
7 9
7 19
8 18
10 12
10 16
10 20
11 13
11 17
11 21
12 21
13 20
14 15
14 23
15 22
16 23
17 22
18 26
18 27
19 24
19 25
20 29
21 29
22 28
23 28
24 27
24 31
25 26
25 30
26 31
27 30
28 33
29 32
30 35
31 34
32 36
33 35
34 37
36 37
