# First value is number of nodes (N)
30 
# Next N numbers describe the node locations
99 225
70 190
125 206
122 155
248 37
163 71
193 25
129 8
59 34
233 91
212 97
80 70
180 59
111 31
249 126
132 79
62 71
211 129
187 176
55 225
104 186
231 203
108 87
201 111
201 179
31 136
141 151
80 134
198 203
99 174
# Remaining lines are the edges.
# The first value is the source node index.
# The second value is the target node index.
0 1
0 2
0 3
1 27
1 29
2 26
2 28
3 24
3 25
4 6
4 10
4 14
5 7
5 11
5 15
6 7
6 12
7 13
8 11
8 13
8 16
9 10
9 12
9 17
10 18
11 19
12 23
13 22
14 17
14 21
15 16
15 20
16 25
17 24
18 21
18 24
19 20
19 25
20 29
21 28
22 23
22 27
23 26
26 27
28 29
