# First value is number of nodes (N)
32 
# Next N numbers describe the node locations
198 142
170 117
263 191
213 123
248 107
160 12
91 10
13 81
33 145
60 77
100 163
200 172
41 93
118 106
75 142
280 50
144 69
65 46
241 21
154 70
136 128
47 187
237 17
266 82
280 118
74 74
187 30
246 76
131 186
176 91
256 174
179 115
# Remaining lines are the edges.
# The first value is the source node index.
# The second value is the target node index.
0 1
0 2
0 3
1 26
1 31
2 28
2 30
3 27
3 29
4 11
4 23
4 24
5 6
5 16
5 22
6 17
6 25
7 8
7 9
7 17
8 14
8 21
9 12
9 13
10 11
10 12
10 14
11 20
12 21
13 14
13 25
15 18
15 22
15 24
16 19
16 20
17 19
18 23
18 26
19 26
20 28
21 28
22 27
23 27
24 30
25 29
29 31
30 31
