# First value is number of nodes (N)
34 
# Next N numbers describe the node locations
182 360
150 340
189 349
129 328
175 44
212 49
84 14
62 23
76 63
43 62
8 40
13 102
9 97
115 177
218 84
129 74
252 128
190 138
120 182
202 145
85 155
39 154
181 168
237 178
79 202
128 196
51 349
178 231
129 301
249 242
225 349
172 374
195 338
143 303
# Remaining lines are the edges.
# The first value is the source node index.
# The second value is the target node index.
0 1
0 2
0 3
1 32
1 33
2 29
2 30
3 28
3 31
4 5
4 14
4 15
5 6
5 7
6 8
6 10
7 9
7 11
8 11
8 13
9 10
9 13
10 12
11 12
12 21
13 20
14 16
14 18
15 17
15 19
16 19
16 23
17 18
17 23
18 22
19 22
20 21
20 25
21 24
22 26
23 27
24 25
24 26
25 27
26 28
27 29
28 33
29 32
30 31
30 33
31 32
