# First value is number of nodes (N)
38 
# Next N numbers describe the node locations
207 241
265 181
191 272
171 238
152 129
194 29
109 147
48 29
69 62
18 26
36 45
134 111
104 19
30 53
29 128
17 277
156 184
80 213
65 144
172 8
151 30
236 94
266 42
246 40
241 10
189 45
272 50
257 69
194 69
147 181
66 214
201 75
251 107
285 118
161 288
198 246
103 222
122 259
# Remaining lines are the edges.
# The first value is the source node index.
# The second value is the target node index.
0 1
0 2
0 3
1 32
1 33
2 35
2 37
3 34
3 36
4 5
4 6
4 28
5 19
5 20
6 17
6 18
7 10
7 12
7 13
8 9
8 12
8 14
9 11
9 13
10 11
10 14
11 20
12 19
13 15
14 16
15 18
15 30
16 18
16 29
17 29
17 30
19 24
20 25
21 22
21 23
21 28
22 24
22 27
23 25
23 26
24 26
25 27
26 33
27 33
28 32
29 37
30 36
31 32
31 34
31 35
34 37
35 36
