# First value is number of nodes (N)
34 
# Next N numbers describe the node locations
317 18
309 77
361 69
298 115
521 137
28 18
45 33
92 12
532 133
547 72
20 40
49 76
108 96
200 33
35 75
37 105
400 82
505 61
533 112
568 97
110 74
535 53
478 88
237 140
114 96
467 32
341 97
309 54
198 105
421 75
348 60
366 137
306 122
352 80
# Remaining lines are the edges.
# The first value is the source node index.
# The second value is the target node index.
0 1
0 2
0 3
1 30
1 31
2 29
2 33
3 28
3 32
4 8
4 9
4 26
5 7
5 10
5 14
6 7
6 11
6 15
7 12
8 16
8 18
9 17
9 19
10 13
10 15
11 13
11 14
12 20
12 27
13 20
14 23
15 23
16 17
16 21
17 22
18 19
18 22
19 21
20 24
21 25
22 25
23 24
24 28
25 29
26 29
26 31
27 28
27 30
30 33
31 32
32 33
