# First value is number of nodes (N)
28 
# Next N numbers describe the node locations
298 362
267 335
232 348
338 328
163 160
226 203
172 103
189 21
208 152
82 117
25 89
68 192
13 147
147 8
164 34
186 87
16 287
331 42
150 27
206 212
259 219
247 267
311 243
287 273
334 304
262 317
249 290
219 322
# Remaining lines are the edges.
# The first value is the source node index.
# The second value is the target node index.
0 1
0 2
0 3
1 26
1 27
2 26
2 27
3 24
3 25
4 5
4 6
4 19
5 15
5 18
6 16
6 17
7 13
7 14
7 15
8 13
8 14
8 15
9 11
9 12
9 18
10 11
10 12
10 18
11 16
12 16
13 17
14 17
19 20
19 21
20 22
20 26
21 23
21 27
22 24
22 25
23 24
23 25
