# First value is number of nodes (N)
30 
# Next N numbers describe the node locations
206 368
227 332
267 383
149 340
310 201
270 172
291 149
177 116
123 102
99 152
49 95
8 27
35 65
43 109
71 196
120 115
62 101
114 102
238 133
221 327
328 261
284 270
335 323
95 258
101 313
127 295
267 309
243 287
326 381
304 357
# Remaining lines are the edges.
# The first value is the source node index.
# The second value is the target node index.
0 1
0 2
0 3
1 26
1 27
2 28
2 29
3 24
3 25
4 5
4 6
4 20
5 6
5 18
6 18
7 8
7 9
7 18
8 15
8 16
9 14
9 17
10 11
10 12
10 13
11 12
11 13
12 16
13 17
14 16
14 19
15 17
15 19
19 23
20 21
20 22
21 26
21 27
22 28
22 29
23 24
23 25
24 25
26 27
28 29
