# First value is number of nodes (N)
38 
# Next N numbers describe the node locations
32 274
143 203
45 212
144 330
197 49
114 45
76 8
145 63
198 101
104 56
22 35
104 98
64 51
158 104
231 163
47 95
99 120
22 84
122 123
113 130
8 91
243 221
8 139
111 179
170 210
61 120
199 259
164 301
211 291
210 176
108 242
133 292
100 295
157 283
154 244
186 179
208 296
14 175
# Remaining lines are the edges.
# The first value is the source node index.
# The second value is the target node index.
0 1
0 2
0 3
1 34
1 35
2 32
2 37
3 33
3 36
4 5
4 8
4 13
5 6
5 11
6 9
6 10
7 8
7 9
7 12
8 14
9 16
10 17
10 20
11 15
11 19
12 15
12 17
13 16
13 18
14 21
14 29
15 22
16 25
17 25
18 19
18 24
19 23
20 22
20 23
21 24
21 28
22 37
23 34
24 33
25 37
26 29
26 30
26 36
27 28
27 31
27 35
28 36
29 35
30 32
30 34
31 32
31 33
