# First value is number of nodes (N)
30 
# Next N numbers describe the node locations
265 307
329 309
252 358
180 184
295 280
40 38
8 56
54 8
13 17
77 51
63 56
23 76
19 111
87 97
115 67
139 34
108 153
317 144
225 192
160 174
195 14
65 158
348 273
293 342
167 121
18 333
381 283
338 274
296 386
263 359
# Remaining lines are the edges.
# The first value is the source node index.
# The second value is the target node index.
0 1
0 2
0 3
1 26
1 27
2 28
2 29
3 24
3 25
4 17
4 22
4 23
5 6
5 9
5 11
6 10
6 12
7 8
7 9
7 12
8 10
8 11
9 14
10 14
11 13
12 13
13 16
14 15
15 16
15 20
16 21
17 18
17 19
18 20
18 25
19 21
19 24
20 24
21 25
22 26
22 27
23 28
23 29
26 27
28 29
