# First value is number of nodes (N)
34 
# Next N numbers describe the node locations
195 307
137 327
163 262
244 322
219 143
277 140
254 140
55 63
105 33
166 28
168 69
238 21
166 94
304 201
258 62
131 89
216 36
90 97
8 172
43 209
56 176
246 147
103 181
15 206
135 238
105 112
296 230
304 273
128 217
88 242
288 292
311 318
254 275
295 281
# Remaining lines are the edges.
# The first value is the source node index.
# The second value is the target node index.
0 1
0 2
0 3
1 28
1 29
2 30
2 33
3 31
3 32
4 5
4 6
4 21
5 13
5 14
6 15
6 16
7 17
7 18
7 19
8 9
8 10
8 17
9 11
9 15
10 12
10 16
11 14
11 16
12 14
12 15
13 26
13 27
17 25
18 20
18 23
19 20
19 23
20 22
21 22
21 24
22 28
23 29
24 25
24 29
25 28
26 30
26 32
27 31
27 33
30 31
32 33
