# First value is number of nodes (N)
30 
# Next N numbers describe the node locations
114 275
60 251
67 287
178 281
20 140
134 270
8 80
196 31
226 68
248 44
289 153
305 210
264 194
292 265
265 245
173 132
205 157
268 94
136 16
113 30
79 22
47 57
27 36
91 46
119 122
25 251
238 279
221 257
31 201
69 258
# Remaining lines are the edges.
# The first value is the source node index.
# The second value is the target node index.
0 1
0 2
0 3
1 28
1 29
2 25
2 29
3 26
3 27
4 5
4 6
4 28
5 21
5 24
6 22
6 23
7 8
7 9
7 18
8 9
8 17
9 17
10 11
10 12
10 17
11 13
11 15
12 14
12 16
13 14
13 26
14 27
15 16
15 27
16 26
18 19
18 20
19 21
19 23
20 22
20 24
21 22
23 24
25 28
25 29
