# First value is number of nodes (N)
32 
# Next N numbers describe the node locations
143 196
84 211
119 185
199 165
296 67
285 17
308 30
339 81
302 91
246 102
280 37
43 53
218 10
72 85
161 30
8 97
43 101
309 121
212 65
101 41
125 152
13 155
178 80
237 109
134 84
31 155
22 210
46 197
114 48
191 110
256 150
140 164
# Remaining lines are the edges.
# The first value is the source node index.
# The second value is the target node index.
0 1
0 2
0 3
1 26
1 27
2 28
2 31
3 29
3 30
4 8
4 9
4 10
5 6
5 8
5 12
6 7
6 10
7 9
7 17
8 17
9 23
10 18
11 13
11 15
11 19
12 14
12 18
13 16
13 24
14 19
14 22
15 16
15 21
16 27
17 30
18 29
19 28
20 21
20 25
20 31
21 26
22 23
22 31
23 30
24 28
24 29
25 26
25 27
