# First value is number of nodes (N)
30 
# Next N numbers describe the node locations
121 189
85 100
143 163
113 146
252 78
133 11
68 12
19 139
236 24
52 64
162 56
127 47
76 87
119 42
88 60
52 105
148 119
47 108
237 80
223 75
168 98
163 69
22 183
242 144
205 137
221 171
97 154
148 145
150 76
107 116
# Remaining lines are the edges.
# The first value is the source node index.
# The second value is the target node index.
0 1
0 2
0 3
1 28
1 29
2 25
2 27
3 24
3 26
4 8
4 10
4 23
5 6
5 8
5 13
6 11
6 12
7 9
7 15
7 22
8 19
9 14
9 17
10 18
10 20
11 16
11 21
12 15
12 17
13 14
13 16
14 29
15 28
16 27
17 26
18 19
18 25
19 24
20 21
20 29
21 28
22 26
22 27
23 24
23 25
