# First value is number of nodes (N)
32 
# Next N numbers describe the node locations
84 305
63 250
49 258
97 293
8 175
30 186
9 109
122 146
228 17
243 160
205 90
237 97
238 121
156 94
157 186
151 113
201 145
136 151
142 63
133 25
97 15
75 8
99 57
59 46
100 120
13 104
26 47
217 264
113 179
100 239
63 222
24 236
# Remaining lines are the edges.
# The first value is the source node index.
# The second value is the target node index.
0 1
0 2
0 3
1 27
1 31
2 30
2 31
3 28
3 29
4 5
4 6
4 31
5 29
5 30
6 25
6 26
7 15
7 28
7 30
8 10
8 13
8 16
9 11
9 14
9 16
10 11
10 19
11 12
12 13
12 15
13 14
14 27
15 18
16 17
17 24
17 28
18 20
18 22
19 21
19 22
20 21
20 23
21 26
22 25
23 24
23 26
24 25
27 29
