# First value is number of nodes (N)
32 
# Next N numbers describe the node locations
76 321
29 293
134 320
104 270
82 257
109 244
63 156
184 206
200 135
185 84
165 113
146 197
72 102
51 79
75 51
130 74
86 74
55 15
104 14
114 57
187 61
179 90
143 87
22 70
154 136
11 174
95 132
128 216
12 236
82 259
199 285
73 287
# Remaining lines are the edges.
# The first value is the source node index.
# The second value is the target node index.
0 1
0 2
0 3
1 28
1 31
2 30
2 31
3 27
3 29
4 5
4 6
4 31
5 29
5 30
6 25
6 26
7 8
7 27
7 30
8 9
8 10
9 20
9 24
10 19
10 21
11 12
11 24
11 27
12 13
12 14
13 17
13 23
14 16
14 18
15 16
15 17
15 19
16 23
17 18
18 20
19 22
20 21
21 22
22 26
23 25
24 26
25 28
28 29
