# First value is number of nodes (N)
30 
# Next N numbers describe the node locations
108 206
134 202
164 222
58 232
223 64
198 54
181 32
73 135
70 56
113 100
97 16
99 86
142 57
73 49
38 73
43 23
180 89
105 8
155 53
139 124
8 123
32 136
169 182
226 129
208 172
174 120
75 176
32 169
61 138
103 223
# Remaining lines are the edges.
# The first value is the source node index.
# The second value is the target node index.
0 1
0 2
0 3
1 25
1 28
2 24
2 29
3 26
3 27
4 5
4 6
4 23
5 18
5 22
6 16
6 17
7 9
7 12
7 21
8 15
8 20
8 21
9 18
9 19
10 14
10 15
10 18
11 12
11 13
11 19
12 16
13 14
13 17
14 20
15 17
16 22
19 25
20 27
21 26
22 24
23 24
23 25
26 29
27 28
28 29
