# First value is number of nodes (N)
34 
# Next N numbers describe the node locations
134 176
146 105
239 235
171 106
280 159
203 132
212 114
145 240
96 32
95 22
90 26
67 35
34 75
102 22
278 248
246 21
95 194
135 238
38 207
281 92
309 110
253 33
288 88
194 251
82 170
247 105
277 110
65 203
60 190
266 197
120 96
216 96
79 227
208 138
# Remaining lines are the edges.
# The first value is the source node index.
# The second value is the target node index.
0 1
0 2
0 3
1 32
1 33
2 29
2 33
3 30
3 31
4 5
4 29
4 33
5 6
5 7
6 25
6 26
7 27
7 28
8 10
8 13
8 30
9 11
9 13
9 31
10 12
10 31
11 12
11 30
12 16
13 15
14 19
14 20
14 29
15 21
15 22
16 23
16 24
17 23
17 27
17 32
18 24
18 28
18 32
19 21
19 25
20 22
20 26
21 26
22 25
23 28
24 27
