# First value is number of nodes (N)
36 
# Next N numbers describe the node locations
183 287
112 272
224 242
189 248
130 120
183 73
221 52
150 40
200 90
174 41
173 19
161 132
269 99
68 159
137 24
78 121
39 133
33 132
74 186
31 226
57 150
15 167
16 248
47 184
290 144
277 168
259 105
247 156
179 200
60 222
59 267
229 209
285 213
159 215
192 209
108 202
# Remaining lines are the edges.
# The first value is the source node index.
# The second value is the target node index.
0 1
0 2
0 3
1 30
1 35
2 32
2 34
3 31
3 33
4 5
4 11
4 28
5 7
5 8
6 9
6 10
6 12
7 10
7 13
8 9
8 14
9 13
10 14
11 25
11 27
12 24
12 26
13 16
14 17
15 16
15 17
15 28
16 21
17 20
18 21
18 23
18 29
19 20
19 22
19 29
20 23
21 22
22 30
23 30
24 27
24 32
25 26
25 32
26 31
27 31
28 34
29 33
33 35
34 35
