# First value is number of nodes (N)
38 
# Next N numbers describe the node locations
148 332
139 295
214 318
60 302
234 92
151 74
166 61
180 84
218 30
56 116
37 73
26 105
61 87
127 22
178 43
192 45
180 8
249 226
261 205
161 212
129 224
46 163
89 119
17 129
268 149
217 309
202 105
263 240
279 225
9 207
126 226
67 182
265 276
47 251
209 236
146 246
119 322
174 308
# Remaining lines are the edges.
# The first value is the source node index.
# The second value is the target node index.
0 1
0 2
0 3
1 34
1 35
2 32
2 37
3 33
3 36
4 7
4 8
4 24
5 13
5 16
5 19
6 14
6 15
6 19
7 12
7 15
8 14
8 16
9 12
9 21
9 23
10 11
10 13
10 23
11 21
11 22
12 22
13 14
15 16
17 20
17 25
17 28
18 20
18 24
18 27
19 26
20 30
21 31
22 29
23 29
24 28
25 26
25 27
26 34
27 32
28 32
29 33
30 31
30 35
31 33
34 37
35 36
36 37
