# First value is number of nodes (N)
38 
# Next N numbers describe the node locations
149 264
139 192
105 263
199 212
220 74
251 34
189 123
179 26
292 59
264 35
106 81
237 8
284 67
291 99
115 19
33 78
93 50
172 21
227 102
300 169
18 107
42 176
250 246
69 16
260 204
54 163
8 174
22 170
113 172
226 158
219 273
214 237
181 271
224 247
149 206
198 190
123 203
20 271
# Remaining lines are the edges.
# The first value is the source node index.
# The second value is the target node index.
0 1
0 2
0 3
1 35
1 36
2 32
2 37
3 33
3 34
4 5
4 6
4 7
5 9
5 13
6 8
6 12
7 10
7 14
8 11
8 13
9 11
9 12
10 16
10 21
11 17
12 18
13 19
14 15
14 17
15 16
15 20
16 23
17 23
18 19
18 29
19 22
20 26
20 28
21 25
21 27
22 30
22 33
23 35
24 29
24 31
24 34
25 28
25 37
26 27
26 37
27 36
28 36
29 35
30 32
30 34
31 32
31 33
