# First value is number of nodes (N)
34 
# Next N numbers describe the node locations
256 37
234 100
212 187
357 108
357 174
387 167
383 208
25 128
28 9
59 207
12 184
32 59
68 48
21 116
83 62
78 115
17 156
122 144
97 34
71 198
70 167
143 31
140 174
440 207
363 132
408 145
413 174
183 130
418 43
394 139
227 121
131 151
197 156
199 65
# Remaining lines are the edges.
# The first value is the source node index.
# The second value is the target node index.
0 1
0 2
0 3
1 31
1 33
2 30
2 32
3 28
3 29
4 5
4 6
4 27
5 23
5 25
6 24
6 26
7 13
7 14
7 15
8 11
8 12
8 16
9 10
9 15
9 20
10 16
10 19
11 13
11 17
12 14
12 18
13 18
14 17
15 19
16 20
17 21
18 21
19 22
20 22
21 33
22 32
23 24
23 28
24 29
25 26
25 29
26 28
27 30
27 31
30 33
31 32
