# First value is number of nodes (N)
34 
# Next N numbers describe the node locations
87 372
106 352
135 394
166 350
252 8
250 27
188 95
220 61
251 71
243 70
194 26
151 102
173 77
261 118
87 18
209 185
210 215
173 208
86 443
152 253
113 70
261 258
262 302
64 392
36 235
18 293
33 443
146 435
12 395
22 391
137 386
191 383
194 319
106 287
# Remaining lines are the edges.
# The first value is the source node index.
# The second value is the target node index.
0 1
0 2
0 3
1 28
1 29
2 31
2 33
3 30
3 32
4 5
4 8
4 10
5 9
5 11
6 7
6 8
6 11
7 9
7 10
8 13
9 13
10 12
11 12
12 14
13 15
14 16
14 20
15 17
15 21
16 19
16 21
17 19
17 20
18 23
18 26
18 27
19 24
20 22
21 22
22 32
23 25
23 29
24 25
24 33
25 28
26 28
26 29
27 30
27 31
30 33
31 32
