# First value is number of nodes (N)
38 
# Next N numbers describe the node locations
142 247
184 280
180 234
118 203
234 137
201 63
229 70
24 161
131 118
20 236
61 211
139 296
29 273
167 18
36 84
68 64
15 45
102 77
80 58
172 11
184 46
165 98
81 19
192 16
219 8
106 309
76 291
37 261
123 187
50 101
70 85
240 187
82 272
81 109
227 253
219 196
160 196
172 298
# Remaining lines are the edges.
# The first value is the source node index.
# The second value is the target node index.
0 1
0 2
0 3
1 35
1 37
2 34
2 36
3 32
3 33
4 5
4 6
4 31
5 22
5 23
6 21
6 24
7 8
7 9
7 14
8 13
8 28
9 11
9 12
10 12
10 27
10 28
11 25
11 27
12 26
13 19
13 20
14 15
14 16
15 17
15 30
16 18
16 29
17 21
17 29
18 22
18 30
19 22
19 24
20 21
20 23
23 24
25 26
25 37
26 32
27 32
28 36
29 33
30 33
31 34
31 35
34 37
35 36
