# First value is number of nodes (N)
34 
# Next N numbers describe the node locations
156 292
133 251
205 281
52 197
138 70
266 129
277 178
314 185
92 39
82 8
103 112
66 25
91 43
37 65
38 63
337 125
330 146
145 57
32 68
56 90
261 67
244 220
341 185
112 134
77 192
50 147
256 15
312 237
75 196
263 274
210 116
205 205
143 249
184 274
# Remaining lines are the edges.
# The first value is the source node index.
# The second value is the target node index.
0 1
0 2
0 3
1 30
1 33
2 29
2 31
3 28
3 32
4 5
4 17
4 23
5 6
5 7
6 15
6 21
7 16
7 22
8 9
8 10
8 17
9 11
9 13
10 12
10 14
11 12
11 18
12 19
13 14
13 19
14 18
15 20
15 22
16 20
16 21
17 26
18 25
19 24
20 26
21 27
22 27
23 24
23 25
24 28
25 28
26 30
27 29
29 33
30 31
31 32
32 33
