# First value is number of nodes (N)
32 
# Next N numbers describe the node locations
32 162
78 175
22 105
38 215
291 78
323 65
186 43
266 41
153 111
83 55
350 125
358 111
286 129
313 95
195 44
150 100
352 104
330 165
132 91
239 154
242 240
247 159
203 133
226 237
204 194
152 252
244 162
121 201
115 252
137 228
60 79
67 98
# Remaining lines are the edges.
# The first value is the source node index.
# The second value is the target node index.
0 1
0 2
0 3
1 30
1 31
2 30
2 31
3 28
3 29
4 7
4 10
4 12
5 7
5 11
5 13
6 7
6 14
6 15
8 14
8 18
8 30
9 15
9 19
9 31
10 11
10 16
11 17
12 13
12 17
13 16
14 19
15 18
16 20
17 20
18 21
19 21
20 23
21 22
22 26
22 27
23 24
23 25
24 26
24 28
25 27
25 29
26 29
27 28
