# First value is number of nodes (N)
32 
# Next N numbers describe the node locations
260 296
237 257
314 268
193 268
288 208
243 191
195 125
248 111
151 88
27 61
65 132
90 154
8 111
48 246
140 235
84 47
41 34
33 160
253 248
83 183
83 8
155 131
152 51
196 83
290 150
185 41
117 135
322 208
186 209
155 237
207 226
284 251
# Remaining lines are the edges.
# The first value is the source node index.
# The second value is the target node index.
0 1
0 2
0 3
1 30
1 31
2 27
2 31
3 28
3 29
4 5
4 27
4 31
5 6
5 28
6 7
6 8
7 23
7 24
8 25
8 26
9 12
9 15
9 16
10 11
10 12
10 16
11 13
11 17
12 17
13 21
13 29
14 19
14 29
14 30
15 20
15 22
16 20
17 19
18 24
18 28
18 30
19 26
20 25
21 23
21 26
22 23
22 25
24 27
