# First value is number of nodes (N)
34 
# Next N numbers describe the node locations
149 142
179 152
84 171
144 88
319 37
236 135
319 146
339 173
323 210
334 259
283 270
205 20
160 251
157 233
25 100
63 47
240 191
220 260
328 143
262 177
147 182
154 33
36 216
79 61
8 160
34 143
92 59
103 18
257 258
295 143
43 181
54 148
131 146
164 45
# Remaining lines are the edges.
# The first value is the source node index.
# The second value is the target node index.
0 1
0 2
0 3
1 28
1 29
2 30
2 31
3 32
3 33
4 5
4 6
4 7
5 11
5 16
6 8
6 18
7 9
7 19
8 10
8 19
9 10
9 18
10 17
11 20
11 21
12 13
12 16
12 17
13 22
13 23
14 15
14 24
14 25
15 26
15 27
16 28
17 28
18 29
19 29
20 26
20 32
21 27
21 33
22 24
22 30
23 25
23 31
24 31
25 30
26 33
27 32
