# First value is number of nodes (N)
38 
# Next N numbers describe the node locations
203 245
64 311
167 206
225 271
113 75
191 8
42 17
172 22
237 166
192 124
147 18
69 18
45 132
80 99
121 241
109 159
42 191
49 205
72 92
99 9
139 100
34 100
128 201
146 303
72 103
32 199
108 236
139 60
242 243
183 223
169 318
168 299
173 329
203 266
234 306
214 195
137 108
55 257
# Remaining lines are the edges.
# The first value is the source node index.
# The second value is the target node index.
0 1
0 2
0 3
1 32
1 37
2 35
2 36
3 33
3 34
4 5
4 11
4 15
5 9
5 10
6 11
6 12
6 19
7 10
7 13
7 18
8 9
8 22
8 28
9 20
10 19
11 18
12 16
12 21
13 20
13 21
14 17
14 23
14 29
15 16
15 17
16 24
17 25
18 24
19 27
20 27
21 25
22 26
22 31
23 26
23 30
24 36
25 37
26 37
27 36
28 34
28 35
29 33
29 35
30 32
30 34
31 32
31 33
