# First value is number of nodes (N)
34 
# Next N numbers describe the node locations
144 237
166 200
119 253
229 239
239 47
192 31
45 23
84 82
52 116
54 120
63 20
23 72
239 143
194 15
300 69
99 8
120 55
124 47
22 136
131 163
283 116
179 181
316 127
321 127
87 64
301 164
228 160
44 191
261 247
97 203
119 131
151 191
203 223
149 172
# Remaining lines are the edges.
# The first value is the source node index.
# The second value is the target node index.
0 1
0 2
0 3
1 30
1 33
2 29
2 31
3 28
3 32
4 5
4 13
4 14
5 7
5 12
6 10
6 11
6 15
7 8
7 9
8 10
8 18
9 11
9 19
10 19
11 18
12 20
12 21
13 16
13 17
14 22
14 23
15 16
15 17
16 24
17 24
18 27
19 27
20 22
20 25
21 23
21 26
22 26
23 25
24 30
25 28
26 28
27 29
29 33
30 31
31 32
32 33
