# First value is number of nodes (N)
38 
# Next N numbers describe the node locations
179 202
222 225
214 328
162 218
121 81
211 66
105 109
34 194
30 254
56 290
15 134
18 254
90 138
52 299
145 38
140 108
20 77
45 121
138 130
50 144
118 8
74 45
176 39
179 55
76 76
111 143
19 308
128 134
46 287
124 221
175 111
138 260
161 246
133 230
195 310
204 152
190 241
231 230
# Remaining lines are the edges.
# The first value is the source node index.
# The second value is the target node index.
0 1
0 2
0 3
1 32
1 37
2 34
2 36
3 33
3 35
4 21
4 24
4 30
5 22
5 23
5 30
6 14
6 15
6 25
7 10
7 11
7 25
8 9
8 11
8 29
9 13
9 31
10 16
10 17
11 28
12 17
12 18
12 27
13 26
13 28
14 20
14 23
15 18
15 22
16 19
16 21
17 24
18 23
19 24
19 27
20 21
20 22
25 32
26 29
26 34
27 34
28 33
29 33
30 35
31 32
31 36
35 37
36 37
