# First value is number of nodes (N)
34 
# Next N numbers describe the node locations
28 201
9 231
47 222
44 146
170 152
195 202
231 237
177 15
224 143
101 187
65 79
86 25
48 118
82 34
114 97
153 9
148 146
236 186
237 203
242 174
198 158
57 200
85 227
180 270
81 85
76 29
118 139
14 238
97 158
37 70
101 168
56 291
151 273
56 288
# Remaining lines are the edges.
# The first value is the source node index.
# The second value is the target node index.
0 1
0 2
0 3
1 31
1 33
2 30
2 32
3 28
3 29
4 7
4 8
4 26
5 18
5 20
5 23
6 17
6 19
6 23
7 15
7 20
8 16
8 19
9 17
9 18
9 22
10 13
10 14
10 24
11 14
11 15
11 25
12 13
12 16
12 25
13 15
14 16
17 20
18 19
21 24
21 27
21 28
22 26
22 33
23 32
24 29
25 29
26 28
27 30
27 31
30 33
31 32
