# First value is number of nodes (N)
38 
# Next N numbers describe the node locations
169 154
300 157
188 162
209 94
285 50
239 70
194 274
145 250
125 286
81 119
93 13
33 103
55 122
153 146
34 157
34 164
60 124
83 162
35 199
105 211
129 285
160 218
88 294
279 186
236 126
200 15
258 249
69 251
110 271
181 10
146 67
285 188
189 155
98 258
167 36
217 66
245 304
305 185
# Remaining lines are the edges.
# The first value is the source node index.
# The second value is the target node index.
0 1
0 2
0 3
1 32
1 37
2 33
2 36
3 34
3 35
4 5
4 23
4 31
5 24
5 25
6 7
6 8
6 26
7 19
7 21
8 20
8 22
9 10
9 11
9 30
10 12
10 29
11 13
11 15
12 14
12 16
13 16
13 18
14 15
14 18
15 17
16 17
17 19
18 20
19 27
20 28
21 22
21 28
22 27
23 26
23 37
24 30
24 35
25 29
25 34
26 32
27 33
28 33
29 35
30 34
31 32
31 36
36 37
