# First value is number of nodes (N)
34 
# Next N numbers describe the node locations
293 117
332 118
284 161
218 82
307 17
466 40
429 36
469 90
41 99
51 102
188 89
29 77
44 60
61 36
52 143
45 113
479 132
460 95
470 110
504 143
409 17
360 30
355 8
127 110
132 73
452 163
398 137
262 115
391 147
336 83
229 113
222 137
174 141
162 16
# Remaining lines are the edges.
# The first value is the source node index.
# The second value is the target node index.
0 1
0 2
0 3
1 28
1 29
2 31
2 32
3 30
3 33
4 21
4 22
4 27
5 6
5 7
5 20
6 16
6 18
7 17
7 19
8 9
8 12
8 14
9 13
9 15
10 11
10 12
10 15
11 13
11 14
12 24
13 24
14 23
15 23
16 17
16 25
17 26
18 19
18 26
19 25
20 21
20 22
21 29
22 29
23 32
24 33
25 28
26 28
27 30
27 31
30 32
31 33
