# First value is number of nodes (N)
36 
# Next N numbers describe the node locations
95 69
140 88
127 74
39 156
239 102
203 146
29 72
50 117
250 149
161 214
228 62
202 158
172 131
81 48
96 155
47 69
231 60
120 10
209 227
168 81
103 10
199 82
185 15
213 146
61 84
182 217
45 225
144 227
146 177
25 49
21 104
86 33
96 152
171 124
148 229
182 49
# Remaining lines are the edges.
# The first value is the source node index.
# The second value is the target node index.
0 1
0 2
0 3
1 33
1 35
2 31
2 32
3 30
3 34
4 8
4 16
4 19
5 8
5 12
5 28
6 7
6 15
6 29
7 13
7 14
8 18
9 11
9 14
9 25
10 11
10 16
10 21
11 27
12 15
12 23
13 17
13 24
14 26
15 24
16 22
17 20
17 22
18 23
18 25
19 20
19 21
20 31
21 35
22 35
23 33
24 30
25 34
26 27
26 32
27 34
28 32
28 33
29 30
29 31
