# First value is number of nodes (N)
32 
# Next N numbers describe the node locations
84 261
159 283
155 104
38 272
173 34
117 86
129 8
82 44
11 39
132 71
65 141
126 59
36 34
207 98
224 155
163 100
32 53
51 153
8 150
181 154
110 279
134 314
174 324
125 353
26 210
218 215
198 272
171 207
17 212
117 247
65 326
93 286
# Remaining lines are the edges.
# The first value is the source node index.
# The second value is the target node index.
0 1
0 2
0 3
1 26
1 29
2 27
2 31
3 28
3 30
4 5
4 6
4 13
5 9
5 10
6 7
6 8
7 10
7 12
8 11
8 12
9 11
9 16
10 17
11 15
12 16
13 14
13 15
14 19
14 25
15 19
16 18
17 18
17 24
18 28
19 27
20 21
20 22
20 29
21 23
21 31
22 23
22 26
23 30
24 28
24 29
25 26
25 27
30 31
