# First value is number of nodes (N)
34 
# Next N numbers describe the node locations
150 420
62 394
145 379
216 387
154 153
216 280
152 212
45 245
56 79
103 36
158 8
149 34
176 52
169 95
212 19
169 25
178 24
218 80
93 137
8 183
99 41
35 148
97 173
49 166
214 143
8 334
38 291
162 293
163 323
152 333
75 315
124 374
157 377
85 385
# Remaining lines are the edges.
# The first value is the source node index.
# The second value is the target node index.
0 1
0 2
0 3
1 30
1 33
2 29
2 31
3 28
3 32
4 5
4 6
4 27
5 24
5 26
6 22
6 23
7 18
7 19
7 25
8 9
8 20
8 21
9 10
9 11
10 12
10 14
11 13
11 15
12 13
12 16
13 17
14 15
14 17
15 16
16 24
17 24
18 20
18 22
19 21
19 23
20 23
21 22
25 26
25 30
26 28
27 28
27 29
29 33
30 31
31 32
32 33
