# First value is number of nodes (N)
32 
# Next N numbers describe the node locations
133 100
149 55
160 153
196 114
332 34
229 79
323 17
264 8
256 55
337 50
249 78
365 90
275 97
342 96
33 26
37 115
14 130
8 77
86 26
51 130
67 76
60 159
285 152
284 111
176 97
199 47
148 15
137 85
218 86
245 154
134 152
89 38
# Remaining lines are the edges.
# The first value is the source node index.
# The second value is the target node index.
0 1
0 2
0 3
1 26
1 27
2 29
2 31
3 28
3 30
4 5
4 6
4 11
5 8
5 10
6 7
6 9
7 8
7 25
8 24
9 10
9 13
10 12
11 12
11 13
12 23
13 22
14 15
14 17
14 18
15 16
15 19
16 17
16 21
17 20
18 20
18 26
19 21
19 27
20 31
21 30
22 23
22 29
23 28
24 27
24 29
25 26
25 28
30 31
