# First value is number of nodes (N)
36 
# Next N numbers describe the node locations
170 271
154 123
106 153
190 240
231 131
230 80
217 191
33 131
13 83
84 293
56 235
51 30
196 55
107 268
139 261
114 44
104 18
123 221
171 32
22 242
29 210
8 148
148 147
130 314
194 279
105 47
95 44
248 109
269 117
184 118
229 250
177 110
134 78
265 312
76 153
26 238
# Remaining lines are the edges.
# The first value is the source node index.
# The second value is the target node index.
0 1
0 2
0 3
1 31
1 32
2 34
2 35
3 30
3 33
4 5
4 6
4 29
5 18
5 28
6 17
6 27
7 8
7 12
7 22
8 11
8 21
9 13
9 19
9 23
10 14
10 20
10 24
11 16
11 26
12 15
12 25
13 17
13 24
14 17
14 23
15 18
15 26
16 18
16 25
19 22
19 35
20 21
20 35
21 34
22 34
23 33
24 33
25 32
26 32
27 28
27 31
28 30
29 30
29 31
