# First value is number of nodes (N)
32 
# Next N numbers describe the node locations
257 189
196 203
309 175
246 151
261 9
198 74
159 55
129 95
95 67
55 216
40 243
61 111
88 152
8 196
51 204
110 173
32 174
155 28
195 20
123 173
85 246
115 147
292 55
223 21
326 98
251 92
187 154
236 115
296 134
141 222
300 93
320 111
# Remaining lines are the edges.
# The first value is the source node index.
# The second value is the target node index.
0 1
0 2
0 3
1 26
1 29
2 28
2 31
3 27
3 30
4 18
4 22
4 23
5 17
5 18
5 23
6 7
6 17
6 18
7 8
7 19
8 11
8 17
9 14
9 16
9 20
10 13
10 15
10 20
11 16
11 21
12 13
12 14
12 21
13 16
14 15
15 19
19 29
20 29
21 26
22 24
22 27
23 30
24 28
24 31
25 26
25 27
25 28
30 31
