# First value is number of nodes (N)
30 
# Next N numbers describe the node locations
108 170
24 188
150 172
82 108
18 189
17 152
8 86
94 83
223 223
255 140
299 117
258 72
286 14
228 84
249 54
220 78
292 64
269 86
240 18
199 37
136 11
50 26
188 18
139 109
15 33
149 135
203 126
138 15
33 54
109 231
# Remaining lines are the edges.
# The first value is the source node index.
# The second value is the target node index.
0 1
0 2
0 3
1 25
1 29
2 26
2 29
3 27
3 28
4 5
4 25
4 29
5 6
5 7
6 24
6 28
7 23
7 27
8 9
8 25
8 26
9 10
9 11
10 16
10 17
11 14
11 15
12 16
12 17
12 19
13 15
13 17
13 26
14 16
14 18
15 19
18 20
18 22
19 22
20 21
20 27
21 24
21 28
22 23
23 24
