# First value is number of nodes (N)
30 
# Next N numbers describe the node locations
42 299
8 270
77 274
39 308
297 78
259 33
323 131
210 8
214 36
323 185
300 169
169 48
270 205
260 105
73 105
183 267
237 262
133 101
236 143
215 118
141 280
145 310
23 123
50 140
128 283
27 178
190 160
155 136
114 209
21 223
# Remaining lines are the edges.
# The first value is the source node index.
# The second value is the target node index.
0 1
0 2
0 3
1 3
1 29
2 3
2 28
4 5
4 6
4 13
5 7
5 8
6 9
6 10
7 8
7 11
8 11
9 10
9 12
10 12
11 17
12 16
13 18
13 19
14 17
14 22
14 23
15 16
15 20
15 21
16 27
17 27
18 19
18 26
19 26
20 21
20 24
21 24
22 23
22 25
23 25
24 29
25 29
26 28
27 28
