# First value is number of nodes (N)
38 
# Next N numbers describe the node locations
126 315
87 328
109 281
166 282
235 229
233 202
8 191
9 126
30 205
137 58
175 90
221 59
143 32
195 33
141 8
175 52
95 29
88 103
37 102
62 129
86 157
39 65
117 115
264 228
225 209
190 171
272 185
192 240
125 153
250 78
252 323
29 256
140 221
183 312
95 250
68 279
11 316
129 339
# Remaining lines are the edges.
# The first value is the source node index.
# The second value is the target node index.
0 1
0 2
0 3
1 35
1 37
2 34
2 36
3 32
3 33
4 24
4 26
4 27
5 23
5 25
5 27
6 7
6 8
6 31
7 19
7 21
8 18
8 20
9 14
9 15
9 22
10 13
10 15
10 28
11 12
11 13
11 29
12 15
12 16
13 14
14 16
16 21
17 18
17 19
17 22
18 21
19 20
20 28
22 25
23 26
23 30
24 25
24 30
26 29
27 36
28 32
29 32
30 33
31 34
31 35
33 37
34 37
35 36
