# First value is number of nodes (N)
32 
# Next N numbers describe the node locations
121 257
58 256
152 243
157 268
225 123
163 120
231 67
13 93
91 12
47 50
134 67
181 79
154 24
145 14
87 125
120 104
169 154
201 33
178 44
103 144
90 186
121 187
33 205
174 213
83 69
215 221
36 153
21 200
225 267
163 245
138 226
192 195
# Remaining lines are the edges.
# The first value is the source node index.
# The second value is the target node index.
0 1
0 2
0 3
1 26
1 27
2 29
2 31
3 28
3 30
4 5
4 6
4 25
5 15
5 16
6 17
6 18
7 9
7 19
7 22
8 9
8 12
8 13
9 24
10 13
10 18
10 20
11 12
11 17
11 23
12 18
13 17
14 15
14 16
14 19
15 24
16 23
19 26
20 21
20 27
21 22
21 30
22 27
23 31
24 26
25 28
25 29
28 31
29 30
