# First value is number of nodes (N)
34 
# Next N numbers describe the node locations
140 246
192 232
85 217
71 173
311 193
261 170
92 129
11 98
14 70
223 51
314 114
211 127
290 142
271 147
318 266
307 151
164 29
83 48
103 8
39 62
42 12
64 26
95 130
186 94
156 78
191 240
14 183
181 262
189 253
135 121
112 271
151 153
39 260
33 187
# Remaining lines are the edges.
# The first value is the source node index.
# The second value is the target node index.
0 1
0 2
0 3
1 28
1 29
2 30
2 32
3 31
3 33
4 12
4 14
4 25
5 13
5 15
5 25
6 7
6 8
6 26
7 19
7 21
8 20
8 22
9 11
9 16
9 23
10 14
10 15
10 23
11 12
11 13
12 15
13 14
16 18
16 24
17 21
17 22
17 24
18 19
18 20
19 22
20 21
23 29
24 29
25 28
26 32
26 33
27 28
27 30
27 31
30 33
31 32
