# First value is number of nodes (N)
38 
# Next N numbers describe the node locations
183 172
227 141
72 66
202 269
284 36
230 40
194 11
233 98
144 89
93 177
170 250
94 168
99 167
46 260
183 197
12 104
46 64
43 123
144 242
42 243
199 21
166 23
96 8
251 141
45 128
114 44
24 100
114 290
222 189
191 270
59 134
301 148
169 110
87 80
176 282
73 58
300 183
267 165
# Remaining lines are the edges.
# The first value is the source node index.
# The second value is the target node index.
0 1
0 2
0 3
1 32
1 37
2 33
2 35
3 34
3 36
4 5
4 23
4 31
5 6
5 7
6 22
6 30
7 20
7 21
8 9
8 20
8 22
9 10
9 11
10 18
10 29
11 17
11 19
12 13
12 14
12 29
13 19
13 27
14 18
14 28
15 16
15 19
15 26
16 21
16 25
17 24
17 25
18 27
20 30
21 22
23 28
23 37
24 26
24 33
25 35
26 35
27 34
28 32
29 34
30 33
31 32
31 36
36 37
