# First value is number of nodes (N)
34 
# Next N numbers describe the node locations
254 284
244 245
234 297
304 243
196 183
265 178
110 181
86 27
193 84
293 60
246 23
290 27
38 62
52 172
196 14
268 55
238 32
231 8
16 154
103 175
8 129
14 187
63 264
79 146
221 65
142 67
282 133
236 184
286 190
223 258
137 226
156 289
282 256
233 267
# Remaining lines are the edges.
# The first value is the source node index.
# The second value is the target node index.
0 1
0 2
0 3
1 30
1 33
2 29
2 31
3 28
3 32
4 5
4 6
4 27
5 24
5 26
6 22
6 23
7 12
7 13
7 25
8 14
8 15
8 25
9 10
9 11
9 26
10 14
10 16
11 15
11 17
12 18
12 20
13 19
13 21
14 17
15 16
16 24
17 24
18 19
18 22
19 23
20 21
20 23
21 22
25 30
26 28
27 28
27 29
29 33
30 31
31 32
32 33
