# First value is number of nodes (N)
38 
# Next N numbers describe the node locations
153 264
136 230
228 261
177 307
277 102
176 123
287 39
32 27
112 129
178 114
141 14
259 77
253 24
240 50
222 47
215 24
316 151
284 191
8 175
36 132
85 81
78 176
40 217
65 173
130 155
320 218
67 199
38 233
216 165
221 293
254 291
295 282
243 314
267 262
287 246
172 188
85 253
111 295
# Remaining lines are the edges.
# The first value is the source node index.
# The second value is the target node index.
0 1
0 2
0 3
1 35
1 36
2 33
2 34
3 32
3 37
4 5
4 6
4 16
5 13
5 15
6 12
6 14
7 18
7 20
7 22
8 19
8 21
8 23
9 10
9 15
9 21
10 14
10 20
11 12
11 13
11 17
12 15
13 14
16 17
16 25
17 28
18 23
18 27
19 22
19 27
20 24
21 24
22 26
23 26
24 35
25 31
25 34
26 37
27 36
28 29
28 35
29 30
29 33
30 32
30 34
31 32
31 33
36 37
