# First value is number of nodes (N)
32 
# Next N numbers describe the node locations
87 368
57 342
126 329
33 343
151 230
98 238
149 143
18 151
102 112
102 8
51 35
112 23
145 34
116 159
26 89
128 88
26 161
43 231
91 46
180 103
75 93
60 245
109 98
183 162
124 199
10 271
162 198
133 265
51 299
154 279
8 324
85 308
# Remaining lines are the edges.
# The first value is the source node index.
# The second value is the target node index.
0 1
0 2
0 3
1 30
1 31
2 29
2 31
3 28
3 30
4 5
4 6
4 27
5 21
5 24
6 22
6 23
7 14
7 16
7 17
8 13
8 15
8 16
9 10
9 11
9 12
10 14
10 18
11 15
11 18
12 15
12 19
13 19
13 20
14 20
16 21
17 24
17 25
18 22
19 23
20 22
21 31
23 26
24 26
25 28
25 30
26 29
27 28
27 29
