# First value is number of nodes (N)
38 
# Next N numbers describe the node locations
104 218
83 227
135 270
168 167
220 48
207 27
178 148
155 76
189 69
96 45
184 9
29 39
299 155
253 197
279 217
288 210
244 18
239 87
45 137
184 161
267 310
25 161
13 137
71 198
201 262
71 99
267 261
260 203
266 142
274 118
18 138
50 156
21 191
115 122
226 143
229 253
95 253
151 296
# Remaining lines are the edges.
# The first value is the source node index.
# The second value is the target node index.
0 1
0 2
0 3
1 32
1 36
2 35
2 37
3 33
3 34
4 8
4 10
4 17
5 7
5 10
5 16
6 7
6 8
6 9
7 17
8 16
9 11
9 25
10 25
11 18
11 22
12 13
12 14
12 29
13 15
13 28
14 19
14 26
15 20
15 27
16 29
17 28
18 23
18 31
19 24
19 27
20 24
20 26
21 22
21 23
21 30
22 32
23 36
24 37
25 33
26 35
27 35
28 34
29 34
30 31
30 33
31 32
36 37
