# First value is number of nodes (N)
38 
# Next N numbers describe the node locations
180 237
218 277
127 165
194 284
262 193
234 85
239 107
187 33
84 114
66 221
64 197
75 230
14 144
119 187
8 264
114 308
135 258
8 211
83 193
91 49
144 71
127 8
170 31
242 178
72 156
60 125
81 128
182 222
68 288
65 312
180 104
141 75
105 138
112 165
129 313
99 131
257 227
265 244
# Remaining lines are the edges.
# The first value is the source node index.
# The second value is the target node index.
0 1
0 2
0 3
1 32
1 37
2 33
2 35
3 34
3 36
4 5
4 23
4 31
5 6
5 7
6 22
6 30
7 20
7 21
8 9
8 20
8 22
9 10
9 11
10 19
10 26
11 17
11 18
12 17
12 24
12 25
13 16
13 18
13 29
14 15
14 17
14 29
15 16
15 28
16 27
18 28
19 21
19 25
20 30
21 22
23 27
23 37
24 26
24 33
25 35
26 35
27 32
28 34
29 34
30 33
31 32
31 36
36 37
