# First value is number of nodes (N)
34 
# Next N numbers describe the node locations
94 252
155 235
257 257
250 265
355 126
349 39
298 91
93 72
49 137
33 85
217 40
205 68
290 20
298 36
297 40
320 66
324 15
157 73
49 134
24 114
34 154
8 144
47 194
41 122
147 195
155 135
339 187
219 206
129 180
105 215
217 256
252 214
259 172
346 260
# Remaining lines are the edges.
# The first value is the source node index.
# The second value is the target node index.
0 1
0 2
0 3
1 28
1 29
2 30
2 32
3 31
3 33
4 5
4 6
4 26
5 13
5 16
6 14
6 15
7 8
7 9
7 17
8 18
8 20
9 19
9 21
10 11
10 12
10 17
11 13
11 15
12 14
12 16
13 14
15 16
17 25
18 21
18 23
19 20
19 23
20 22
21 22
22 29
23 28
24 25
24 27
24 29
25 28
26 32
26 33
27 30
27 31
30 33
31 32
