# First value is number of nodes (N)
28 
# Next N numbers describe the node locations
24 271
95 316
36 392
91 409
240 21
189 8
194 184
226 42
212 152
233 110
250 156
277 128
182 99
154 44
142 110
268 157
192 200
243 293
153 213
123 277
32 474
17 490
56 511
71 456
8 441
89 465
139 154
87 367
# Remaining lines are the edges.
# The first value is the source node index.
# The second value is the target node index.
0 1
0 2
0 3
1 26
1 27
2 24
2 27
3 25
3 27
4 5
4 6
4 8
5 7
5 13
6 7
6 13
7 12
8 10
8 11
9 10
9 11
9 12
10 15
11 15
12 14
13 14
14 17
15 16
16 18
16 19
17 18
17 19
18 26
19 26
20 22
20 23
20 24
21 22
21 23
21 24
22 25
23 25
