# First value is number of nodes (N)
32 
# Next N numbers describe the node locations
121 313
109 276
120 328
89 304
184 10
9 183
110 76
156 30
126 52
45 65
222 57
216 103
144 73
168 44
16 119
87 75
218 112
36 127
199 171
22 142
97 133
128 166
184 118
95 177
40 238
189 230
140 220
93 213
180 288
63 273
93 329
139 329
# Remaining lines are the edges.
# The first value is the source node index.
# The second value is the target node index.
0 1
0 2
0 3
1 28
1 29
2 26
2 31
3 27
3 30
4 6
4 7
4 10
5 14
5 17
5 24
6 11
6 15
7 8
7 13
8 9
8 12
9 14
9 15
10 13
10 16
11 12
11 16
12 21
13 21
14 19
15 20
16 18
17 19
17 20
18 22
18 25
19 23
20 23
21 22
22 27
23 26
24 27
24 29
25 26
25 28
28 31
29 30
30 31
