# First value is number of nodes (N)
34 
# Next N numbers describe the node locations
196 340
206 271
266 316
146 313
234 158
204 116
231 130
112 121
37 69
83 174
13 166
135 169
42 272
30 176
10 184
136 20
217 50
211 27
99 145
229 23
203 47
207 85
193 67
260 63
256 44
149 165
75 237
178 208
102 227
253 167
181 293
169 301
127 272
225 248
# Remaining lines are the edges.
# The first value is the source node index.
# The second value is the target node index.
0 1
0 2
0 3
1 30
1 33
2 29
2 31
3 28
3 32
4 5
4 6
4 27
5 21
5 22
6 23
6 24
7 8
7 15
7 25
8 9
8 10
9 11
9 13
10 12
10 14
11 14
11 26
12 13
12 26
13 18
14 18
15 16
15 17
16 19
16 23
17 20
17 24
18 22
19 21
19 24
20 21
20 23
22 25
25 30
26 28
27 28
27 29
29 33
30 31
31 32
32 33
