# First value is number of nodes (N)
34 
# Next N numbers describe the node locations
38 218
104 239
84 290
15 209
294 261
78 86
302 169
59 49
30 60
156 176
275 100
280 127
76 8
58 33
157 206
80 107
262 157
57 61
27 13
256 131
106 53
219 90
250 129
31 111
170 80
123 111
112 194
151 247
79 127
191 145
100 279
138 296
104 241
85 282
# Remaining lines are the edges.
# The first value is the source node index.
# The second value is the target node index.
0 1
0 2
0 3
1 30
1 32
2 31
2 33
3 28
3 29
4 6
4 9
4 14
5 7
5 8
5 15
6 10
6 16
7 12
7 17
8 13
8 18
9 11
9 19
10 19
10 21
11 16
11 21
12 18
12 20
13 17
13 20
14 25
14 27
15 24
15 26
16 22
17 23
18 23
19 22
20 25
21 24
22 29
23 28
24 29
25 28
26 32
26 33
27 30
27 31
30 33
31 32
