# First value is number of nodes (N)
32 
# Next N numbers describe the node locations
238 115
128 247
186 178
154 91
257 208
252 236
221 57
33 124
65 192
80 178
75 200
196 140
241 177
119 235
144 50
152 76
104 43
197 36
143 54
148 229
208 244
254 277
229 267
43 136
27 229
50 215
189 280
197 234
84 271
88 99
117 90
196 72
# Remaining lines are the edges.
# The first value is the source node index.
# The second value is the target node index.
0 1
0 2
0 3
1 26
1 28
2 27
2 29
3 30
3 31
4 12
4 19
4 21
5 12
5 20
5 22
6 11
6 17
6 18
7 9
7 23
7 24
8 10
8 23
8 25
9 13
9 25
10 13
10 24
11 12
11 13
14 16
14 17
14 30
15 16
15 18
15 31
16 29
17 31
18 30
19 22
19 27
20 21
20 27
21 26
22 26
23 29
24 28
25 28
