# First value is number of nodes (N)
38 
# Next N numbers describe the node locations
200 234
198 256
168 235
220 178
287 149
228 177
277 117
171 158
144 166
142 65
30 14
71 56
96 59
151 16
248 115
143 8
236 124
50 158
28 91
106 126
145 153
81 63
90 48
149 151
172 82
272 30
266 61
99 262
72 273
92 134
221 166
273 211
223 240
58 185
278 275
167 284
198 292
192 262
# Remaining lines are the edges.
# The first value is the source node index.
# The second value is the target node index.
0 1
0 2
0 3
1 34
1 35
2 33
2 37
3 32
3 36
4 5
4 6
4 31
5 26
5 30
6 24
6 25
7 8
7 9
7 30
8 27
8 29
9 22
9 23
10 11
10 12
10 29
11 19
11 21
12 18
12 20
13 15
13 25
13 26
14 16
14 24
14 26
15 22
15 24
16 23
16 25
17 18
17 19
17 28
18 21
19 20
20 23
21 22
27 28
27 35
28 33
29 33
30 32
31 32
31 34
34 37
35 36
36 37
