# First value is number of nodes (N)
38 
# Next N numbers describe the node locations
231 251
190 290
186 260
261 252
246 163
258 131
77 101
125 51
181 40
77 130
52 145
79 215
105 230
11 268
8 162
14 179
35 104
154 167
117 13
88 8
92 34
88 90
50 49
223 120
229 76
278 109
249 146
111 295
46 273
306 169
123 63
204 99
194 144
279 232
164 298
114 246
202 178
241 289
# Remaining lines are the edges.
# The first value is the source node index.
# The second value is the target node index.
0 1
0 2
0 3
1 35
1 37
2 34
2 36
3 32
3 33
4 25
4 26
4 31
5 23
5 24
5 26
6 20
6 22
6 30
7 19
7 21
7 30
8 9
8 18
8 24
9 10
9 16
10 12
10 15
11 15
11 17
11 27
12 13
12 17
13 14
13 28
14 15
14 16
16 22
17 21
18 19
18 20
19 22
20 21
23 29
23 31
24 25
25 29
26 36
27 28
27 34
28 35
29 33
30 32
31 32
33 37
34 37
35 36
