# First value is number of nodes (N)
32 
# Next N numbers describe the node locations
242 291
214 271
297 262
182 264
271 214
238 180
203 127
236 100
155 85
86 10
30 8
41 107
42 106
112 168
137 221
51 56
40 47
25 124
183 206
50 212
71 33
92 187
142 26
236 24
262 153
108 50
70 179
302 201
217 223
103 249
152 219
264 260
# Remaining lines are the edges.
# The first value is the source node index.
# The second value is the target node index.
0 1
0 2
0 3
1 30
1 31
2 27
2 31
3 28
3 29
4 5
4 27
4 31
5 6
5 28
6 7
6 8
7 23
7 24
8 25
8 26
9 10
9 11
9 22
10 15
10 16
11 12
11 15
12 13
12 17
13 21
13 29
14 19
14 29
14 30
15 20
16 17
16 20
17 19
18 24
18 28
18 30
19 26
20 25
21 23
21 26
22 23
22 25
24 27
