# First value is number of nodes (N)
34 
# Next N numbers describe the node locations
189 181
66 234
215 148
184 118
320 118
56 79
266 75
60 50
33 72
312 64
306 32
321 21
39 72
21 25
277 148
88 186
272 14
69 21
140 85
286 38
284 57
38 33
205 28
132 61
106 54
249 100
116 209
231 114
171 103
100 127
167 119
291 216
126 236
168 152
# Remaining lines are the edges.
# The first value is the source node index.
# The second value is the target node index.
0 1
0 2
0 3
1 30
1 32
2 31
2 33
3 28
3 29
4 6
4 9
4 14
5 7
5 8
5 15
6 10
6 16
7 12
7 17
8 13
8 18
9 11
9 19
10 19
10 20
11 16
11 20
12 18
12 21
13 17
13 21
14 25
14 27
15 24
15 26
16 22
17 23
18 23
19 22
20 25
21 24
22 29
23 28
24 29
25 28
26 32
26 33
27 30
27 31
30 33
31 32
