# First value is number of nodes (N)
34 
# Next N numbers describe the node locations
159 271
197 207
224 341
119 145
233 173
216 108
115 56
255 168
36 48
57 126
130 141
46 288
81 339
100 326
122 326
132 267
142 336
142 352
119 341
59 232
30 233
171 197
76 48
187 39
175 36
233 47
242 33
189 59
179 87
211 243
124 342
70 95
168 95
248 223
# Remaining lines are the edges.
# The first value is the source node index.
# The second value is the target node index.
0 1
0 2
0 3
1 29
1 33
2 30
2 33
3 31
3 32
4 5
4 29
4 33
5 6
5 7
6 25
6 28
7 26
7 27
8 9
8 10
8 22
9 20
9 31
10 21
10 32
11 12
11 13
11 19
12 15
12 17
13 16
13 18
14 15
14 16
14 29
15 18
16 17
17 30
18 30
19 20
19 21
20 32
21 31
22 23
22 24
23 25
23 27
24 26
24 28
25 26
27 28
