# First value is number of nodes (N)
34 
# Next N numbers describe the node locations
177 317
126 278
240 319
218 300
227 160
144 81
242 232
130 162
257 90
95 78
58 47
109 45
60 166
65 193
226 37
190 50
18 163
49 166
235 46
190 43
134 117
246 33
227 51
35 180
35 209
166 156
268 214
239 276
126 219
106 309
228 290
277 276
280 275
262 220
# Remaining lines are the edges.
# The first value is the source node index.
# The second value is the target node index.
0 1
0 2
0 3
1 28
1 29
2 30
2 32
3 31
3 33
4 14
4 15
4 25
5 7
5 9
5 25
6 7
6 8
6 26
7 20
8 21
8 22
9 10
9 11
10 16
10 17
11 18
11 19
12 16
12 20
12 23
13 17
13 20
13 24
14 18
14 21
15 19
15 22
16 24
17 23
18 22
19 21
23 29
24 29
25 28
26 32
26 33
27 28
27 30
27 31
30 33
31 32
