# First value is number of nodes (N)
32 
# Next N numbers describe the node locations
218 218
147 205
91 175
106 137
171 81
181 115
115 107
56 120
67 108
208 75
70 82
122 215
36 82
84 8
145 71
161 40
59 171
126 140
80 58
65 190
29 158
109 52
185 112
161 107
54 121
57 207
170 166
141 138
50 175
117 98
128 224
78 87
# Remaining lines are the edges.
# The first value is the source node index.
# The second value is the target node index.
0 1
0 2
0 3
1 26
1 30
2 27
2 28
3 29
3 31
4 8
4 9
4 23
5 7
5 9
5 25
6 7
6 8
6 24
7 16
8 14
9 15
10 11
10 12
10 13
11 17
11 19
12 18
12 20
13 21
13 22
14 17
14 21
15 18
15 22
16 19
16 20
17 26
18 27
19 30
20 28
21 31
22 29
23 26
23 27
24 28
24 31
25 29
25 30
