# First value is number of nodes (N)
32 
# Next N numbers describe the node locations
177 237
125 190
180 271
226 232
244 37
205 102
187 190
124 23
102 34
35 59
71 8
48 85
85 124
71 157
19 125
27 30
177 98
153 84
251 92
167 130
104 68
51 174
212 221
264 140
218 294
73 267
89 222
253 252
176 299
137 180
236 218
259 263
# Remaining lines are the edges.
# The first value is the source node index.
# The second value is the target node index.
0 1
0 2
0 3
1 26
1 29
2 28
2 31
3 27
3 30
4 17
4 18
4 23
5 16
5 18
5 23
6 16
6 18
6 22
7 10
7 17
7 20
8 9
8 10
8 20
9 14
9 15
10 15
11 12
11 14
11 15
12 13
12 16
13 19
13 21
14 21
17 19
19 29
20 29
21 26
22 24
22 27
23 30
24 28
24 31
25 26
25 27
25 28
30 31
