# First value is number of nodes (N)
36 
# Next N numbers describe the node locations
183 239
33 254
222 262
148 207
283 166
214 100
118 96
235 50
139 9
168 24
117 34
147 53
256 75
281 222
270 186
212 154
309 175
82 42
96 85
34 176
83 154
37 96
8 159
27 186
317 215
277 210
196 118
144 169
223 240
117 84
40 225
155 153
289 249
89 193
205 269
97 278
# Remaining lines are the edges.
# The first value is the source node index.
# The second value is the target node index.
0 1
0 2
0 3
1 30
1 35
2 32
2 34
3 31
3 33
4 12
4 16
4 26
5 10
5 11
5 26
6 9
6 11
6 27
7 8
7 9
7 12
8 11
8 17
9 10
10 17
12 15
13 16
13 25
13 28
14 15
14 24
14 28
15 25
16 24
17 21
18 21
18 23
18 29
19 20
19 22
19 29
20 23
20 27
21 22
22 30
23 30
24 32
25 32
26 31
27 31
28 34
29 33
33 35
34 35
