# First value is number of nodes (N)
38 
# Next N numbers describe the node locations
110 307
151 312
107 306
135 282
236 144
239 156
44 193
63 257
72 189
48 222
25 130
125 125
62 175
50 95
14 64
208 26
156 80
182 11
138 53
139 67
134 13
189 102
104 160
197 144
237 128
184 145
213 139
223 215
161 192
11 201
178 222
215 289
8 247
144 240
145 356
165 254
138 202
134 313
# Remaining lines are the edges.
# The first value is the source node index.
# The second value is the target node index.
0 1
0 2
0 3
1 35
1 37
2 34
2 36
3 32
3 33
4 23
4 26
4 27
5 24
5 25
5 27
6 7
6 8
6 29
7 9
7 31
8 11
8 28
9 10
9 28
10 13
10 29
11 12
11 22
12 13
12 15
13 14
14 18
14 19
15 16
15 17
16 19
16 21
17 18
17 20
18 21
19 20
20 24
21 23
22 24
22 26
23 30
25 26
25 30
27 36
28 32
29 32
30 33
31 34
31 35
33 37
34 37
35 36
