# First value is number of nodes (N)
30 
# Next N numbers describe the node locations
93 184
28 166
61 165
38 173
227 92
223 34
213 160
177 98
160 9
129 85
169 83
127 37
86 70
115 46
164 128
115 98
50 168
221 160
65 128
113 240
115 171
63 37
75 101
136 119
212 238
29 83
163 230
47 141
19 223
67 248
# Remaining lines are the edges.
# The first value is the source node index.
# The second value is the target node index.
0 1
0 2
0 3
1 25
1 28
2 24
2 29
3 26
3 27
4 5
4 6
4 17
5 8
5 13
6 7
6 15
7 10
7 16
8 10
8 11
9 11
9 12
9 14
10 23
11 21
12 13
12 18
13 21
14 15
14 20
15 19
16 18
16 22
17 19
17 20
18 27
19 26
20 24
21 25
22 23
22 25
23 24
26 29
27 28
28 29
