# First value is number of nodes (N)
38 
# Next N numbers describe the node locations
167 130
108 153
219 183
173 186
120 78
114 41
70 63
140 56
202 19
186 18
61 24
27 33
174 45
176 109
111 118
97 60
218 59
262 19
31 67
15 75
182 94
70 100
269 145
203 152
25 165
37 149
230 245
105 213
267 230
259 197
63 226
63 249
136 234
238 182
180 175
56 226
42 233
162 108
# Remaining lines are the edges.
# The first value is the source node index.
# The second value is the target node index.
0 1
0 2
0 3
1 32
1 37
2 33
2 34
3 35
3 36
4 5
4 8
4 12
5 10
5 14
6 7
6 11
6 15
7 9
7 13
8 9
8 17
9 16
10 11
10 18
11 19
12 16
12 22
13 17
13 23
14 19
14 25
15 18
15 24
16 20
17 20
18 21
19 21
20 37
21 37
22 28
22 33
23 29
23 34
24 31
24 36
25 30
25 35
26 28
26 29
26 32
27 30
27 31
27 32
28 34
29 33
30 36
31 35
