# First value is number of nodes (N)
36 
# Next N numbers describe the node locations
117 235
127 227
85 197
125 239
240 98
12 58
187 169
197 82
30 46
62 79
49 116
231 209
168 140
35 8
31 127
136 177
149 60
76 63
222 188
198 40
95 90
140 113
169 95
155 104
132 127
22 144
170 162
249 183
75 243
132 125
183 133
187 144
123 128
114 158
81 236
116 206
# Remaining lines are the edges.
# The first value is the source node index.
# The second value is the target node index.
0 1
0 2
0 3
1 30
1 35
2 32
2 33
3 31
3 34
4 6
4 12
4 27
5 8
5 17
5 25
6 11
6 29
7 8
7 13
7 29
8 14
9 10
9 15
9 17
10 14
10 28
11 18
11 26
12 15
12 19
13 16
13 19
14 20
15 21
16 21
16 24
17 20
18 23
18 27
19 22
20 23
21 22
22 30
23 30
24 26
24 32
25 28
25 32
26 31
27 31
28 34
29 33
33 35
34 35
