# First value is number of nodes (N)
32 
# Next N numbers describe the node locations
179 105
145 92
176 64
186 184
342 46
320 165
276 41
258 185
99 118
63 103
75 61
35 95
265 94
247 129
313 124
309 102
79 112
42 12
90 19
88 137
47 56
34 168
292 85
220 141
218 20
191 189
104 169
133 34
209 161
203 67
96 137
112 77
# Remaining lines are the edges.
# The first value is the source node index.
# The second value is the target node index.
0 1
0 2
0 3
1 26
1 27
2 29
2 31
3 28
3 30
4 6
4 14
4 15
5 7
5 14
5 15
6 12
6 24
7 13
7 25
8 9
8 11
8 19
9 10
9 18
10 17
10 21
11 16
11 20
12 13
12 23
13 22
14 23
15 22
16 19
16 21
17 18
17 20
18 27
19 26
20 31
21 30
22 29
23 28
24 27
24 29
25 26
25 28
30 31
