# First value is number of nodes (N)
34 
# Next N numbers describe the node locations
106 275
67 304
109 316
146 278
229 205
257 152
138 160
11 35
41 242
238 114
200 72
239 75
58 34
114 13
79 189
38 141
130 119
144 22
233 81
256 26
165 100
188 13
95 133
241 82
187 135
15 193
226 172
207 266
185 252
171 322
34 255
50 238
124 274
118 340
# Remaining lines are the edges.
# The first value is the source node index.
# The second value is the target node index.
0 1
0 2
0 3
1 30
1 33
2 29
2 31
3 28
3 32
4 5
4 6
4 27
5 23
5 24
6 22
6 24
7 13
7 15
7 25
8 14
8 16
8 25
9 10
9 11
9 26
10 18
10 20
11 19
11 21
12 13
12 14
12 17
13 16
14 15
15 22
16 22
17 20
17 21
18 21
18 23
19 20
19 23
24 26
25 30
26 28
27 28
27 29
29 33
30 31
31 32
32 33
