# First value is number of nodes (N)
32 
# Next N numbers describe the node locations
199 202
147 240
243 163
145 199
134 149
45 217
94 124
53 73
52 76
15 115
12 39
37 40
11 31
92 40
118 21
159 50
17 61
111 138
109 81
80 203
220 61
188 51
42 194
39 243
122 207
187 170
89 162
82 217
247 138
219 122
176 115
255 101
# Remaining lines are the edges.
# The first value is the source node index.
# The second value is the target node index.
0 1
0 2
0 3
1 26
1 27
2 29
2 31
3 28
3 30
4 5
4 6
4 25
5 23
5 24
6 17
6 18
7 9
7 11
7 12
8 9
8 10
8 13
9 19
10 12
10 16
11 13
11 16
12 14
13 15
14 18
14 21
15 18
15 20
16 17
17 22
19 24
19 27
20 21
20 31
21 30
22 23
22 26
23 27
24 26
25 28
25 29
28 31
29 30
