# First value is number of nodes (N)
34 
# Next N numbers describe the node locations
254 392
168 332
252 507
182 298
216 76
211 48
54 89
175 45
268 165
247 39
270 50
223 8
172 58
243 138
183 98
140 188
128 177
209 187
128 90
125 223
197 455
38 392
23 476
21 280
52 405
57 502
232 161
178 288
217 294
122 340
187 263
105 390
207 458
48 277
# Remaining lines are the edges.
# The first value is the source node index.
# The second value is the target node index.
0 1
0 2
0 3
1 28
1 31
2 32
2 33
3 29
3 30
4 5
4 6
4 15
5 9
5 11
6 10
6 12
7 11
7 12
7 14
8 9
8 10
8 13
9 12
10 11
13 14
13 17
14 16
15 16
15 17
16 18
17 19
18 26
18 29
19 27
19 30
20 22
20 24
20 31
21 23
21 25
21 31
22 23
22 32
23 33
24 25
24 33
25 32
26 28
26 30
27 28
27 29
