# First value is number of nodes (N)
38 
# Next N numbers describe the node locations
125 152
124 175
33 149
178 141
231 13
257 60
288 42
253 61
298 69
266 121
315 102
161 9
95 8
236 81
148 56
129 73
259 206
307 164
309 243
260 247
70 45
53 72
67 106
47 58
55 67
195 97
222 157
235 295
206 245
118 277
113 234
159 310
231 186
171 200
161 287
8 87
87 222
65 212
# Remaining lines are the edges.
# The first value is the source node index.
# The second value is the target node index.
0 1
0 2
0 3
1 32
1 36
2 35
2 37
3 33
3 34
4 5
4 6
4 11
5 8
5 9
6 7
6 10
7 9
7 13
8 10
8 13
9 16
10 17
11 12
11 14
12 20
12 23
13 25
14 15
14 25
15 21
15 24
16 19
16 26
17 18
17 26
18 19
18 28
19 27
20 22
20 24
21 22
21 23
22 37
23 35
24 35
25 32
26 32
27 31
27 34
28 30
28 33
29 30
29 31
29 36
30 34
31 33
36 37
