# First value is number of nodes (N)
32 
# Next N numbers describe the node locations
136 123
106 62
111 182
220 86
81 40
216 49
200 195
225 235
23 118
139 34
136 64
67 143
97 91
192 22
25 28
16 120
12 88
79 26
38 191
203 46
205 229
143 168
178 151
181 200
140 209
217 197
160 172
224 90
79 207
70 76
179 187
153 202
# Remaining lines are the edges.
# The first value is the source node index.
# The second value is the target node index.
0 1
0 2
0 3
1 26
1 29
2 28
2 31
3 27
3 30
4 10
4 12
4 14
5 11
5 13
5 15
6 7
6 21
6 25
7 20
7 24
8 11
8 12
8 16
9 10
9 13
9 17
10 22
11 23
12 18
13 19
14 17
14 19
15 16
15 18
16 29
17 29
18 28
19 27
20 23
20 31
21 22
21 30
22 31
23 30
24 26
24 28
25 26
25 27
