# First value is number of nodes (N)
38 
# Next N numbers describe the node locations
244 246
204 192
268 225
172 176
295 113
261 64
284 147
135 54
118 64
92 30
46 210
107 197
103 139
151 168
23 141
24 182
89 195
53 192
74 151
17 63
61 70
47 10
84 41
73 61
131 16
161 94
17 97
120 251
233 139
200 76
181 52
288 194
214 137
116 109
284 187
296 230
237 256
248 184
# Remaining lines are the edges.
# The first value is the source node index.
# The second value is the target node index.
0 1
0 2
0 3
1 35
1 37
2 34
2 36
3 32
3 33
4 5
4 6
4 31
5 24
5 30
6 28
6 29
7 8
7 9
7 24
8 21
8 23
9 20
9 22
10 11
10 17
10 27
11 13
11 16
12 16
12 18
12 25
13 14
13 18
14 15
14 26
15 16
15 17
17 23
18 22
19 20
19 21
19 26
20 23
21 22
24 25
25 37
26 33
27 28
27 36
28 32
29 30
29 33
30 32
31 34
31 35
34 37
35 36
