# First value is number of nodes (N)
34 
# Next N numbers describe the node locations
99 295
253 302
242 357
98 285
204 207
212 180
224 125
124 145
10 148
147 106
53 33
108 8
168 38
105 21
136 114
221 74
263 81
165 46
154 48
19 86
78 123
38 138
52 152
64 85
234 72
265 175
63 318
184 259
139 242
181 312
256 299
278 314
267 300
238 339
# Remaining lines are the edges.
# The first value is the source node index.
# The second value is the target node index.
0 1
0 2
0 3
1 30
1 33
2 29
2 31
3 28
3 32
4 5
4 25
4 27
5 6
5 7
6 24
6 25
7 22
7 23
8 20
8 21
8 26
9 14
9 15
9 26
10 11
10 18
10 19
11 12
11 13
12 14
12 16
13 15
13 17
14 17
15 16
16 24
17 24
18 20
18 22
19 21
19 23
20 23
21 22
25 30
26 28
27 28
27 29
29 33
30 31
31 32
32 33
