# First value is number of nodes (N)
36 
# Next N numbers describe the node locations
178 162
202 193
123 102
191 248
278 96
283 167
45 86
38 100
14 139
257 219
257 228
231 60
124 59
56 133
32 208
211 226
254 275
279 35
223 58
282 210
186 202
155 30
52 141
36 166
202 8
222 35
145 282
172 232
116 210
93 259
224 183
230 185
92 39
143 220
164 272
49 160
# Remaining lines are the edges.
# The first value is the source node index.
# The second value is the target node index.
0 1
0 2
0 3
1 30
1 31
2 32
2 35
3 33
3 34
4 5
4 11
4 17
5 9
5 10
6 7
6 8
6 21
7 13
7 23
8 14
8 22
9 16
9 20
10 15
10 19
11 12
11 25
12 18
12 21
13 22
13 28
14 23
14 29
15 20
15 27
16 19
16 26
17 18
17 24
18 30
19 31
20 31
21 32
22 35
23 35
24 25
24 32
25 30
26 29
26 34
27 28
27 33
28 34
29 33
