# First value is number of nodes (N)
32 
# Next N numbers describe the node locations
109 337
189 316
143 310
33 330
207 256
162 269
227 198
48 226
72 137
8 217
119 33
158 26
52 37
8 49
67 81
125 188
86 96
122 146
167 94
40 167
126 91
53 126
126 113
210 81
138 247
167 197
201 128
17 267
187 270
41 330
119 258
201 308
# Remaining lines are the edges.
# The first value is the source node index.
# The second value is the target node index.
0 1
0 2
0 3
1 28
1 31
2 30
2 31
3 27
3 29
4 5
4 6
4 31
5 29
5 30
6 25
6 26
7 8
7 9
7 30
8 20
8 21
9 19
9 21
10 11
10 14
10 20
11 12
11 18
12 13
12 14
13 15
13 16
14 16
15 17
15 19
16 23
17 22
17 24
18 23
18 24
19 27
20 22
21 27
22 26
23 26
24 25
25 28
28 29
