# First value is number of nodes (N)
32 
# Next N numbers describe the node locations
250 159
312 164
190 152
262 155
308 69
290 29
194 9
114 18
34 178
30 137
57 97
57 123
11 112
18 102
108 107
70 45
148 64
363 86
250 67
360 66
70 52
121 138
71 180
243 8
186 77
316 102
346 113
188 95
209 43
132 167
240 71
358 149
# Remaining lines are the edges.
# The first value is the source node index.
# The second value is the target node index.
0 1
0 2
0 3
1 26
1 31
2 27
2 29
3 28
3 30
4 17
4 18
4 25
5 18
5 19
5 23
6 16
6 23
6 24
7 15
7 16
7 24
8 12
8 14
8 22
9 11
9 13
9 22
10 11
10 12
10 20
11 14
12 13
13 15
14 21
15 20
16 21
17 19
17 31
18 27
19 26
20 27
21 29
22 29
23 28
24 28
25 26
25 30
30 31
