# First value is number of nodes (N)
38 
# Next N numbers describe the node locations
210 291
151 287
116 231
35 298
207 52
240 53
124 90
93 8
173 85
204 111
158 10
212 10
169 45
217 96
222 74
243 83
237 141
61 124
72 170
105 62
137 53
153 149
100 126
16 254
247 179
186 211
110 161
209 112
15 222
54 214
131 233
59 265
95 294
104 255
175 243
268 304
49 245
44 212
# Remaining lines are the edges.
# The first value is the source node index.
# The second value is the target node index.
0 1
0 2
0 3
1 33
1 34
2 35
2 37
3 32
3 36
4 11
4 13
4 15
5 12
5 14
5 15
6 9
6 12
6 20
7 8
7 11
7 20
8 14
8 21
9 13
9 21
10 11
10 12
10 19
13 16
14 16
15 24
16 25
17 18
17 19
17 26
18 28
18 30
19 22
20 22
21 27
22 35
23 28
23 31
23 37
24 25
24 34
25 35
26 29
26 37
27 29
27 33
28 36
29 36
30 32
30 34
31 32
31 33
