# First value is number of nodes (N)
32 
# Next N numbers describe the node locations
125 124
176 270
112 216
206 185
128 35
112 75
36 44
104 69
170 28
151 62
149 43
185 65
35 75
121 100
18 66
40 81
221 61
210 56
50 112
10 129
164 363
194 334
231 345
235 304
242 296
99 238
200 327
222 334
65 169
220 133
131 270
210 243
# Remaining lines are the edges.
# The first value is the source node index.
# The second value is the target node index.
0 1
0 2
0 3
1 26
1 27
2 28
2 30
3 29
3 31
4 6
4 8
4 9
5 7
5 10
5 11
6 14
6 15
7 12
7 13
8 10
8 16
9 11
9 17
10 17
11 16
12 14
12 18
13 15
13 19
14 19
15 18
16 29
17 29
18 28
19 28
20 22
20 25
20 26
21 23
21 25
21 27
22 24
22 27
23 24
23 26
24 31
25 30
30 31
