# First value is number of nodes (N)
38 
# Next N numbers describe the node locations
152 241
99 269
120 259
210 206
260 94
295 73
18 90
28 40
58 85
30 38
104 136
16 17
127 39
42 32
28 62
90 148
45 135
26 167
146 32
195 67
242 124
276 101
279 59
232 18
178 38
231 213
85 181
97 206
227 180
143 128
289 134
145 267
231 203
182 167
113 299
114 263
85 199
42 261
# Remaining lines are the edges.
# The first value is the source node index.
# The second value is the target node index.
0 1
0 2
0 3
1 35
1 37
2 34
2 36
3 32
3 33
4 22
4 24
4 30
5 21
5 23
5 30
6 7
6 8
6 17
7 11
7 14
8 12
8 13
9 13
9 14
9 16
10 18
10 19
10 29
11 13
11 18
12 14
12 19
15 16
15 27
15 29
16 26
17 26
17 27
18 24
19 23
20 21
20 22
20 28
21 24
22 23
25 28
25 31
25 32
26 37
27 36
28 33
29 33
30 32
31 34
31 35
34 37
35 36
