# First value is number of nodes (N)
34 
# Next N numbers describe the node locations
130 213
129 152
169 268
98 255
247 57
310 170
275 258
314 60
146 8
153 29
281 220
262 229
198 11
214 72
320 232
297 212
58 57
23 160
28 77
8 204
67 205
222 143
159 54
168 54
218 137
279 275
47 247
214 197
102 271
86 127
65 207
155 100
209 274
141 132
# Remaining lines are the edges.
# The first value is the source node index.
# The second value is the target node index.
0 1
0 2
0 3
1 31
1 33
2 28
2 32
3 29
3 30
4 7
4 12
4 13
5 7
5 14
5 15
6 10
6 11
6 21
7 21
8 12
8 16
8 22
9 13
9 16
9 23
10 14
10 24
11 15
11 25
12 23
13 22
14 25
15 24
16 18
17 18
17 19
17 20
18 33
19 26
19 29
20 27
20 30
21 33
22 31
23 31
24 32
25 32
26 28
26 30
27 28
27 29
