# First value is number of nodes (N)
38 
# Next N numbers describe the node locations
179 106
138 133
126 51
226 223
257 39
260 83
166 31
31 83
120 203
232 280
110 98
88 46
274 237
13 163
131 62
177 288
105 200
76 85
243 229
218 279
8 79
51 46
231 218
96 200
67 235
38 287
102 255
253 36
284 59
142 18
284 209
254 83
256 61
242 170
255 127
108 17
125 150
131 91
# Remaining lines are the edges.
# The first value is the source node index.
# The second value is the target node index.
0 1
0 2
0 3
1 36
1 37
2 32
2 35
3 33
3 34
4 5
4 6
4 31
5 28
5 30
6 27
6 29
7 11
7 13
7 17
8 12
8 16
8 19
9 12
9 15
9 18
10 11
10 14
10 20
11 29
12 30
13 20
13 23
14 17
14 25
15 19
15 26
16 18
16 24
17 21
18 22
19 22
20 21
21 35
22 34
23 24
23 36
24 37
25 26
25 37
26 36
27 28
27 33
28 32
29 35
30 34
31 32
31 33
