# First value is number of nodes (N)
34 
# Next N numbers describe the node locations
169 189
183 201
38 154
97 188
262 24
319 40
293 51
136 19
298 62
331 85
70 10
130 39
202 37
336 102
239 54
268 66
19 31
112 68
166 41
40 28
236 85
296 152
61 122
8 92
123 258
258 291
25 281
84 199
231 153
154 256
67 133
27 169
40 232
14 243
# Remaining lines are the edges.
# The first value is the source node index.
# The second value is the target node index.
0 1
0 2
0 3
1 28
1 29
2 30
2 33
3 31
3 32
4 5
4 6
4 12
5 8
5 13
6 9
6 14
7 10
7 11
7 12
8 14
8 15
9 13
9 15
10 16
10 18
11 17
11 19
12 20
13 21
14 21
15 20
16 19
16 23
17 18
17 23
18 22
19 22
20 28
21 28
22 30
23 31
24 26
24 27
24 29
25 26
25 27
25 29
26 33
27 32
30 32
31 33
