# First value is number of nodes (N)
32 
# Next N numbers describe the node locations
144 221
130 251
137 195
175 212
235 109
59 17
31 29
205 73
240 48
230 195
200 85
122 49
82 8
89 68
198 15
25 191
59 95
132 24
218 69
204 62
151 133
18 249
29 109
88 111
68 169
190 109
101 133
124 51
84 170
156 153
182 217
93 233
# Remaining lines are the edges.
# The first value is the source node index.
# The second value is the target node index.
0 1
0 2
0 3
1 30
1 31
2 29
2 31
3 28
3 30
4 8
4 9
4 10
5 11
5 12
5 13
6 12
6 13
6 23
7 10
7 11
7 19
8 14
8 19
9 20
9 30
10 18
11 16
12 17
13 22
14 17
14 18
15 16
15 21
15 31
16 27
17 27
18 25
19 25
20 23
20 26
21 22
21 24
22 26
23 24
24 28
25 29
26 29
27 28
