# First value is number of nodes (N)
38 
# Next N numbers describe the node locations
127 290
243 285
121 257
50 285
165 51
182 8
151 16
160 35
40 113
167 93
23 56
245 34
199 34
138 23
25 105
18 9
41 82
22 104
214 101
17 197
245 127
153 121
210 175
280 48
200 173
257 149
41 105
245 161
266 190
195 153
68 188
158 173
65 251
220 255
170 176
110 238
146 260
146 267
# Remaining lines are the edges.
# The first value is the source node index.
# The second value is the target node index.
0 1
0 2
0 3
1 33
1 36
2 34
2 35
3 32
3 37
4 7
4 9
4 11
5 6
5 11
5 12
6 10
6 13
7 12
7 13
8 9
8 14
8 16
9 18
10 15
10 17
11 20
12 18
13 21
14 17
14 19
15 16
15 19
16 26
17 26
18 27
19 30
20 23
20 29
21 24
21 31
22 24
22 25
22 29
23 25
23 28
24 28
25 27
26 32
27 33
28 33
29 34
30 31
30 35
31 32
34 37
35 36
36 37
