# First value is number of nodes (N)
38 
# Next N numbers describe the node locations
236 201
261 237
207 293
191 206
153 55
68 83
62 29
49 163
15 199
150 14
117 13
8 137
195 56
21 75
142 44
93 128
265 8
50 135
46 103
174 14
212 146
33 264
59 269
148 241
57 174
88 273
159 240
80 317
176 289
52 61
222 85
235 135
119 158
145 322
256 149
260 103
205 192
198 200
# Remaining lines are the edges.
# The first value is the source node index.
# The second value is the target node index.
0 1
0 2
0 3
1 34
1 35
2 33
2 37
3 32
3 36
4 10
4 12
4 14
5 6
5 9
5 14
6 10
6 13
7 8
7 15
7 18
8 11
8 21
9 12
9 19
10 19
11 13
11 17
12 16
13 18
14 20
15 16
15 17
16 31
17 29
18 29
19 30
20 23
20 26
21 22
21 27
22 24
22 28
23 25
23 28
24 25
24 26
25 27
26 35
27 33
28 33
29 32
30 31
30 32
31 34
34 37
35 36
36 37
