# First value is number of nodes (N)
34 
# Next N numbers describe the node locations
156 312
144 351
100 285
166 182
250 156
184 144
270 95
78 201
76 223
25 190
15 218
18 30
50 211
47 268
23 34
142 25
76 155
105 20
178 50
263 100
224 38
219 73
151 129
261 36
237 60
112 197
160 155
237 222
186 223
236 287
87 325
130 323
173 334
200 345
# Remaining lines are the edges.
# The first value is the source node index.
# The second value is the target node index.
0 1
0 2
0 3
1 30
1 33
2 29
2 31
3 28
3 32
4 5
4 6
4 27
5 21
5 22
6 23
6 24
7 10
7 12
7 14
8 11
8 13
8 14
9 10
9 11
9 26
10 13
11 12
12 25
13 25
14 16
15 16
15 17
15 18
16 22
17 19
17 23
18 20
18 24
19 21
19 24
20 21
20 23
22 26
25 30
26 28
27 28
27 29
29 33
30 31
31 32
32 33
