# First value is number of nodes (N)
38 
# Next N numbers describe the node locations
109 168
212 139
169 183
255 195
214 56
154 62
257 11
279 54
247 105
306 74
102 133
242 14
332 34
21 47
120 68
38 83
33 44
295 48
343 63
143 13
78 32
23 121
314 128
132 11
55 62
8 103
317 108
266 96
78 123
104 165
253 124
263 146
174 153
30 149
20 150
250 134
311 152
114 72
# Remaining lines are the edges.
# The first value is the source node index.
# The second value is the target node index.
0 1
0 2
0 3
1 33
1 37
2 32
2 34
3 35
3 36
4 5
4 6
4 22
5 10
5 20
6 11
6 12
7 8
7 9
7 11
8 17
8 30
9 18
9 31
10 15
10 29
11 19
12 17
12 18
13 16
13 20
13 25
14 16
14 19
14 28
15 21
15 24
16 24
17 27
18 26
19 23
20 23
21 25
21 28
22 26
22 27
23 37
24 37
25 33
26 36
27 35
28 34
29 33
29 34
30 32
30 36
31 32
31 35
