# First value is number of nodes (N)
32 
# Next N numbers describe the node locations
202 204
191 201
259 171
148 235
211 76
114 61
95 23
141 10
265 83
190 24
183 71
203 96
61 69
8 227
54 171
81 73
57 225
63 155
21 146
142 66
100 97
301 78
261 39
63 255
268 137
215 117
185 147
252 112
305 135
172 258
76 230
91 160
# Remaining lines are the edges.
# The first value is the source node index.
# The second value is the target node index.
0 1
0 2
0 3
1 26
1 31
2 27
2 28
3 29
3 30
4 8
4 11
4 25
5 7
5 11
5 12
6 7
6 10
6 12
7 9
8 21
8 24
9 10
9 22
10 19
11 19
12 18
13 14
13 17
13 23
14 16
14 18
15 16
15 17
15 20
16 29
17 31
18 31
19 30
20 23
20 30
21 22
21 28
22 27
23 29
24 26
24 28
25 26
25 27
