# First value is number of nodes (N)
32 
# Next N numbers describe the node locations
153 322
104 351
170 355
133 215
86 313
99 304
56 256
199 245
188 175
212 122
138 162
167 11
88 93
167 20
40 82
70 9
140 56
124 85
211 152
154 127
228 97
102 128
211 101
16 191
8 206
16 259
57 247
195 206
62 298
115 270
213 283
118 365
# Remaining lines are the edges.
# The first value is the source node index.
# The second value is the target node index.
0 1
0 2
0 3
1 28
1 31
2 30
2 31
3 27
3 29
4 5
4 6
4 31
5 29
5 30
6 25
6 26
7 8
7 27
7 30
8 9
8 10
9 20
9 22
10 19
10 21
11 13
11 15
11 16
12 16
12 19
12 23
13 17
13 20
14 21
14 23
14 24
15 17
15 22
16 22
17 21
18 19
18 20
18 27
23 26
24 25
24 26
25 28
28 29
