# First value is number of nodes (N)
34 
# Next N numbers describe the node locations
193 146
244 273
134 135
178 220
241 40
237 17
228 64
143 123
119 236
93 94
28 39
66 60
57 46
34 166
261 108
249 24
262 60
104 30
137 269
140 280
150 194
9 67
26 72
109 243
147 239
296 50
255 195
149 10
157 139
207 29
276 64
73 86
163 273
44 198
# Remaining lines are the edges.
# The first value is the source node index.
# The second value is the target node index.
0 1
0 2
0 3
1 29
1 30
2 28
2 31
3 32
3 33
4 5
4 6
4 27
5 15
5 25
6 16
6 26
7 8
7 9
7 14
8 23
8 24
9 12
9 13
10 12
10 17
10 21
11 13
11 17
11 22
12 22
13 21
14 15
14 16
15 26
16 25
17 29
18 20
18 23
18 32
19 20
19 24
19 33
20 28
21 31
22 31
23 33
24 32
25 30
26 30
27 28
27 29
