# First value is number of nodes (N)
34 
# Next N numbers describe the node locations
261 173
178 157
269 153
310 202
324 57
287 16
260 38
40 148
86 72
143 239
45 224
105 205
106 139
11 178
212 31
228 35
298 31
220 55
89 14
59 112
189 47
158 230
221 219
140 100
102 111
259 163
304 167
286 241
256 178
127 133
312 195
324 214
347 167
329 187
# Remaining lines are the edges.
# The first value is the source node index.
# The second value is the target node index.
0 1
0 2
0 3
1 28
1 29
2 30
2 32
3 31
3 33
4 5
4 6
4 26
5 14
5 16
6 15
6 17
7 10
7 12
7 19
8 11
8 13
8 19
9 10
9 11
9 21
10 13
11 12
12 18
13 18
14 17
14 20
15 16
15 20
16 25
17 25
18 24
19 23
20 23
21 22
21 24
22 27
22 28
23 29
24 29
25 28
26 32
26 33
27 30
27 31
30 33
31 32
