# First value is number of nodes (N)
38 
# Next N numbers describe the node locations
257 129
298 138
251 237
249 261
175 191
32 82
64 44
8 56
77 22
133 89
48 33
43 36
54 8
127 20
113 59
36 184
101 142
154 111
77 204
23 287
184 274
204 52
179 20
209 207
35 287
138 245
238 86
215 141
237 49
158 66
201 292
198 281
163 280
193 234
142 100
273 77
276 265
257 292
# Remaining lines are the edges.
# The first value is the source node index.
# The second value is the target node index.
0 1
0 2
0 3
1 34
1 35
2 33
2 36
3 32
3 37
4 23
4 30
4 31
5 7
5 10
5 15
6 8
6 9
6 11
7 11
7 12
8 10
8 12
9 13
9 16
10 14
11 14
12 13
13 22
14 21
15 19
15 20
16 17
16 18
17 20
17 24
18 19
18 25
19 24
20 25
21 22
21 29
22 28
23 26
23 27
24 32
25 33
26 29
26 35
27 28
27 34
28 35
29 34
30 33
30 37
31 32
31 36
36 37
