# First value is number of nodes (N)
34 
# Next N numbers describe the node locations
167 215
163 274
107 214
139 148
75 419
89 397
117 358
60 107
134 161
174 13
230 44
88 74
264 57
246 60
233 77
200 81
110 8
45 53
80 29
84 76
95 119
10 70
26 117
171 351
183 393
110 346
146 404
109 388
124 422
63 164
236 321
247 132
181 334
110 274
# Remaining lines are the edges.
# The first value is the source node index.
# The second value is the target node index.
0 1
0 2
0 3
1 32
1 33
2 29
2 33
3 30
3 31
4 5
4 6
4 33
5 25
5 28
6 26
6 27
7 19
7 22
7 29
8 20
8 21
8 29
9 10
9 11
9 16
10 12
10 14
11 13
11 15
12 13
12 30
13 31
14 15
14 31
15 30
16 17
16 18
17 19
17 21
18 20
18 22
19 20
21 22
23 25
23 27
23 32
24 26
24 28
24 32
25 26
27 28
