# First value is number of nodes (N)
32 
# Next N numbers describe the node locations
22 467
31 435
10 359
44 457
211 8
227 37
234 35
250 83
194 209
10 49
129 25
252 44
256 109
118 99
119 123
189 217
152 279
185 167
128 183
101 177
44 156
170 236
92 264
218 267
78 328
130 353
11 350
120 410
101 319
68 383
32 398
61 445
# Remaining lines are the edges.
# The first value is the source node index.
# The second value is the target node index.
0 1
0 2
0 3
1 30
1 31
2 26
2 28
3 27
3 29
4 6
4 8
4 9
5 7
5 8
5 10
6 10
6 11
7 9
7 11
8 12
9 13
10 13
11 12
12 15
13 14
14 18
14 19
15 16
15 17
16 19
16 20
17 18
17 21
18 20
19 21
20 22
21 23
22 24
22 25
23 24
23 25
24 26
25 27
26 30
27 31
28 29
28 31
29 30
