# First value is number of nodes (N)
34 
# Next N numbers describe the node locations
146 240
57 285
109 232
19 237
217 178
241 240
155 203
183 278
130 86
199 34
164 61
178 31
204 13
168 58
139 27
234 67
188 43
244 289
60 308
208 290
162 290
224 122
170 125
183 108
202 319
193 249
53 205
122 65
190 240
44 314
26 208
16 195
44 213
36 313
# Remaining lines are the edges.
# The first value is the source node index.
# The second value is the target node index.
0 1
0 2
0 3
1 28
1 29
2 30
2 32
3 31
3 33
4 5
4 21
4 26
5 17
5 18
6 7
6 8
6 27
7 19
7 20
8 13
8 14
9 10
9 13
9 15
10 14
10 16
11 12
11 13
11 16
12 14
12 15
15 23
16 22
17 19
17 24
18 20
18 25
19 25
20 24
21 22
21 23
22 28
23 28
24 29
25 29
26 32
26 33
27 30
27 31
30 33
31 32
