# First value is number of nodes (N)
36 
# Next N numbers describe the node locations
192 257
201 251
167 232
227 288
242 84
252 31
248 49
110 81
22 59
158 145
58 154
8 124
61 161
78 97
117 35
253 50
246 8
208 8
234 48
32 190
74 172
162 99
291 62
236 95
238 134
202 145
305 129
86 209
175 149
91 237
285 194
158 216
147 270
212 178
254 222
199 282
# Remaining lines are the edges.
# The first value is the source node index.
# The second value is the target node index.
0 1
0 2
0 3
1 31
1 34
2 32
2 33
3 30
3 35
4 5
4 6
4 23
5 16
5 18
6 15
6 17
7 13
7 14
7 21
8 10
8 12
8 14
9 12
9 13
9 19
10 11
10 19
11 13
11 20
12 20
14 17
15 18
15 22
16 17
16 22
18 21
19 29
20 27
21 28
22 26
23 24
23 25
24 26
24 33
25 28
25 30
26 30
27 29
27 31
28 31
29 32
32 35
33 34
34 35
