# First value is number of nodes (N)
40 
# Next N numbers describe the node locations
281 261
216 269
277 222
337 227
168 207
216 209
114 235
410 75
389 85
389 126
402 90
287 49
380 48
307 19
335 154
268 10
254 44
196 57
197 14
141 38
130 98
8 199
22 147
116 198
89 276
44 207
80 122
51 236
69 159
62 178
93 65
106 116
79 211
74 241
111 149
160 159
345 180
344 167
147 258
224 227
# Remaining lines are the edges.
# The first value is the source node index.
# The second value is the target node index.
0 1
0 2
0 3
1 38
1 39
2 35
2 39
3 36
3 37
4 5
4 6
4 39
5 31
5 34
6 32
6 33
7 8
7 9
7 12
8 10
8 11
9 11
9 36
10 12
10 37
11 14
12 13
13 15
13 16
14 15
14 16
15 18
16 17
17 18
17 20
18 19
19 20
19 30
20 29
21 22
21 25
21 27
22 26
22 28
23 28
23 34
23 38
24 27
24 33
24 38
25 29
25 33
26 30
26 34
27 32
28 31
29 32
30 31
35 36
35 37
