# First value is number of nodes (N)
34 
# Next N numbers describe the node locations
118 300
168 301
146 204
54 209
290 141
156 64
146 13
253 46
289 40
267 168
155 92
132 45
109 57
177 89
136 125
219 138
125 96
136 124
68 144
157 133
131 147
51 31
28 166
8 149
98 182
59 158
208 216
166 185
45 214
33 228
213 235
178 173
277 293
228 260
# Remaining lines are the edges.
# The first value is the source node index.
# The second value is the target node index.
0 1
0 2
0 3
1 30
1 32
2 31
2 33
3 28
3 29
4 7
4 8
4 9
5 7
5 10
5 12
6 8
6 11
6 12
7 11
8 10
9 15
9 26
10 16
11 16
12 17
13 14
13 15
13 17
14 18
14 27
15 19
16 19
17 18
18 21
19 20
20 24
20 25
21 22
21 23
22 24
22 28
23 25
23 29
24 29
25 28
26 32
26 33
27 30
27 31
30 33
31 32
