# First value is number of nodes (N)
34 
# Next N numbers describe the node locations
193 249
131 265
239 231
226 213
142 167
198 141
80 17
85 56
101 95
117 32
106 53
143 8
145 66
140 27
206 39
125 119
41 68
124 145
26 218
76 193
47 147
53 178
72 201
108 218
149 201
245 129
207 176
226 255
166 262
71 249
261 228
191 203
236 161
261 182
# Remaining lines are the edges.
# The first value is the source node index.
# The second value is the target node index.
0 1
0 2
0 3
1 28
1 29
2 31
2 33
3 30
3 32
4 5
4 15
4 24
5 25
5 26
6 10
6 11
6 16
7 9
7 12
7 16
8 9
8 10
8 15
9 11
10 12
11 13
12 14
13 14
13 26
14 25
15 21
16 20
17 18
17 19
17 24
18 21
18 23
19 20
19 22
20 23
21 22
22 29
23 29
24 28
25 33
26 32
27 28
27 30
27 31
30 33
31 32
