# First value is number of nodes (N)
38 
# Next N numbers describe the node locations
213 283
207 302
26 284
149 239
194 42
35 50
77 81
45 65
91 18
151 9
266 92
69 114
8 110
180 97
83 53
37 168
62 150
17 180
140 44
156 51
146 88
268 143
206 246
223 206
237 142
203 205
157 42
241 205
277 203
132 185
10 289
83 226
137 171
252 257
71 280
61 318
145 324
145 217
# Remaining lines are the edges.
# The first value is the source node index.
# The second value is the target node index.
0 1
0 2
0 3
1 33
1 36
2 34
2 35
3 32
3 37
4 9
4 10
4 13
5 7
5 8
5 12
6 7
6 11
6 13
7 15
8 9
8 18
9 19
10 14
10 21
11 12
11 16
12 17
13 22
14 18
14 20
15 16
15 17
16 29
17 30
18 26
19 20
19 26
20 29
21 24
21 28
22 23
22 27
23 25
23 28
24 25
24 27
25 31
26 32
27 33
28 33
29 32
30 31
30 35
31 34
34 37
35 36
36 37
