# First value is number of nodes (N)
34 
# Next N numbers describe the node locations
152 220
135 163
184 240
197 284
277 56
302 52
68 34
26 37
59 59
25 96
212 103
243 27
262 13
173 119
290 66
291 85
93 107
64 51
184 146
48 135
86 17
202 8
268 138
144 67
87 142
74 103
197 193
280 229
59 198
140 161
206 271
263 272
231 214
242 272
# Remaining lines are the edges.
# The first value is the source node index.
# The second value is the target node index.
0 1
0 2
0 3
1 28
1 29
2 30
2 32
3 31
3 33
4 11
4 13
4 15
5 12
5 14
5 15
6 8
6 16
6 20
7 9
7 17
7 20
8 17
8 19
9 16
9 19
10 13
10 14
10 18
11 14
11 21
12 13
12 21
15 22
16 25
17 25
18 24
18 26
19 24
20 23
21 23
22 27
22 28
23 29
24 29
25 28
26 32
26 33
27 30
27 31
30 33
31 32
