# First value is number of nodes (N)
40 
# Next N numbers describe the node locations
154 282
177 194
70 271
81 271
277 40
271 32
49 59
247 80
266 51
209 79
292 108
200 33
279 76
255 96
225 119
236 88
228 67
277 134
267 125
258 115
299 164
123 100
202 50
61 104
123 135
57 153
94 174
184 158
86 135
240 197
33 141
132 194
83 245
55 225
217 284
146 105
93 147
8 208
99 185
53 252
# Remaining lines are the edges.
# The first value is the source node index.
# The second value is the target node index.
0 1
0 2
0 3
1 34
1 36
2 37
2 39
3 35
3 38
4 5
4 8
4 10
5 9
5 11
6 9
6 23
6 24
7 8
7 12
7 15
8 16
9 14
10 13
10 18
11 15
11 17
12 13
12 14
13 20
14 19
15 22
16 17
16 20
17 21
18 19
18 22
19 29
20 29
21 25
21 28
22 27
23 28
23 30
24 26
24 27
25 26
25 31
26 39
27 35
28 36
29 34
30 31
30 37
31 38
32 34
32 38
32 39
33 35
33 36
33 37
