# First value is number of nodes (N)
34 
# Next N numbers describe the node locations
67 262
8 254
45 206
153 251
61 252
144 222
178 212
243 146
50 87
198 34
312 90
210 29
254 23
38 144
78 37
230 130
336 175
309 88
279 162
130 43
129 8
326 209
282 153
146 19
113 68
222 225
157 85
132 108
255 249
14 200
31 150
198 239
107 122
63 253
# Remaining lines are the edges.
# The first value is the source node index.
# The second value is the target node index.
0 1
0 2
0 3
1 29
1 33
2 30
2 33
3 31
3 32
4 5
4 29
4 33
5 6
5 7
6 28
6 32
7 27
7 31
8 13
8 14
8 30
9 12
9 15
9 17
10 12
10 16
10 18
11 12
11 19
11 20
13 19
13 23
14 20
14 24
15 16
15 21
16 22
17 18
17 22
18 21
19 24
20 23
21 25
22 25
23 26
24 26
25 28
26 27
27 32
28 31
29 30
