# First value is number of nodes (N)
30 
# Next N numbers describe the node locations
115 203
41 166
139 150
178 184
176 88
133 93
152 36
64 29
131 8
260 117
119 98
180 11
198 63
23 55
68 111
50 58
45 49
232 157
219 75
179 64
232 173
103 142
261 171
125 160
236 210
114 132
34 89
8 117
212 123
189 86
# Remaining lines are the edges.
# The first value is the source node index.
# The second value is the target node index.
0 1
0 2
0 3
1 26
1 27
2 25
2 29
3 24
3 28
4 5
4 6
4 23
5 12
5 16
6 10
6 11
7 8
7 13
7 15
8 11
8 19
9 18
9 20
9 22
10 20
10 21
11 18
12 17
12 19
13 16
13 27
14 15
14 21
14 27
15 26
16 26
17 22
17 28
18 29
19 29
20 28
21 25
22 24
23 24
23 25
