# First value is number of nodes (N)
50 
# Next N numbers describe the node locations
343 299
286 297
343 275
182 251
302 82
198 30
273 22
138 84
157 276
241 140
207 105
139 306
163 331
84 251
130 313
105 328
43 139
82 33
37 88
119 324
90 272
201 220
231 190
257 74
88 113
247 176
279 231
270 168
42 273
34 133
45 109
9 178
126 48
216 100
174 55
220 8
215 44
246 78
182 14
170 277
16 223
77 166
291 190
336 63
347 200
109 257
303 239
277 315
280 280
287 258
# Remaining lines are the edges.
# The first value is the source node index.
# The second value is the target node index.
0 1
0 2
0 3
1 46
1 47
2 44
2 49
3 45
3 48
4 5
4 6
4 43
5 36
5 38
6 35
6 37
7 8
7 32
7 34
8 13
8 14
9 22
9 25
9 33
10 23
10 24
10 33
11 14
11 20
11 39
12 19
12 21
12 39
13 20
13 28
14 15
15 19
15 28
16 24
16 30
16 31
17 18
17 30
17 32
18 24
18 29
19 20
21 22
21 26
22 27
23 25
23 27
25 26
26 42
27 42
28 40
29 31
29 41
30 41
31 40
32 38
33 37
34 35
34 36
35 38
36 37
39 47
40 45
41 45
42 44
43 44
43 46
46 49
47 48
48 49
