# First value is number of nodes (N)
30 
# Next N numbers describe the node locations
118 267
60 259
167 265
114 235
169 13
143 38
54 49
115 88
78 15
122 14
154 64
190 53
47 100
67 99
188 55
61 167
108 161
101 133
36 150
97 174
207 114
195 159
76 99
8 175
154 159
10 185
28 174
145 166
17 171
72 214
# Remaining lines are the edges.
# The first value is the source node index.
# The second value is the target node index.
0 1
0 2
0 3
1 25
1 29
2 24
2 27
3 26
3 28
4 8
4 10
4 11
5 7
5 9
5 11
6 7
6 8
6 12
7 10
8 9
9 13
10 14
11 20
12 17
12 23
13 18
13 22
14 16
14 19
15 16
15 17
15 18
16 26
17 27
18 25
19 21
19 29
20 21
20 24
21 27
22 24
22 26
23 25
23 28
28 29
