# First value is number of nodes (N)
30 
# Next N numbers describe the node locations
71 221
82 198
103 240
54 182
201 43
106 8
151 43
108 44
135 32
188 93
223 97
117 54
79 35
172 70
150 107
159 117
109 114
155 95
210 161
144 136
83 96
120 69
177 223
186 149
119 152
181 242
75 218
23 73
8 214
53 257
# Remaining lines are the edges.
# The first value is the source node index.
# The second value is the target node index.
0 1
0 2
0 3
1 26
1 27
2 25
2 29
3 24
3 28
4 5
4 6
4 10
5 7
5 12
6 8
6 14
7 11
7 16
8 11
8 12
9 10
9 13
9 15
10 18
11 21
12 20
13 17
13 21
14 15
14 23
15 19
16 19
16 22
17 18
17 20
18 25
19 24
20 24
21 27
22 23
22 25
23 26
26 29
27 28
28 29
