# First value is number of nodes (N)
34 
# Next N numbers describe the node locations
68 270
162 241
41 207
77 273
136 153
185 160
95 141
136 50
113 11
77 83
187 68
190 102
214 152
236 168
179 131
176 123
164 113
73 48
13 47
171 192
40 120
50 95
155 385
152 354
177 338
75 158
110 385
113 346
131 272
49 154
22 150
23 359
131 287
183 295
# Remaining lines are the edges.
# The first value is the source node index.
# The second value is the target node index.
0 1
0 2
0 3
1 28
1 33
2 29
2 30
3 31
3 32
4 5
4 6
4 25
5 11
5 13
6 12
6 14
7 8
7 9
7 10
8 15
8 17
9 16
9 18
10 11
10 12
11 14
12 13
13 19
14 19
15 16
15 20
16 21
17 18
17 21
18 20
19 33
20 30
21 29
22 24
22 26
22 31
23 24
23 27
23 32
24 33
25 29
25 30
26 28
26 32
27 28
27 31
