# First value is number of nodes (N)
32 
# Next N numbers describe the node locations
119 270
138 280
169 235
109 193
224 79
176 57
179 133
40 223
100 12
68 87
11 169
132 44
161 16
141 40
29 166
22 126
125 143
173 45
71 92
102 93
219 12
215 139
45 272
24 44
100 68
177 191
163 205
40 238
139 249
198 260
218 220
44 261
# Remaining lines are the edges.
# The first value is the source node index.
# The second value is the target node index.
0 1
0 2
0 3
1 29
1 31
2 28
2 30
3 26
3 27
4 17
4 20
4 21
5 18
5 19
5 21
6 7
6 13
6 25
7 14
7 16
8 9
8 11
8 12
9 15
9 23
10 14
10 22
10 23
11 20
11 24
12 13
12 17
13 20
14 19
15 18
15 22
16 18
16 19
17 24
21 30
22 27
23 26
24 26
25 28
25 29
27 31
28 31
29 30
