# First value is number of nodes (N)
38 
# Next N numbers describe the node locations
89 232
91 235
42 228
8 205
197 96
200 102
99 105
119 57
195 67
97 15
103 8
141 87
43 26
187 198
182 142
213 125
81 45
59 31
121 199
221 118
108 118
164 225
131 296
195 263
157 235
120 231
177 217
128 284
109 154
130 265
215 190
19 78
31 146
163 225
55 272
57 311
40 252
102 237
# Remaining lines are the edges.
# The first value is the source node index.
# The second value is the target node index.
0 1
0 2
0 3
1 33
1 37
2 34
2 35
3 32
3 36
4 12
4 14
4 15
5 11
5 13
5 15
6 7
6 13
6 16
7 8
7 17
8 9
8 19
9 10
9 16
10 12
10 17
11 14
11 20
12 20
13 18
14 18
15 19
16 31
17 31
18 29
19 30
20 28
21 23
21 25
21 26
22 23
22 24
22 27
23 30
24 26
24 29
25 27
25 28
26 33
27 35
28 32
29 34
30 33
31 32
34 37
35 36
36 37
