# First value is number of nodes (N)
38 
# Next N numbers describe the node locations
230 246
199 288
274 232
183 218
153 121
128 102
190 124
121 49
14 92
85 55
105 30
35 18
20 93
163 20
148 82
121 138
63 69
182 154
30 138
45 107
71 164
204 44
228 133
149 230
35 156
127 242
246 97
40 137
210 249
236 207
236 244
179 301
239 230
164 302
167 271
273 290
105 165
268 164
# Remaining lines are the edges.
# The first value is the source node index.
# The second value is the target node index.
0 1
0 2
0 3
1 32
1 33
2 35
2 37
3 34
3 36
4 5
4 6
4 17
5 13
5 15
6 14
6 16
7 9
7 10
7 20
8 11
8 12
8 18
9 12
9 14
10 11
10 13
11 16
12 15
13 21
14 21
15 19
16 19
17 22
17 25
18 20
18 27
19 27
20 24
21 26
22 26
22 29
23 24
23 25
23 28
24 33
25 34
26 37
27 36
28 29
28 35
29 32
30 32
30 36
30 37
31 33
31 34
31 35
