# First value is number of nodes (N)
34 
# Next N numbers describe the node locations
75 254
91 206
29 236
158 313
53 108
89 84
63 51
218 144
250 184
204 190
95 365
27 393
199 369
45 363
75 386
77 329
8 351
192 310
236 179
176 226
228 241
217 224
202 70
191 15
205 135
131 70
100 105
104 8
120 40
25 310
150 323
67 280
113 142
47 175
# Remaining lines are the edges.
# The first value is the source node index.
# The second value is the target node index.
0 1
0 2
0 3
1 32
1 33
2 29
2 33
3 30
3 31
4 5
4 6
4 33
5 25
5 28
6 26
6 27
7 8
7 9
7 22
8 18
8 20
9 19
9 21
10 13
10 15
10 31
11 14
11 16
11 31
12 13
12 14
12 30
13 16
14 15
15 29
16 29
17 20
17 21
17 30
18 21
18 32
19 20
19 32
22 23
22 24
23 25
23 27
24 26
24 28
25 26
27 28
