# First value is number of nodes (N)
36 
# Next N numbers describe the node locations
81 250
125 240
61 231
136 294
267 132
231 37
186 78
221 18
191 54
204 60
163 189
198 57
250 105
226 150
213 137
269 211
149 204
61 37
173 35
103 61
199 270
233 214
147 124
78 100
54 103
65 163
9 124
43 157
157 219
167 265
159 269
193 297
185 255
72 175
10 164
41 147
# Remaining lines are the edges.
# The first value is the source node index.
# The second value is the target node index.
0 1
0 2
0 3
1 30
1 33
2 34
2 35
3 31
3 32
4 8
4 9
4 13
5 6
5 7
5 12
6 9
6 10
7 8
7 11
8 10
9 11
10 17
11 18
12 14
12 16
13 14
13 15
14 22
15 16
15 20
16 21
17 19
17 24
18 19
18 23
19 22
20 28
20 31
21 29
21 32
22 33
23 27
23 35
24 26
24 34
25 26
25 27
25 33
26 35
27 34
28 30
28 32
29 30
29 31
