# First value is number of nodes (N)
38 
# Next N numbers describe the node locations
145 249
144 217
68 257
271 228
219 178
173 146
210 158
122 54
47 81
37 63
167 15
276 41
288 24
95 30
25 152
8 76
58 31
90 85
200 36
162 107
254 78
295 129
311 64
313 49
280 100
286 95
168 87
133 144
67 227
305 178
11 142
248 186
263 228
43 201
106 209
155 281
234 261
114 280
# Remaining lines are the edges.
# The first value is the source node index.
# The second value is the target node index.
0 1
0 2
0 3
1 34
1 35
2 33
2 37
3 32
3 36
4 5
4 6
4 31
5 26
5 27
6 24
6 25
7 8
7 9
7 28
8 15
8 17
9 14
9 16
10 12
10 13
10 19
11 12
11 18
11 22
12 20
13 16
13 18
14 17
14 30
15 16
15 30
17 19
18 26
19 26
20 21
20 24
21 25
21 29
22 23
22 25
23 24
23 29
27 28
27 35
28 33
29 32
30 33
31 32
31 34
34 37
35 36
36 37
