# First value is number of nodes (N)
40 
# Next N numbers describe the node locations
114 187
138 232
221 232
257 199
235 57
193 101
169 82
82 57
87 102
27 46
99 86
149 74
68 17
237 127
123 46
118 41
185 49
162 108
298 95
46 90
13 94
98 149
59 61
151 170
289 203
187 150
332 202
248 230
81 96
42 149
253 191
302 21
237 102
249 276
169 220
276 238
292 257
261 95
292 127
74 239
# Remaining lines are the edges.
# The first value is the source node index.
# The second value is the target node index.
0 1
0 2
0 3
1 34
1 39
2 35
2 37
3 36
3 38
4 5
4 6
4 18
5 17
5 23
6 15
6 16
7 10
7 12
7 22
8 10
8 20
8 21
9 12
9 19
9 20
10 23
11 13
11 14
11 17
12 16
13 16
13 32
14 15
14 19
15 22
17 21
18 30
18 31
19 29
20 28
21 29
22 28
23 25
24 25
24 26
24 27
25 34
26 31
26 36
27 30
27 35
28 39
29 39
30 38
31 37
32 37
32 38
33 34
33 35
33 36
