# First value is number of nodes (N)
32 
# Next N numbers describe the node locations
272 248
329 227
269 214
217 221
316 152
253 71
282 8
283 65
217 11
178 43
183 81
276 154
114 239
172 175
64 99
105 114
107 94
98 30
94 142
8 101
39 48
43 102
127 139
39 156
156 8
322 119
235 43
348 171
249 139
256 208
153 211
312 199
# Remaining lines are the edges.
# The first value is the source node index.
# The second value is the target node index.
0 1
0 2
0 3
1 27
1 31
2 29
2 31
3 28
3 30
4 5
4 27
4 31
5 6
5 28
6 7
6 8
7 25
7 26
8 24
8 26
9 10
9 24
9 26
10 14
10 15
11 25
11 28
11 29
12 15
12 23
12 30
13 22
13 29
13 30
14 20
14 21
15 16
16 17
16 22
17 20
17 24
18 21
18 22
18 23
19 20
19 21
19 23
25 27
