# First value is number of nodes (N)
30 
# Next N numbers describe the node locations
72 279
60 264
77 328
37 298
116 175
71 140
137 117
72 86
54 34
106 67
124 26
14 67
72 108
62 92
132 113
63 138
48 106
55 189
116 155
86 140
147 165
8 184
115 231
48 253
28 247
143 220
64 285
135 269
131 335
58 335
# Remaining lines are the edges.
# The first value is the source node index.
# The second value is the target node index.
0 1
0 2
0 3
1 25
1 28
2 26
2 27
3 24
3 29
4 5
4 6
4 15
5 13
5 14
6 9
6 10
7 8
7 11
7 12
8 9
8 10
9 14
10 12
11 13
11 16
12 19
13 19
14 18
15 16
15 17
16 21
17 21
17 22
18 20
18 23
19 20
20 25
21 24
22 25
22 27
23 24
23 26
26 29
27 28
28 29
