# First value is number of nodes (N)
34 
# Next N numbers describe the node locations
45 270
158 288
120 236
152 188
207 51
225 154
269 68
74 26
60 41
44 8
193 229
305 113
38 37
22 58
224 245
335 168
138 66
268 163
265 113
55 63
89 48
29 110
310 200
254 208
113 98
279 255
230 158
78 63
168 132
42 134
231 274
159 252
156 215
191 177
# Remaining lines are the edges.
# The first value is the source node index.
# The second value is the target node index.
0 1
0 2
0 3
1 30
1 33
2 29
2 31
3 28
3 32
4 5
4 6
4 16
5 10
5 18
6 11
6 17
7 8
7 9
7 16
8 12
8 19
9 13
9 20
10 14
10 17
11 15
11 18
12 20
12 21
13 19
13 21
14 22
14 23
15 22
15 23
16 24
17 26
18 26
19 27
20 27
21 24
22 25
23 25
24 29
25 30
26 28
27 28
29 33
30 31
31 32
32 33
