# First value is number of nodes (N)
32 
# Next N numbers describe the node locations
92 159
33 141
137 140
160 120
192 129
60 41
44 21
15 34
123 225
161 186
87 222
103 16
8 216
228 142
57 42
229 74
175 33
48 71
67 29
57 78
212 76
91 176
87 231
155 160
77 223
120 82
129 113
107 91
94 163
10 212
200 57
14 138
# Remaining lines are the edges.
# The first value is the source node index.
# The second value is the target node index.
0 1
0 2
0 3
1 29
1 31
2 27
2 28
3 26
3 30
4 13
4 15
4 25
5 11
5 12
5 14
6 7
6 11
6 17
7 12
7 18
8 9
8 10
8 19
9 13
9 23
10 22
10 24
11 16
12 19
13 21
14 17
14 18
15 16
15 20
16 30
17 31
18 27
19 28
20 23
20 30
21 22
21 31
22 29
23 26
24 28
24 29
25 26
25 27
