# First value is number of nodes (N)
32 
# Next N numbers describe the node locations
133 334
190 300
180 338
100 288
242 264
214 263
222 201
79 157
101 179
144 138
80 103
29 74
51 84
166 53
31 157
132 20
20 32
8 77
181 10
57 35
92 99
65 76
172 73
126 41
196 120
222 18
202 199
67 234
199 231
154 254
188 331
238 318
# Remaining lines are the edges.
# The first value is the source node index.
# The second value is the target node index.
0 1
0 2
0 3
1 28
1 31
2 30
2 31
3 27
3 29
4 5
4 6
4 31
5 29
5 30
6 25
6 26
7 8
7 27
7 30
8 9
8 10
9 23
9 24
10 20
10 21
11 14
11 15
11 16
12 14
12 23
12 27
13 18
13 22
13 24
14 17
15 18
15 19
16 17
16 19
17 21
18 21
19 20
20 22
22 26
23 26
24 25
25 28
28 29
