# First value is number of nodes (N)
38 
# Next N numbers describe the node locations
116 167
159 148
121 138
65 217
213 29
299 44
243 90
234 18
228 56
225 8
199 8
178 40
183 110
298 96
66 146
91 145
46 91
66 74
241 291
177 268
230 226
275 238
69 148
28 76
208 290
177 209
181 105
144 292
275 188
223 184
189 43
92 20
174 209
19 126
157 224
237 155
88 251
23 183
# Remaining lines are the edges.
# The first value is the source node index.
# The second value is the target node index.
0 1
0 2
0 3
1 32
1 35
2 34
2 37
3 33
3 36
4 7
4 9
4 12
5 6
5 9
5 13
6 8
6 12
7 8
7 13
8 11
9 10
10 11
10 31
11 30
12 28
13 29
14 16
14 23
14 26
15 17
15 22
15 26
16 22
16 30
17 23
17 31
18 21
18 25
18 27
19 20
19 24
19 27
20 25
20 29
21 24
21 28
22 33
23 33
24 34
25 34
26 37
27 36
28 35
29 35
30 32
31 32
36 37
