# First value is number of nodes (N)
38 
# Next N numbers describe the node locations
135 255
194 232
73 243
102 222
254 122
274 77
36 104
81 22
57 52
32 83
179 39
224 47
82 48
23 23
20 57
70 61
17 100
217 75
180 55
178 59
240 97
35 119
311 137
240 135
323 140
250 112
245 220
306 211
226 117
92 79
22 128
51 163
223 178
254 222
72 203
96 206
88 167
33 196
# Remaining lines are the edges.
# The first value is the source node index.
# The second value is the target node index.
0 1
0 2
0 3
1 32
1 33
2 35
2 37
3 34
3 36
4 5
4 6
4 21
5 17
5 18
6 15
6 16
7 8
7 9
7 10
8 14
8 29
9 13
9 30
10 11
10 19
11 12
11 17
12 18
12 28
13 14
13 15
14 16
15 29
16 30
17 20
18 19
19 25
20 24
20 28
21 22
21 23
22 25
22 27
23 24
23 26
24 27
25 26
26 33
27 33
28 32
29 36
30 37
31 32
31 34
31 35
34 37
35 36
