# First value is number of nodes (N)
34 
# Next N numbers describe the node locations
125 106
118 227
115 189
40 203
258 36
329 11
338 19
364 38
348 56
229 31
338 51
356 84
301 52
262 77
332 139
164 33
99 19
103 80
154 86
268 134
63 69
29 62
33 12
75 39
38 179
8 77
223 63
174 140
14 139
132 190
202 231
104 237
113 219
150 221
# Remaining lines are the edges.
# The first value is the source node index.
# The second value is the target node index.
0 1
0 2
0 3
1 30
1 33
2 29
2 31
3 28
3 32
4 5
4 6
4 9
5 7
5 10
6 8
6 11
7 11
7 12
8 10
8 12
9 13
9 15
10 14
11 14
12 13
13 19
14 19
15 16
15 18
16 22
16 23
17 18
17 20
17 21
18 27
19 26
20 22
20 24
21 23
21 25
22 25
23 24
24 28
25 28
26 27
26 30
27 29
29 33
30 31
31 32
32 33
