# First value is number of nodes (N)
54 
# Next N numbers describe the node locations
228 440
239 425
222 303
340 402
349 86
297 99
222 55
211 151
282 31
122 63
19 109
46 147
148 68
93 279
48 179
102 196
134 135
62 147
195 219
117 78
193 20
280 105
251 76
200 57
321 44
339 61
289 56
353 161
52 247
54 264
36 173
19 198
294 98
310 126
347 225
9 250
45 288
299 148
298 169
45 313
61 271
306 270
337 310
261 328
189 365
166 335
82 322
210 252
240 357
300 322
228 337
236 360
149 223
147 418
# Remaining lines are the edges.
# The first value is the source node index.
# The second value is the target node index.
0 1
0 2
0 3
1 50
1 51
2 48
2 52
3 49
3 53
4 25
4 27
4 32
5 26
5 27
5 33
6 7
6 8
6 24
7 21
7 33
8 20
8 32
9 10
9 11
9 19
10 17
10 31
11 18
11 30
12 16
12 22
12 23
13 28
13 29
13 40
14 17
14 28
14 30
15 18
15 29
15 31
16 17
16 18
19 20
19 21
20 23
21 22
22 25
23 26
24 25
24 26
27 34
28 35
29 36
30 36
31 35
32 37
33 37
34 38
34 41
35 39
36 39
37 38
38 47
39 46
40 44
40 45
41 42
41 43
42 48
42 51
43 49
43 50
44 51
44 53
45 50
45 52
46 52
46 53
47 48
47 49
