# First value is number of nodes (N)
34 
# Next N numbers describe the node locations
318 394
323 193
377 387
127 395
186 279
76 73
132 128
50 129
71 83
106 68
43 76
53 235
98 19
197 56
191 63
90 147
168 118
168 185
57 243
134 193
144 185
165 202
274 186
187 291
295 182
340 297
374 332
365 405
329 421
282 323
358 343
412 407
398 397
253 337
# Remaining lines are the edges.
# The first value is the source node index.
# The second value is the target node index.
0 1
0 2
0 3
1 28
1 29
2 30
2 32
3 31
3 33
4 23
4 24
4 25
5 7
5 9
5 10
6 8
6 9
6 11
7 11
7 12
8 10
8 12
9 13
10 14
11 14
12 13
13 16
14 15
15 19
15 20
16 17
16 18
17 20
17 21
18 19
18 22
19 21
20 22
21 23
22 24
23 29
24 29
25 26
25 28
26 32
26 33
27 28
27 30
27 31
30 33
31 32
