# First value is number of nodes (N)
32 
# Next N numbers describe the node locations
151 254
215 250
165 248
39 222
284 27
278 129
95 21
66 35
113 59
329 62
286 95
337 52
306 159
227 48
64 62
53 54
154 41
147 148
187 151
338 110
21 60
93 62
309 164
30 122
133 84
137 136
70 146
141 94
266 211
265 168
179 200
182 209
# Remaining lines are the edges.
# The first value is the source node index.
# The second value is the target node index.
0 1
0 2
0 3
1 28
1 31
2 27
2 29
3 26
3 30
4 9
4 11
4 13
5 10
5 12
5 13
6 7
6 8
6 16
7 14
7 20
8 15
8 21
9 10
9 18
10 19
11 12
11 19
12 18
13 16
14 17
14 21
15 17
15 20
16 24
17 25
18 22
19 22
20 23
21 23
22 28
23 26
24 25
24 26
25 27
27 31
28 29
29 30
30 31
