# First value is number of nodes (N)
34 
# Next N numbers describe the node locations
291 317
279 292
269 298
301 315
268 123
226 177
187 251
250 150
125 212
102 305
236 61
72 37
40 76
278 75
188 41
82 279
62 163
140 8
151 41
40 129
145 140
191 119
136 66
28 180
74 126
153 113
85 168
172 194
228 186
255 195
306 227
265 251
211 289
297 283
# Remaining lines are the edges.
# The first value is the source node index.
# The second value is the target node index.
0 1
0 2
0 3
1 32
1 33
2 32
2 33
3 30
3 31
4 10
4 28
4 29
5 7
5 27
5 29
6 7
6 8
6 32
7 28
8 25
8 26
9 15
9 16
9 27
10 13
10 14
11 12
11 17
11 18
12 19
12 20
13 17
13 21
14 18
14 22
15 19
15 23
16 20
16 24
17 22
18 21
19 24
20 23
21 25
22 25
23 26
24 26
27 31
28 31
29 30
30 33
