# First value is number of nodes (N)
36 
# Next N numbers describe the node locations
211 267
282 229
239 229
144 284
193 161
180 18
161 50
165 73
203 124
10 223
14 153
8 120
89 134
54 139
84 167
27 121
142 102
90 129
287 49
181 58
182 10
79 65
154 115
241 186
280 90
271 160
282 115
102 157
43 194
67 223
289 188
294 159
128 224
108 262
84 248
133 218
# Remaining lines are the edges.
# The first value is the source node index.
# The second value is the target node index.
0 1
0 2
0 3
1 30
1 31
2 33
2 35
3 32
3 34
4 5
4 23
4 29
5 6
5 7
6 20
6 22
7 19
7 21
8 12
8 25
8 26
9 11
9 14
9 27
10 14
10 15
10 28
11 13
11 15
12 16
12 27
13 17
13 28
14 17
15 16
16 22
17 21
18 19
18 20
18 24
19 22
20 21
23 25
23 30
24 26
24 31
25 31
26 30
27 35
28 34
29 32
29 33
32 35
33 34
