# First value is number of nodes (N)
32 
# Next N numbers describe the node locations
113 364
66 356
120 316
194 343
179 199
112 208
195 139
30 121
13 183
32 71
69 51
28 35
90 18
120 61
79 59
8 124
58 161
26 228
130 68
115 88
155 25
88 272
180 77
153 144
122 203
95 282
133 131
191 259
151 301
146 231
82 328
66 303
# Remaining lines are the edges.
# The first value is the source node index.
# The second value is the target node index.
0 1
0 2
0 3
1 30
1 31
2 29
2 31
3 28
3 30
4 5
4 6
4 27
5 21
5 24
6 22
6 23
7 14
7 15
7 16
8 15
8 16
8 17
9 10
9 11
9 15
10 18
10 19
11 12
11 13
12 14
12 20
13 19
13 20
14 18
16 21
17 24
17 25
18 22
19 23
20 22
21 31
23 26
24 26
25 28
25 30
26 29
27 28
27 29
