# First value is number of nodes (N)
34 
# Next N numbers describe the node locations
96 282
109 294
149 257
65 269
140 133
178 143
169 71
265 139
256 96
299 86
28 105
58 60
35 54
78 44
247 36
289 24
56 113
133 86
78 39
219 8
254 59
273 61
157 22
210 66
81 97
218 187
18 200
102 186
49 207
87 199
271 229
160 287
106 316
126 290
# Remaining lines are the edges.
# The first value is the source node index.
# The second value is the target node index.
0 1
0 2
0 3
1 30
1 33
2 29
2 31
3 28
3 32
4 5
4 6
4 27
5 24
5 25
6 22
6 23
7 8
7 9
7 25
8 14
8 20
9 15
9 21
10 12
10 16
10 26
11 13
11 17
11 26
12 17
12 18
13 16
13 18
14 19
14 21
15 19
15 20
16 24
17 24
18 22
19 22
20 23
21 23
25 30
26 28
27 28
27 29
29 33
30 31
31 32
32 33
