# First value is number of nodes (N)
32 
# Next N numbers describe the node locations
142 197
204 317
208 276
150 214
256 66
157 186
183 97
187 32
104 51
91 175
23 146
53 81
72 38
19 84
12 37
45 197
81 11
68 38
112 15
115 205
129 132
257 100
81 240
76 117
215 118
264 238
128 164
114 278
208 290
252 305
177 224
161 314
# Remaining lines are the edges.
# The first value is the source node index.
# The second value is the target node index.
0 1
0 2
0 3
1 29
1 31
2 28
2 30
3 26
3 27
4 21
4 24
4 25
5 19
5 20
5 21
6 7
6 8
6 24
7 18
7 20
8 16
8 17
9 19
9 20
9 22
10 13
10 15
10 23
11 12
11 14
11 23
12 17
12 18
13 14
13 17
14 16
15 19
15 22
16 18
21 30
22 27
23 26
24 26
25 28
25 29
27 31
28 31
29 30
