# First value is number of nodes (N)
30 
# Next N numbers describe the node locations
35 264
130 245
21 117
66 201
182 158
148 175
100 59
110 31
176 27
128 74
51 100
41 64
152 89
153 93
15 63
103 68
131 76
145 86
34 101
150 130
16 94
18 164
124 198
128 146
180 221
70 155
64 151
121 232
33 188
111 227
# Remaining lines are the edges.
# The first value is the source node index.
# The second value is the target node index.
0 1
0 2
0 3
1 24
1 29
2 26
2 28
3 25
3 27
4 8
4 12
4 22
5 9
5 13
5 23
6 7
6 8
6 15
7 9
7 14
8 17
9 16
10 11
10 12
10 13
11 14
11 15
12 19
13 18
14 21
15 20
16 17
16 18
17 19
18 26
19 25
20 21
20 26
21 25
22 24
22 28
23 24
23 27
27 29
28 29
