# First value is number of nodes (N)
36 
# Next N numbers describe the node locations
196 162
217 211
142 240
161 214
271 195
260 149
281 134
44 224
35 133
13 198
37 219
138 229
107 78
103 65
101 60
159 8
167 124
164 10
85 173
168 76
220 32
270 73
193 142
13 244
75 145
70 270
34 89
254 143
238 77
231 246
110 130
231 54
209 244
191 272
130 262
133 198
# Remaining lines are the edges.
# The first value is the source node index.
# The second value is the target node index.
0 1
0 2
0 3
1 30
1 31
2 33
2 35
3 32
3 34
4 5
4 6
4 29
5 22
5 28
6 21
6 27
7 11
7 23
7 25
8 9
8 11
8 24
9 10
9 23
10 18
10 25
11 18
12 14
12 17
12 24
13 16
13 17
13 26
14 15
14 16
15 20
15 26
16 19
17 20
18 19
19 22
20 21
21 28
22 27
23 30
24 35
25 34
26 30
27 31
28 31
29 32
29 33
32 35
33 34
