# First value is number of nodes (N)
38 
# Next N numbers describe the node locations
56 288
222 158
225 271
58 274
141 202
111 211
198 163
8 141
84 132
51 213
61 22
109 12
130 8
50 149
35 74
77 59
75 61
192 35
189 63
266 86
217 121
256 125
105 50
228 127
228 107
138 173
45 226
9 208
271 140
64 233
82 256
169 184
32 265
90 251
216 239
223 150
265 211
165 212
# Remaining lines are the edges.
# The first value is the source node index.
# The second value is the target node index.
0 1
0 2
0 3
1 35
1 37
2 34
2 36
3 32
3 33
4 5
4 6
4 31
5 29
5 30
6 23
6 24
7 9
7 14
7 27
8 9
8 13
8 25
9 26
10 12
10 14
10 16
11 12
11 13
11 15
12 17
13 16
14 15
15 20
16 20
17 18
17 19
18 22
18 25
19 24
19 28
20 23
21 22
21 23
21 28
22 24
25 37
26 30
26 33
27 29
27 32
28 36
29 33
30 32
31 34
31 35
34 37
35 36
