# First value is number of nodes (N)
36 
# Next N numbers describe the node locations
170 233
120 238
151 191
225 232
122 155
138 85
186 125
14 42
86 14
42 208
95 155
20 85
212 37
171 49
114 38
151 74
172 22
161 14
71 16
26 166
55 74
170 79
161 106
100 153
171 161
14 184
198 147
227 104
112 58
115 228
60 230
98 184
174 131
209 194
133 228
230 186
# Remaining lines are the edges.
# The first value is the source node index.
# The second value is the target node index.
0 1
0 2
0 3
1 30
1 35
2 31
2 34
3 32
3 33
4 5
4 6
4 29
5 20
5 28
6 26
6 27
7 19
7 20
7 25
8 17
8 18
8 20
9 10
9 11
9 25
10 19
10 24
11 18
11 23
12 16
12 17
12 27
13 15
13 17
13 21
14 15
14 16
14 18
15 22
16 21
19 23
21 35
22 28
22 33
23 31
24 26
24 32
25 30
26 33
27 32
28 31
29 30
29 34
34 35
