# First value is number of nodes (N)
28 
# Next N numbers describe the node locations
258 242
284 205
311 226
167 255
303 79
220 75
274 48
129 38
51 88
187 19
193 23
241 8
324 133
96 68
78 65
15 154
100 112
24 191
8 193
55 182
103 168
41 234
97 262
152 213
145 268
136 250
255 186
311 171
# Remaining lines are the edges.
# The first value is the source node index.
# The second value is the target node index.
0 1
0 2
0 3
1 26
1 27
2 26
2 27
3 24
3 25
4 5
4 6
4 12
5 10
5 11
6 10
6 11
7 9
7 13
7 14
8 13
8 14
8 15
9 10
9 11
12 26
12 27
13 16
14 16
15 17
15 18
16 20
17 19
17 21
18 19
18 21
19 20
20 23
21 22
22 24
22 25
23 24
23 25
