# First value is number of nodes (N)
30 
# Next N numbers describe the node locations
169 132
156 74
127 152
139 183
119 110
68 129
25 8
31 151
120 212
10 215
28 270
52 109
75 251
137 8
119 76
53 19
117 13
43 217
19 97
19 178
80 281
85 262
49 192
128 159
77 191
137 215
149 43
115 33
146 205
66 156
# Remaining lines are the edges.
# The first value is the source node index.
# The second value is the target node index.
0 1
0 2
0 3
1 26
1 27
2 25
2 29
3 24
3 28
4 5
4 6
4 23
5 11
5 12
6 15
6 16
7 14
7 19
7 22
8 12
8 17
8 21
9 10
9 18
9 22
10 20
10 21
11 13
11 18
12 20
13 16
13 27
14 15
14 26
15 27
16 26
17 19
17 28
18 29
19 29
20 28
21 25
22 24
23 24
23 25
