# First value is number of nodes (N)
34 
# Next N numbers describe the node locations
169 298
107 288
186 109
195 301
143 187
27 187
292 91
338 151
297 140
326 223
343 268
296 268
337 187
227 188
325 176
372 178
272 121
159 24
322 15
193 82
229 123
135 49
132 8
138 32
113 84
73 136
51 40
54 118
8 143
86 173
48 131
60 243
244 303
149 327
# Remaining lines are the edges.
# The first value is the source node index.
# The second value is the target node index.
0 1
0 2
0 3
1 31
1 33
2 32
2 33
3 32
3 33
4 27
4 29
4 31
5 28
5 30
5 31
6 7
6 8
6 16
7 12
7 15
8 13
8 14
9 11
9 12
9 14
10 11
10 13
10 15
11 32
12 13
14 15
16 17
16 18
17 19
17 21
18 20
18 22
19 20
19 23
20 24
21 22
21 24
22 23
23 26
24 25
25 29
25 30
26 27
26 28
27 30
28 29
