# First value is number of nodes (N)
30 
# Next N numbers describe the node locations
121 191
147 97
129 221
148 118
239 178
36 176
56 120
192 101
61 111
27 111
56 10
114 101
180 154
238 122
66 82
39 169
25 221
75 153
143 69
188 18
222 159
100 14
186 157
26 106
100 61
103 217
133 171
190 124
236 9
204 204
# Remaining lines are the edges.
# The first value is the source node index.
# The second value is the target node index.
0 1
0 2
0 3
1 24
1 27
2 25
2 29
3 26
3 28
4 12
4 13
4 22
5 9
5 14
5 16
6 9
6 15
6 17
7 10
7 18
7 21
8 11
8 20
8 22
9 23
10 11
10 23
11 19
12 20
12 27
13 21
13 29
14 15
14 24
15 25
16 17
16 25
17 26
18 19
18 27
19 28
20 29
21 28
22 26
23 24
