# First value is number of nodes (N)
34 
# Next N numbers describe the node locations
167 273
157 214
68 282
230 281
119 108
94 111
71 8
48 43
98 28
72 57
24 33
50 39
25 87
222 126
137 48
261 71
54 172
17 201
48 148
111 191
262 215
293 192
8 254
34 247
79 227
95 223
248 246
266 212
178 212
253 268
286 253
80 180
62 286
12 252
# Remaining lines are the edges.
# The first value is the source node index.
# The second value is the target node index.
0 1
0 2
0 3
1 28
1 31
2 32
2 33
3 29
3 30
4 5
4 13
4 16
5 8
5 9
6 8
6 10
6 14
7 9
7 11
7 14
8 11
9 10
10 12
11 12
12 18
13 15
13 19
14 19
15 20
15 21
16 24
16 25
17 18
17 22
17 23
18 31
19 31
20 26
20 29
21 27
21 30
22 24
22 32
23 25
23 33
24 33
25 32
26 28
26 30
27 28
27 29
