# First value is number of nodes (N)
38 
# Next N numbers describe the node locations
142 250
155 204
115 286
63 205
283 78
104 16
32 62
40 75
182 65
172 8
16 50
54 58
239 33
232 61
181 91
302 145
202 40
221 59
140 105
55 112
20 74
290 216
286 187
199 205
264 226
251 194
156 166
283 154
252 159
246 265
13 254
20 151
92 172
216 136
167 273
67 251
127 250
136 250
# Remaining lines are the edges.
# The first value is the source node index.
# The second value is the target node index.
0 1
0 2
0 3
1 33
1 36
2 34
2 35
3 32
3 37
4 12
4 13
4 15
5 9
5 10
5 11
6 8
6 11
6 20
7 8
7 10
7 19
8 18
9 12
9 16
10 20
11 19
12 17
13 14
13 16
14 17
14 18
15 21
15 22
16 27
17 27
18 26
19 30
20 31
21 25
21 29
22 24
22 28
23 24
23 25
23 26
24 29
25 28
26 32
27 33
28 33
29 34
30 31
30 35
31 32
34 37
35 36
36 37
