# First value is number of nodes (N)
34 
# Next N numbers describe the node locations
77 370
78 359
107 375
94 366
164 63
211 51
80 54
31 13
128 10
148 8
85 93
188 163
233 61
217 83
8 38
41 86
54 32
54 89
97 112
219 137
19 86
41 126
33 153
176 178
127 223
65 212
47 271
111 313
52 279
12 362
122 345
224 311
54 363
102 392
# Remaining lines are the edges.
# The first value is the source node index.
# The second value is the target node index.
0 1
0 2
0 3
1 28
1 31
2 29
2 33
3 30
3 32
4 8
4 10
4 11
5 9
5 12
5 13
6 9
6 16
6 17
7 8
7 14
7 15
8 9
10 12
10 18
11 13
11 19
12 19
13 18
14 16
14 20
15 17
15 21
16 21
17 20
18 23
19 23
20 22
21 22
22 25
23 24
24 25
24 27
25 26
26 28
26 29
27 28
27 30
29 32
30 33
31 32
31 33
