# First value is number of nodes (N)
34 
# Next N numbers describe the node locations
103 205
161 146
73 175
112 255
245 63
237 120
130 23
173 206
42 105
248 156
62 115
18 65
179 236
181 42
190 51
166 116
148 48
179 62
73 33
251 168
222 129
141 83
117 133
138 246
206 243
21 107
188 223
24 163
160 120
179 256
132 142
54 223
132 162
71 229
# Remaining lines are the edges.
# The first value is the source node index.
# The second value is the target node index.
0 1
0 2
0 3
1 28
1 33
2 30
2 32
3 29
3 31
4 5
4 6
4 15
5 9
5 14
6 10
6 13
7 9
7 24
7 26
8 10
8 25
8 27
9 23
10 22
11 18
11 22
11 27
12 19
12 23
12 26
13 14
13 17
14 16
15 16
15 17
16 21
17 20
18 21
18 25
19 20
19 24
20 28
21 28
22 30
23 29
24 29
25 30
26 32
27 31
31 33
32 33
