# First value is number of nodes (N)
30 
# Next N numbers describe the node locations
204 225
261 177
232 162
146 227
183 11
101 114
116 15
54 156
47 123
115 219
19 88
104 102
93 140
147 54
26 69
121 61
78 68
117 117
157 179
61 180
13 176
151 148
171 72
237 51
125 205
80 219
236 68
236 18
184 90
149 127
# Remaining lines are the edges.
# The first value is the source node index.
# The second value is the target node index.
0 1
0 2
0 3
1 27
1 29
2 26
2 28
3 24
3 25
4 5
4 6
4 23
5 13
5 16
6 14
6 15
7 8
7 10
7 20
8 11
8 17
9 12
9 18
9 19
10 14
10 19
11 15
11 21
12 16
12 20
13 14
13 22
15 16
17 22
17 24
18 21
18 29
19 25
20 25
21 24
22 28
23 26
23 27
26 29
27 28
