# First value is number of nodes (N)
34 
# Next N numbers describe the node locations
203 279
108 194
158 285
274 272
50 220
8 173
55 166
274 219
291 216
256 186
267 70
239 17
220 49
196 66
239 29
306 126
308 190
322 184
214 8
304 173
164 103
133 169
58 61
58 65
138 158
39 149
59 113
12 109
48 173
190 248
326 242
312 220
158 208
104 259
# Remaining lines are the edges.
# The first value is the source node index.
# The second value is the target node index.
0 1
0 2
0 3
1 32
1 33
2 29
2 33
3 30
3 31
4 5
4 6
4 33
5 25
5 27
6 26
6 28
7 8
7 9
7 29
8 16
8 30
9 17
9 31
10 11
10 12
10 15
11 13
11 18
12 14
12 19
13 19
13 20
14 18
14 20
15 16
15 17
16 31
17 30
18 22
19 22
20 21
21 24
21 32
22 23
23 27
23 28
24 25
24 26
25 28
26 27
29 32
