# First value is number of nodes (N)
30 
# Next N numbers describe the node locations
123 259
19 233
228 240
118 198
121 30
134 13
150 55
107 8
175 20
60 89
94 100
127 17
160 101
76 61
40 48
158 141
218 71
63 141
32 109
113 171
21 54
207 76
202 125
178 107
175 118
28 172
203 233
198 160
164 207
126 225
# Remaining lines are the edges.
# The first value is the source node index.
# The second value is the target node index.
0 1
0 2
0 3
1 25
1 29
2 26
2 27
3 24
3 28
4 5
4 6
4 9
5 11
5 16
6 8
6 12
7 8
7 11
7 13
8 16
9 17
9 20
10 14
10 15
10 21
11 21
12 15
12 19
13 14
13 18
14 20
15 23
16 22
17 18
17 19
18 25
19 26
20 25
21 24
22 23
22 27
23 24
26 29
27 28
28 29
