# First value is number of nodes (N)
28 
# Next N numbers describe the node locations
132 125
173 143
90 125
107 193
253 64
130 41
83 84
262 42
18 79
106 61
137 85
240 153
230 87
222 33
205 125
153 8
265 111
97 27
73 145
8 133
138 191
104 130
39 176
147 173
88 172
39 119
97 28
223 118
# Remaining lines are the edges.
# The first value is the source node index.
# The second value is the target node index.
0 1
0 2
0 3
1 23
1 27
2 25
2 26
3 22
3 24
4 5
4 7
4 12
5 9
5 10
6 8
6 10
6 18
7 13
7 16
8 17
8 19
9 17
9 21
10 15
11 12
11 16
11 20
12 14
13 14
13 15
14 27
15 26
16 27
17 26
18 22
18 23
19 22
19 25
20 23
20 24
21 24
21 25
