# First value is number of nodes (N)
38 
# Next N numbers describe the node locations
134 238
116 240
241 205
234 216
233 80
309 54
321 76
128 23
160 86
259 14
279 55
286 8
309 41
220 154
130 132
143 149
176 103
143 166
103 131
126 109
34 73
95 63
60 91
65 165
8 73
36 84
25 80
20 108
273 66
304 196
159 230
238 264
166 256
78 194
291 237
222 201
288 134
278 231
# Remaining lines are the edges.
# The first value is the source node index.
# The second value is the target node index.
0 1
0 2
0 3
1 32
1 33
2 35
2 37
3 34
3 36
4 5
4 6
4 13
5 12
5 28
6 11
6 29
7 8
7 20
7 21
8 9
8 10
9 11
9 28
10 12
10 29
11 12
13 16
13 17
14 17
14 18
14 30
15 16
15 19
15 30
16 18
17 19
18 22
19 23
20 23
20 24
21 22
21 25
22 27
23 26
24 25
24 27
25 26
26 33
27 33
28 36
29 37
30 32
31 32
31 34
31 35
34 37
35 36
