# First value is number of nodes (N)
34 
# Next N numbers describe the node locations
291 217
205 224
330 204
336 175
358 87
294 57
333 33
104 67
44 74
73 103
10 126
45 131
34 118
31 144
250 33
333 37
274 17
169 62
272 55
284 23
35 182
69 155
93 196
277 157
210 191
188 119
369 152
260 207
230 149
157 203
286 156
323 144
357 183
280 121
# Remaining lines are the edges.
# The first value is the source node index.
# The second value is the target node index.
0 1
0 2
0 3
1 28
1 29
2 30
2 32
3 31
3 33
4 5
4 6
4 26
5 15
5 18
6 16
6 19
7 8
7 9
7 17
8 10
8 12
9 11
9 13
10 11
10 20
11 21
12 13
12 21
13 20
14 15
14 16
14 17
15 19
16 18
17 25
18 23
19 23
20 22
21 22
22 29
23 28
24 25
24 27
24 29
25 28
26 32
26 33
27 30
27 31
30 33
31 32
