# First value is number of nodes (N)
32 
# Next N numbers describe the node locations
70 192
18 174
68 234
124 117
44 129
150 205
81 76
181 195
226 156
216 131
196 98
299 71
263 39
278 24
212 125
144 17
241 37
225 16
332 121
292 83
309 71
227 85
202 38
163 15
70 18
30 58
130 109
132 167
21 113
98 166
121 218
26 183
# Remaining lines are the edges.
# The first value is the source node index.
# The second value is the target node index.
0 1
0 2
0 3
1 28
1 31
2 30
2 31
3 27
3 29
4 5
4 6
4 31
5 29
5 30
6 25
6 26
7 8
7 27
7 30
8 9
8 10
9 19
9 20
10 21
10 22
11 12
11 14
11 18
12 16
12 19
13 16
13 17
13 20
14 21
14 27
15 22
15 23
15 24
16 22
17 21
17 23
18 19
18 20
23 26
24 25
24 26
25 28
28 29
