# First value is number of nodes (N)
30 
# Next N numbers describe the node locations
206 52
178 172
184 136
164 45
227 128
177 117
105 41
58 194
36 151
31 115
8 130
12 112
118 111
240 113
211 191
245 134
202 67
241 64
133 197
111 8
151 128
86 36
27 204
69 142
102 165
246 190
176 10
119 41
231 146
138 158
# Remaining lines are the edges.
# The first value is the source node index.
# The second value is the target node index.
0 1
0 2
0 3
1 24
1 25
2 28
2 29
3 26
3 27
4 5
4 14
4 17
5 15
5 16
6 9
6 19
6 20
7 8
7 18
7 22
8 11
8 23
9 10
9 23
10 11
10 22
11 21
12 16
12 20
12 29
13 15
13 17
13 28
14 18
14 25
15 25
16 27
17 26
18 29
19 21
19 26
20 28
21 27
22 24
23 24
