# First value is number of nodes (N)
30 
# Next N numbers describe the node locations
183 327
164 363
213 320
29 371
229 264
102 194
84 305
90 10
84 45
28 79
52 8
84 119
43 52
167 14
46 34
115 43
29 81
247 23
77 244
140 133
55 148
212 192
115 265
249 318
269 302
241 368
131 255
162 369
182 392
198 398
# Remaining lines are the edges.
# The first value is the source node index.
# The second value is the target node index.
0 1
0 2
0 3
1 26
1 29
2 25
2 27
3 24
3 28
4 5
4 6
4 21
5 18
5 19
6 17
6 20
7 8
7 11
7 13
8 12
8 14
9 10
9 11
9 14
10 12
10 13
11 16
12 16
13 15
14 15
15 19
16 20
17 19
17 22
18 20
18 22
21 23
21 24
22 26
23 24
23 25
25 29
26 27
27 28
28 29
