# First value is number of nodes (N)
32 
# Next N numbers describe the node locations
162 243
171 278
210 239
131 180
255 211
232 151
233 29
165 83
155 44
92 148
16 190
22 92
60 213
16 33
52 145
47 105
74 76
90 98
109 98
63 45
46 101
23 69
83 86
127 80
154 25
142 29
153 77
240 218
183 181
83 170
76 248
230 265
# Remaining lines are the edges.
# The first value is the source node index.
# The second value is the target node index.
0 1
0 2
0 3
1 30
1 31
2 27
2 31
3 28
3 29
4 5
4 27
4 31
5 6
5 28
6 7
6 8
7 24
7 26
8 23
8 25
9 10
9 17
9 22
10 11
10 12
11 16
11 21
12 29
12 30
13 14
13 19
13 21
14 15
14 20
15 17
15 29
16 19
16 20
17 23
18 26
18 28
18 30
19 24
20 25
21 25
22 23
22 24
26 27
