# First value is number of nodes (N)
32 
# Next N numbers describe the node locations
106 235
61 191
181 234
145 166
86 90
231 140
46 76
34 18
61 32
93 8
159 11
198 106
113 142
62 38
248 18
185 146
266 143
212 197
154 14
8 79
59 122
206 141
140 109
278 204
228 233
149 198
99 170
159 201
150 231
25 139
179 143
241 205
# Remaining lines are the edges.
# The first value is the source node index.
# The second value is the target node index.
0 1
0 2
0 3
1 26
1 29
2 28
2 31
3 27
3 30
4 5
4 6
4 20
5 21
5 22
6 8
6 19
7 8
7 9
7 19
8 13
9 10
9 13
10 11
10 12
11 14
11 15
12 18
12 20
13 18
14 16
14 21
15 17
15 22
16 23
16 27
17 24
17 28
18 26
19 29
20 29
21 31
22 30
23 24
23 31
24 30
25 26
25 27
25 28
