# First value is number of nodes (N)
38 
# Next N numbers describe the node locations
220 287
217 245
252 228
154 292
152 162
121 278
157 89
195 125
72 162
91 227
8 158
73 101
65 130
41 89
18 22
78 243
176 104
37 77
257 38
148 53
196 17
203 70
117 23
111 20
172 53
241 102
59 195
194 273
67 325
125 310
101 284
207 177
111 323
140 286
197 204
258 151
263 163
144 221
# Remaining lines are the edges.
# The first value is the source node index.
# The second value is the target node index.
0 1
0 2
0 3
1 35
1 37
2 34
2 36
3 32
3 33
4 5
4 6
4 31
5 29
5 30
6 23
6 24
7 11
7 12
7 16
8 11
8 13
8 26
9 15
9 26
9 28
10 12
10 14
10 15
11 14
12 13
13 17
14 17
15 27
16 21
16 25
17 22
18 19
18 20
18 25
19 22
19 24
20 21
20 23
21 24
22 23
25 36
26 37
27 30
27 33
28 29
28 32
29 33
30 32
31 34
31 35
34 37
35 36
