# First value is number of nodes (N)
34 
# Next N numbers describe the node locations
122 326
124 259
225 329
248 294
258 145
287 202
258 59
48 79
98 34
184 40
136 104
107 29
148 9
217 25
119 39
171 117
18 174
37 149
20 189
51 129
8 128
162 126
89 178
235 62
12 193
32 161
278 260
308 256
198 256
48 256
278 313
294 294
239 260
202 238
# Remaining lines are the edges.
# The first value is the source node index.
# The second value is the target node index.
0 1
0 2
0 3
1 28
1 29
2 30
2 33
3 31
3 32
4 5
4 6
4 21
5 26
5 27
6 13
6 14
7 8
7 19
7 20
8 11
8 12
9 11
9 13
9 15
10 12
10 14
10 15
11 14
12 13
15 23
16 18
16 19
16 24
17 18
17 20
17 25
18 22
19 25
20 24
21 22
21 23
22 28
23 28
24 29
25 29
26 30
26 32
27 31
27 33
30 31
32 33
