# First value is number of nodes (N)
38 
# Next N numbers describe the node locations
217 260
86 320
106 307
157 191
250 246
251 193
17 192
49 133
25 138
94 105
76 243
144 31
101 15
142 9
194 52
177 77
55 12
71 98
93 123
42 101
18 72
119 135
79 104
255 215
243 208
188 168
263 189
239 206
192 101
201 114
223 186
9 300
194 127
155 261
50 246
72 281
99 303
121 276
# Remaining lines are the edges.
# The first value is the source node index.
# The second value is the target node index.
0 1
0 2
0 3
1 35
1 37
2 34
2 36
3 32
3 33
4 24
4 26
4 27
5 23
5 25
5 27
6 7
6 8
6 31
7 19
7 21
8 18
8 20
9 12
9 13
9 22
10 13
10 16
10 28
11 12
11 14
11 28
12 16
13 14
14 15
15 21
15 29
16 20
17 18
17 19
17 22
18 21
19 20
22 25
23 26
23 30
24 25
24 30
26 29
27 36
28 32
29 32
30 33
31 34
31 35
33 37
34 37
35 36
