# First value is number of nodes (N)
32 
# Next N numbers describe the node locations
124 221
93 174
80 203
194 204
230 47
102 26
26 107
18 14
186 34
240 64
60 89
68 43
276 103
319 42
80 45
18 51
302 123
302 108
246 142
112 83
160 102
162 132
25 102
233 195
147 85
114 36
231 133
30 172
126 137
131 170
254 236
60 225
# Remaining lines are the edges.
# The first value is the source node index.
# The second value is the target node index.
0 1
0 2
0 3
1 28
1 31
2 27
2 29
3 26
3 30
4 8
4 9
4 21
5 6
5 7
5 20
6 10
6 14
7 11
7 15
8 12
8 16
9 13
9 17
10 15
10 19
11 14
11 19
12 17
12 18
13 16
13 18
14 22
15 22
16 23
17 23
18 25
19 24
20 21
20 25
21 24
22 27
23 26
24 28
25 26
27 31
28 29
29 30
30 31
