# First value is number of nodes (N)
30 
# Next N numbers describe the node locations
118 199
152 133
140 153
212 120
207 87
199 46
172 70
12 59
57 14
8 115
8 161
69 170
80 141
174 35
83 65
102 210
43 74
41 212
110 35
74 87
111 28
186 42
238 36
232 149
237 110
214 206
103 165
77 205
134 144
152 90
# Remaining lines are the edges.
# The first value is the source node index.
# The second value is the target node index.
0 1
0 2
0 3
1 25
1 26
2 27
2 28
3 24
3 29
4 5
4 6
4 23
5 21
5 22
6 13
6 14
7 8
7 9
7 18
8 19
8 20
9 10
9 16
10 12
10 17
11 12
11 15
11 16
12 14
13 20
13 22
14 19
15 17
15 25
16 27
17 27
18 21
18 26
19 29
20 26
21 28
22 24
23 24
23 25
28 29
