# First value is number of nodes (N)
36 
# Next N numbers describe the node locations
240 266
210 284
134 206
81 203
225 39
146 48
135 60
52 145
68 23
132 44
147 117
174 31
107 33
61 138
140 159
71 43
11 162
263 81
268 203
275 218
283 155
274 157
266 219
294 206
90 150
43 189
48 166
201 119
83 283
231 224
271 259
82 213
149 149
210 267
106 275
150 288
# Remaining lines are the edges.
# The first value is the source node index.
# The second value is the target node index.
0 1
0 2
0 3
1 30
1 35
2 32
2 34
3 31
3 33
4 11
4 17
4 27
5 8
5 9
5 17
6 8
6 10
6 24
7 14
7 24
7 25
8 12
9 10
9 13
10 11
11 12
12 13
13 15
14 26
14 28
15 16
15 26
16 25
16 28
17 20
18 21
18 23
18 29
19 20
19 22
19 29
20 23
21 22
21 27
22 30
23 30
24 32
25 31
26 31
27 32
28 34
29 33
33 35
34 35
