# First value is number of nodes (N)
30 
# Next N numbers describe the node locations
160 182
225 95
217 161
111 141
169 158
138 158
137 195
8 104
9 171
28 42
27 233
83 8
82 267
100 217
115 56
106 249
109 29
40 73
65 207
66 47
56 244
195 26
175 260
159 108
73 185
89 46
235 93
69 129
200 242
220 71
# Remaining lines are the edges.
# The first value is the source node index.
# The second value is the target node index.
0 1
0 2
0 3
1 27
1 29
2 26
2 28
3 24
3 25
4 5
4 6
4 23
5 14
5 16
6 13
6 15
7 8
7 9
7 17
8 10
8 18
9 11
9 19
10 12
10 20
11 16
11 21
12 15
12 22
13 18
13 22
14 17
14 21
15 20
16 19
17 25
18 24
19 25
20 24
21 29
22 28
23 26
23 27
26 29
27 28
