# First value is number of nodes (N)
32 
# Next N numbers describe the node locations
129 241
185 234
150 214
73 235
286 139
273 32
214 71
179 74
199 181
130 83
68 159
10 82
171 157
71 38
109 11
53 8
45 65
16 32
52 45
49 112
183 23
188 126
212 67
206 70
260 95
239 119
197 20
181 180
136 185
116 171
30 161
256 206
# Remaining lines are the edges.
# The first value is the source node index.
# The second value is the target node index.
0 1
0 2
0 3
1 27
1 31
2 29
2 31
3 28
3 30
4 5
4 6
4 31
5 24
5 26
6 23
6 25
7 8
7 20
7 22
8 28
8 29
9 12
9 13
9 21
10 19
10 29
10 30
11 17
11 18
11 30
12 18
12 19
13 15
13 16
14 15
14 18
14 20
15 17
16 17
16 19
20 26
21 25
21 27
22 23
22 24
23 26
24 25
27 28
