# First value is number of nodes (N)
32 
# Next N numbers describe the node locations
231 117
234 71
186 110
260 43
487 27
450 24
118 68
13 21
469 53
458 82
76 64
48 15
397 20
56 32
400 62
102 13
465 137
24 105
53 32
461 105
396 113
90 123
359 103
113 58
148 24
362 45
134 103
383 129
306 89
193 30
170 43
212 53
# Remaining lines are the edges.
# The first value is the source node index.
# The second value is the target node index.
0 1
0 2
0 3
1 27
1 30
2 26
2 31
3 28
3 29
4 8
4 12
4 16
5 9
5 12
5 19
6 10
6 13
6 17
7 11
7 13
7 18
8 14
8 19
9 14
9 16
10 15
10 18
11 15
11 17
12 22
13 23
14 25
15 24
16 20
17 21
18 21
19 20
20 27
21 26
22 25
22 27
23 24
23 26
24 29
25 28
28 31
29 30
30 31
