# First value is number of nodes (N)
30 
# Next N numbers describe the node locations
142 274
75 286
111 241
203 243
166 124
132 64
135 67
22 155
242 47
218 23
55 114
75 39
214 23
98 43
125 8
284 93
220 136
248 147
272 143
220 170
286 155
203 197
8 219
56 181
280 223
195 230
37 254
17 277
71 217
100 202
# Remaining lines are the edges.
# The first value is the source node index.
# The second value is the target node index.
0 1
0 2
0 3
1 26
1 27
2 28
2 29
3 24
3 25
4 5
4 6
4 17
5 11
5 13
6 12
6 14
7 10
7 22
7 23
8 9
8 15
8 16
9 13
9 14
10 11
10 12
11 14
12 13
15 16
15 20
16 21
17 18
17 19
18 20
18 25
19 21
19 24
20 24
21 25
22 26
22 27
23 28
23 29
26 27
28 29
