# First value is number of nodes (N)
34 
# Next N numbers describe the node locations
311 458
295 410
219 475
262 477
195 272
183 345
143 379
95 204
28 169
134 83
45 34
49 43
55 72
67 50
49 105
33 71
9 47
55 217
70 201
310 121
197 170
234 167
138 152
247 352
156 293
209 398
223 323
79 480
254 372
221 428
304 515
242 427
262 382
261 446
# Remaining lines are the edges.
# The first value is the source node index.
# The second value is the target node index.
0 1
0 2
0 3
1 28
1 31
2 29
2 32
3 30
3 33
4 23
4 24
4 26
5 24
5 25
5 26
6 7
6 8
6 24
7 20
7 21
8 19
8 22
9 10
9 13
9 15
10 14
10 16
11 12
11 13
11 16
12 14
12 15
13 18
14 18
15 17
16 17
17 21
18 22
19 21
19 23
20 22
20 23
25 27
25 28
26 28
27 29
27 30
29 33
30 32
31 32
31 33
