# First value is number of nodes (N)
34 
# Next N numbers describe the node locations
183 386
177 324
183 343
39 393
113 146
137 128
218 217
100 113
31 160
40 133
8 102
60 65
27 46
101 34
116 17
134 16
189 148
44 92
40 99
45 243
102 369
43 276
28 331
86 344
71 365
82 343
173 245
221 361
60 372
40 393
126 365
226 288
201 319
157 222
# Remaining lines are the edges.
# The first value is the source node index.
# The second value is the target node index.
0 1
0 2
0 3
1 30
1 32
2 31
2 33
3 28
3 29
4 5
4 19
4 26
5 6
5 7
6 15
6 16
7 17
7 18
8 9
8 10
8 19
9 11
9 18
10 12
10 17
11 13
11 17
12 14
12 18
13 15
13 16
14 15
14 16
19 21
20 24
20 25
20 27
21 22
21 23
22 24
22 28
23 25
23 29
24 29
25 28
26 32
26 33
27 30
27 31
30 33
31 32
