# First value is number of nodes (N)
28 
# Next N numbers describe the node locations
183 452
234 479
32 495
160 393
91 199
134 168
18 247
224 95
55 40
90 58
12 21
102 53
8 77
91 94
23 115
111 257
112 310
136 311
245 566
131 539
209 575
119 517
242 523
198 508
139 576
274 518
156 339
73 407
# Remaining lines are the edges.
# The first value is the source node index.
# The second value is the target node index.
0 1
0 2
0 3
1 22
1 25
2 23
2 24
3 26
3 27
4 5
4 6
4 15
5 13
5 14
6 13
6 14
7 9
7 10
7 11
8 9
8 10
8 11
9 12
10 12
11 13
12 14
15 16
15 17
16 26
16 27
17 26
17 27
18 20
18 22
18 25
19 21
19 22
19 25
20 23
20 24
21 23
21 24
