# First value is number of nodes (N)
34 
# Next N numbers describe the node locations
64 299
35 330
39 277
200 329
140 31
161 78
149 8
173 42
181 17
222 107
207 28
231 30
109 115
133 193
133 302
72 171
154 125
219 86
233 141
85 237
177 237
255 204
250 302
195 240
156 154
172 298
26 220
54 195
233 325
226 268
93 267
49 272
39 283
42 265
# Remaining lines are the edges.
# The first value is the source node index.
# The second value is the target node index.
0 1
0 2
0 3
1 30
1 32
2 31
2 33
3 28
3 29
4 6
4 7
4 12
5 8
5 9
5 13
6 8
6 10
7 9
7 11
8 11
9 10
10 17
11 17
12 15
12 16
13 14
13 16
14 19
14 27
15 19
15 26
16 18
17 18
18 21
19 20
20 24
20 25
21 22
21 23
22 24
22 28
23 25
23 29
24 29
25 28
26 32
26 33
27 30
27 31
30 33
31 32
