# First value is number of nodes (N)
34 
# Next N numbers describe the node locations
80 191
399 225
381 253
293 204
426 152
422 172
491 188
495 189
473 26
257 33
172 148
66 40
78 76
8 63
24 39
43 46
46 89
61 8
65 41
113 27
75 131
116 149
197 89
148 14
143 147
486 235
500 214
452 182
487 45
306 113
223 154
457 226
395 201
389 177
# Remaining lines are the edges.
# The first value is the source node index.
# The second value is the target node index.
0 1
0 2
0 3
1 32
1 33
2 31
2 33
3 29
3 30
4 5
4 29
4 33
5 6
5 7
6 25
6 27
7 26
7 28
8 9
8 10
8 29
9 22
9 23
10 21
10 24
11 12
11 15
11 17
12 16
12 18
13 14
13 15
13 18
14 16
14 17
15 20
16 20
17 19
18 19
19 23
20 24
21 23
21 30
22 24
22 30
25 26
25 31
26 32
27 28
27 32
28 31
