# First value is number of nodes (N)
32 
# Next N numbers describe the node locations
173 279
125 180
124 275
134 200
108 75
139 28
38 68
26 73
76 61
52 120
8 125
213 42
72 80
32 56
128 8
218 93
92 47
167 49
91 80
157 121
179 102
224 159
16 170
76 147
43 241
132 212
194 181
126 205
72 267
192 178
109 178
90 239
# Remaining lines are the edges.
# The first value is the source node index.
# The second value is the target node index.
0 1
0 2
0 3
1 26
1 29
2 28
2 31
3 27
3 30
4 16
4 18
4 23
5 15
5 17
5 23
6 7
6 12
6 19
7 10
7 13
8 9
8 13
8 14
9 10
9 12
10 22
11 17
11 19
11 21
12 18
13 18
14 16
14 17
15 20
15 21
16 20
19 29
20 29
21 26
22 24
22 27
23 30
24 28
24 31
25 26
25 27
25 28
30 31
