# First value is number of nodes (N)
32 
# Next N numbers describe the node locations
128 281
80 247
175 266
98 277
133 63
112 12
151 12
208 40
179 35
115 119
122 59
23 102
31 121
223 94
228 99
151 111
16 78
84 155
125 142
25 170
8 145
90 155
209 175
69 205
107 226
225 163
20 277
161 220
180 221
125 238
108 198
25 209
# Remaining lines are the edges.
# The first value is the source node index.
# The second value is the target node index.
0 1
0 2
0 3
1 30
1 31
2 27
2 28
3 26
3 29
4 9
4 10
4 13
5 6
5 8
5 10
6 7
6 9
7 8
7 14
8 15
9 16
10 17
11 12
11 16
11 18
12 17
12 19
13 14
13 15
14 25
15 24
16 20
17 21
18 21
18 22
19 20
19 23
20 31
21 30
22 25
22 27
23 24
23 26
24 29
25 28
26 31
27 30
28 29
