# First value is number of nodes (N)
36 
# Next N numbers describe the node locations
130 209
77 216
121 157
212 215
158 119
78 145
125 162
12 65
145 38
164 113
46 47
41 83
84 31
209 106
241 103
237 35
233 79
236 119
185 34
12 76
82 73
190 158
110 84
240 136
85 179
39 45
162 168
199 134
94 117
45 163
31 97
113 132
161 176
222 219
16 219
166 189
# Remaining lines are the edges.
# The first value is the source node index.
# The second value is the target node index.
0 1
0 2
0 3
1 30
1 35
2 31
2 34
3 32
3 33
4 5
4 6
4 29
5 20
5 28
6 26
6 27
7 19
7 20
7 25
8 17
8 18
8 20
9 15
9 27
9 28
10 11
10 12
10 25
11 19
11 24
12 18
12 22
13 16
13 21
13 23
14 15
14 17
14 21
15 16
16 18
17 23
19 22
21 35
22 31
23 33
24 26
24 32
25 30
26 33
27 32
28 31
29 30
29 34
34 35
