# First value is number of nodes (N)
28 
# Next N numbers describe the node locations
34 448
8 498
47 460
74 404
212 33
197 35
243 19
214 86
156 51
247 74
166 109
216 123
192 160
175 143
89 535
167 204
150 264
134 502
175 397
145 344
211 494
175 436
122 311
37 266
104 426
75 376
35 537
100 513
# Remaining lines are the edges.
# The first value is the source node index.
# The second value is the target node index.
0 1
0 2
0 3
1 26
1 27
2 26
2 27
3 24
3 25
4 6
4 7
4 8
5 6
5 7
5 8
6 9
7 9
8 10
9 11
10 12
10 13
11 12
11 13
12 15
13 15
14 17
14 26
14 27
15 16
16 22
16 23
17 20
17 21
18 19
18 20
18 21
19 22
19 23
20 24
21 24
22 25
23 25
