# First value is number of nodes (N)
34 
# Next N numbers describe the node locations
143 235
125 198
201 240
186 214
216 85
236 21
9 81
38 23
197 92
8 81
242 32
257 9
57 35
63 49
276 50
75 66
112 27
264 71
204 11
60 44
270 103
134 114
22 138
226 144
32 186
32 186
208 138
204 9
60 241
229 242
163 131
209 180
196 213
171 188
# Remaining lines are the edges.
# The first value is the source node index.
# The second value is the target node index.
0 1
0 2
0 3
1 28
1 31
2 29
2 33
3 30
3 32
4 8
4 10
4 14
5 8
5 11
5 17
6 9
6 12
6 15
7 9
7 13
7 16
8 23
9 22
10 17
10 18
11 14
11 18
12 16
12 19
13 15
13 19
14 20
15 21
16 21
17 20
18 27
19 27
20 26
21 26
22 24
22 25
23 24
23 25
24 28
25 28
26 29
27 30
29 32
30 33
31 32
31 33
