# First value is number of nodes (N)
38 
# Next N numbers describe the node locations
136 197
101 164
58 191
113 231
265 103
220 118
269 151
37 59
25 114
8 123
126 275
110 294
102 281
65 217
222 210
33 89
230 183
243 210
178 220
250 283
248 213
272 198
168 135
178 93
34 44
65 318
124 322
192 197
178 238
54 109
35 150
195 87
150 34
74 146
174 301
116 265
105 54
130 76
# Remaining lines are the edges.
# The first value is the source node index.
# The second value is the target node index.
0 1
0 2
0 3
1 32
1 37
2 33
2 36
3 34
3 35
4 5
4 6
4 31
5 22
5 23
6 20
6 21
7 8
7 9
7 24
8 15
8 30
9 13
9 29
10 11
10 12
10 13
11 25
11 28
12 26
12 27
13 30
14 16
14 17
14 22
15 22
15 29
16 18
16 21
17 19
17 20
18 20
18 27
19 21
19 28
23 24
23 37
24 32
25 26
25 35
26 34
27 35
28 34
29 33
30 33
31 32
31 36
36 37
