# First value is number of nodes (N)
38 
# Next N numbers describe the node locations
86 259
66 310
61 244
132 283
225 69
119 83
92 20
125 8
250 126
177 165
209 96
20 35
179 28
72 63
220 115
71 141
135 174
83 69
153 78
63 74
138 60
236 194
278 183
245 279
242 311
236 274
129 63
21 99
236 133
227 226
134 232
160 295
170 266
25 255
112 195
108 244
86 298
59 284
# Remaining lines are the edges.
# The first value is the source node index.
# The second value is the target node index.
0 1
0 2
0 3
1 34
1 35
2 33
2 37
3 32
3 36
4 8
4 10
4 12
5 9
5 11
5 13
6 7
6 13
6 19
7 12
7 20
8 9
8 22
9 21
10 14
10 20
11 15
11 19
12 18
13 17
14 16
14 18
15 16
15 17
16 30
17 27
18 26
19 27
20 26
21 25
21 29
22 24
22 28
23 24
23 25
23 31
24 29
25 28
26 33
27 33
28 32
29 32
30 31
30 35
31 34
34 37
35 36
36 37
