# First value is number of nodes (N)
32 
# Next N numbers describe the node locations
36 199
75 152
129 233
149 222
210 24
245 73
84 22
221 62
188 10
36 15
202 73
244 60
59 49
201 181
172 49
41 94
90 62
47 45
12 76
165 198
82 125
166 116
214 123
169 122
108 139
155 234
225 240
111 187
10 229
165 149
152 108
9 106
# Remaining lines are the edges.
# The first value is the source node index.
# The second value is the target node index.
0 1
0 2
0 3
1 27
1 31
2 28
2 30
3 26
3 29
4 8
4 11
4 14
5 7
5 11
5 13
6 8
6 9
6 12
7 8
7 10
9 16
9 18
10 14
10 22
11 22
12 15
12 17
13 19
13 23
14 21
15 18
15 20
16 17
16 21
17 31
18 31
19 25
19 27
20 24
20 28
21 30
22 29
23 26
23 30
24 27
24 29
25 26
25 28
