# First value is number of nodes (N)
38 
# Next N numbers describe the node locations
60 171
88 186
119 249
212 271
239 126
157 73
58 113
89 99
74 45
60 36
203 21
151 106
33 64
137 22
83 8
95 293
42 168
227 161
140 246
91 82
11 121
32 257
115 83
25 39
182 183
165 265
247 241
196 279
117 327
162 154
114 304
204 290
107 148
70 138
76 324
174 317
145 318
240 221
# Remaining lines are the edges.
# The first value is the source node index.
# The second value is the target node index.
0 1
0 2
0 3
1 32
1 33
2 34
2 35
3 36
3 37
4 5
4 10
4 17
5 8
5 9
6 7
6 12
6 16
7 9
7 11
8 12
8 19
9 14
10 11
10 13
11 29
12 23
13 14
13 22
14 23
15 18
15 21
15 28
16 20
16 21
17 25
17 26
18 24
18 27
19 20
19 22
20 33
21 34
22 32
23 33
24 29
24 37
25 30
25 34
26 31
26 37
27 31
27 36
28 30
28 35
29 32
30 36
31 35
