# First value is number of nodes (N)
34 
# Next N numbers describe the node locations
42 249
141 190
286 253
280 246
236 140
180 91
103 34
161 34
162 40
292 136
258 123
164 50
41 20
215 10
314 106
311 12
87 103
26 74
129 180
37 119
269 82
266 13
28 135
55 126
205 60
248 137
308 218
228 156
92 156
211 112
233 254
232 237
287 246
278 273
# Remaining lines are the edges.
# The first value is the source node index.
# The second value is the target node index.
0 1
0 2
0 3
1 28
1 29
2 30
2 32
3 31
3 33
4 5
4 9
4 27
5 7
5 8
6 7
6 8
6 12
7 13
8 11
9 10
9 26
10 14
10 15
11 18
11 19
12 16
12 17
13 20
13 21
14 20
14 24
15 21
15 25
16 18
16 22
17 19
17 23
18 23
19 22
20 25
21 24
22 28
23 28
24 29
25 29
26 32
26 33
27 30
27 31
30 33
31 32
