# First value is number of nodes (N)
40 
# Next N numbers describe the node locations
166 237
151 310
103 133
245 304
207 99
104 32
32 57
88 54
96 33
177 132
247 50
147 59
224 191
181 162
55 100
119 49
132 71
196 253
216 247
286 95
257 213
27 117
117 91
274 140
26 138
97 120
67 97
253 247
282 206
177 227
124 242
27 245
243 295
274 307
219 320
280 272
273 271
153 242
67 149
82 130
# Remaining lines are the edges.
# The first value is the source node index.
# The second value is the target node index.
0 1
0 2
0 3
1 34
1 37
2 38
2 39
3 35
3 36
4 10
4 11
4 23
5 8
5 9
5 10
6 8
6 14
6 21
7 9
7 14
7 22
8 16
9 15
10 13
11 15
11 16
12 13
12 19
12 20
13 31
14 30
15 26
16 25
17 19
17 29
17 32
18 20
18 29
18 33
19 28
20 27
21 24
21 26
22 24
22 25
23 27
23 28
24 38
25 39
26 39
27 36
28 35
29 37
30 31
30 37
31 38
32 34
32 36
33 34
33 35
