# First value is number of nodes (N)
28 
# Next N numbers describe the node locations
171 186
201 198
220 77
126 211
172 84
106 71
50 43
106 24
222 69
8 72
59 71
52 108
56 60
107 97
155 58
15 125
67 120
69 135
232 131
188 126
157 185
81 132
210 137
166 140
197 113
171 185
48 177
163 98
# Remaining lines are the edges.
# The first value is the source node index.
# The second value is the target node index.
0 1
0 2
0 3
1 22
1 25
2 24
2 27
3 23
3 26
4 8
4 13
4 19
5 7
5 10
5 11
6 7
6 9
6 12
7 13
8 14
8 18
9 11
9 15
10 12
10 15
11 17
12 14
13 16
14 27
15 26
16 21
16 27
17 20
17 26
18 22
18 24
19 22
19 23
20 24
20 25
21 23
21 25
