# First value is number of nodes (N)
34 
# Next N numbers describe the node locations
305 261
280 228
300 253
136 252
278 180
102 76
51 92
68 24
27 135
63 128
111 200
123 8
105 31
64 212
86 117
106 82
184 114
74 179
255 37
128 9
97 254
228 255
161 193
271 167
186 87
117 175
289 39
327 165
194 248
242 135
364 214
335 243
329 234
326 216
# Remaining lines are the edges.
# The first value is the source node index.
# The second value is the target node index.
0 1
0 2
0 3
1 30
1 33
2 31
2 32
3 28
3 29
4 21
4 26
4 27
5 6
5 7
5 10
6 8
6 9
7 11
7 15
8 13
8 16
9 14
9 17
10 12
10 18
11 18
11 19
12 15
12 19
13 17
13 20
14 16
14 20
15 24
16 25
17 25
18 24
19 23
20 22
21 22
21 23
22 29
23 28
24 29
25 28
26 30
26 32
27 31
27 33
30 31
32 33
