# First value is number of nodes (N)
34 
# Next N numbers describe the node locations
109 283
145 176
193 225
119 312
58 198
112 128
39 255
273 104
234 10
258 143
128 77
125 60
283 154
268 103
282 87
137 10
212 72
226 111
229 143
248 80
85 33
58 278
96 295
49 369
15 352
209 125
98 84
47 267
22 297
247 195
129 176
61 353
207 255
166 235
# Remaining lines are the edges.
# The first value is the source node index.
# The second value is the target node index.
0 1
0 2
0 3
1 30
1 33
2 29
2 33
3 31
3 32
4 5
4 6
4 33
5 25
5 26
6 27
6 28
7 8
7 13
7 14
8 15
8 16
9 13
9 17
9 29
10 15
10 19
10 30
11 16
11 20
11 30
12 14
12 18
12 29
13 18
14 17
15 20
16 19
17 25
18 25
19 26
20 26
21 22
21 27
21 31
22 28
22 32
23 24
23 27
23 32
24 28
24 31
