# First value is number of nodes (N)
28 
# Next N numbers describe the node locations
130 97
189 160
158 70
72 108
181 80
52 87
85 41
274 57
263 112
107 151
272 173
90 34
192 178
195 16
37 58
11 78
228 124
213 95
100 11
128 177
210 96
211 23
40 135
38 41
206 122
203 156
175 34
127 173
# Remaining lines are the edges.
# The first value is the source node index.
# The second value is the target node index.
0 1
0 2
0 3
1 25
1 27
2 24
2 26
3 22
3 23
4 9
4 20
4 21
5 9
5 14
5 19
6 9
6 15
6 18
7 8
7 17
7 21
8 16
8 20
10 12
10 16
10 24
11 13
11 17
11 25
12 19
12 27
13 18
13 26
14 15
14 23
15 22
16 25
17 24
18 23
19 22
20 27
21 26
