# First value is number of nodes (N)
32 
# Next N numbers describe the node locations
48 127
128 183
32 111
114 137
230 63
238 61
157 45
217 78
217 8
115 59
235 70
150 104
11 95
89 44
172 172
153 147
120 134
63 36
145 138
57 66
145 8
225 129
93 33
150 198
17 142
57 192
95 168
120 170
128 18
197 202
61 97
72 81
# Remaining lines are the edges.
# The first value is the source node index.
# The second value is the target node index.
0 1
0 2
0 3
1 26
1 27
2 28
2 31
3 29
3 30
4 6
4 9
4 10
5 7
5 8
5 10
6 8
6 11
7 9
7 18
8 20
9 20
10 21
11 16
11 22
12 13
12 19
12 24
13 17
13 22
14 16
14 21
14 23
15 17
15 18
15 19
16 26
17 29
18 27
19 28
20 31
21 29
22 28
23 25
23 27
24 25
24 30
25 26
30 31
