# First value is number of nodes (N)
34 
# Next N numbers describe the node locations
238 218
191 171
289 243
289 216
384 107
339 144
373 49
92 17
17 75
8 89
46 39
79 232
199 19
313 42
315 21
213 40
308 53
352 74
148 45
15 100
44 93
38 91
235 92
170 98
78 146
262 102
374 168
273 145
186 157
144 149
287 202
331 181
351 167
314 232
# Remaining lines are the edges.
# The first value is the source node index.
# The second value is the target node index.
0 1
0 2
0 3
1 28
1 29
2 30
2 32
3 31
3 33
4 5
4 6
4 26
5 13
5 16
6 14
6 17
7 10
7 11
7 18
8 10
8 19
8 21
9 11
9 20
9 21
10 20
11 19
12 13
12 14
12 15
13 17
14 16
15 18
15 22
16 25
17 25
18 23
19 24
20 24
21 23
22 27
22 28
23 29
24 29
25 28
26 32
26 33
27 30
27 31
30 33
31 32
