# First value is number of nodes (N)
38 
# Next N numbers describe the node locations
212 254
211 247
233 221
129 224
222 108
252 74
111 69
107 25
65 180
136 55
108 298
58 61
38 118
103 241
50 269
52 283
132 100
42 72
18 162
73 171
244 179
217 8
210 73
136 89
211 25
218 19
151 103
263 138
42 241
107 229
23 264
177 291
71 249
146 173
197 238
261 279
264 206
177 176
# Remaining lines are the edges.
# The first value is the source node index.
# The second value is the target node index.
0 1
0 2
0 3
1 35
1 37
2 34
2 36
3 32
3 33
4 24
4 26
4 27
5 23
5 25
5 27
6 7
6 8
6 22
7 17
7 21
8 18
8 19
9 11
9 21
9 29
10 13
10 14
10 31
11 12
11 17
12 18
12 20
13 19
13 30
14 15
14 28
15 18
15 30
16 17
16 20
16 29
19 28
20 26
21 25
22 23
22 24
23 26
24 25
27 36
28 32
29 33
30 32
31 34
31 35
33 37
34 37
35 36
