# First value is number of nodes (N)
36 
# Next N numbers describe the node locations
69 185
95 223
129 151
49 213
230 214
234 172
195 183
29 56
129 80
129 65
124 62
37 123
45 144
180 23
110 51
203 121
75 164
220 71
193 13
110 224
243 89
137 80
136 147
83 29
102 166
87 84
19 165
198 137
195 170
175 244
139 233
192 126
47 145
74 51
87 227
175 173
# Remaining lines are the edges.
# The first value is the source node index.
# The second value is the target node index.
0 1
0 2
0 3
1 30
1 35
2 31
2 33
3 32
3 34
4 5
4 6
4 29
5 20
5 28
6 19
6 27
7 11
7 23
7 26
8 9
8 14
8 21
9 10
9 15
10 13
10 25
11 12
11 24
12 16
12 25
13 18
13 21
14 18
14 23
15 17
15 22
16 19
16 26
17 20
17 27
18 20
19 28
21 35
22 24
22 33
23 33
24 30
25 32
26 32
27 31
28 31
29 30
29 34
34 35
