# First value is number of nodes (N)
32 
# Next N numbers describe the node locations
185 226
97 235
163 291
184 200
122 129
187 87
58 33
61 49
203 119
197 32
133 78
34 41
153 27
83 10
114 381
119 335
161 356
163 313
172 380
141 377
112 126
45 83
226 71
83 54
57 97
200 110
84 289
195 349
99 243
215 118
102 127
42 204
# Remaining lines are the edges.
# The first value is the source node index.
# The second value is the target node index.
0 1
0 2
0 3
1 26
1 31
2 27
2 28
3 29
3 30
4 8
4 20
4 22
5 9
5 20
5 25
6 10
6 21
6 23
7 11
7 21
7 24
8 12
8 25
9 12
9 22
10 13
10 24
11 13
11 23
12 13
14 16
14 18
14 26
15 17
15 19
15 26
16 17
16 27
17 28
18 19
18 28
19 27
20 31
21 31
22 29
23 30
24 30
25 29
