# First value is number of nodes (N)
38 
# Next N numbers describe the node locations
103 237
70 254
140 228
111 177
175 117
24 69
36 117
111 24
104 46
26 24
204 43
150 160
18 110
10 36
66 38
252 290
212 197
264 220
105 113
60 59
265 219
178 159
28 133
239 200
230 248
100 91
106 40
144 211
254 251
13 192
186 303
165 258
92 265
185 210
146 282
60 267
148 168
104 214
# Remaining lines are the edges.
# The first value is the source node index.
# The second value is the target node index.
0 1
0 2
0 3
1 32
1 35
2 34
2 37
3 33
3 36
4 10
4 11
4 17
5 9
5 12
5 19
6 8
6 12
6 18
7 8
7 9
7 11
8 14
9 13
10 13
10 14
11 29
12 29
13 26
14 25
15 20
15 27
15 30
16 21
16 28
16 31
17 23
17 24
18 22
18 26
19 22
19 25
20 24
20 28
21 23
21 27
22 35
23 34
24 33
25 37
26 36
27 37
28 36
29 35
30 32
30 34
31 32
31 33
