# First value is number of nodes (N)
34 
# Next N numbers describe the node locations
210 253
273 317
154 183
254 90
178 77
133 76
200 130
172 161
130 37
77 8
37 56
15 52
44 71
52 34
28 60
131 203
9 88
63 91
99 290
106 165
41 256
38 293
33 241
100 319
53 263
42 144
230 166
279 149
71 123
151 299
185 166
224 198
273 216
298 187
# Remaining lines are the edges.
# The first value is the source node index.
# The second value is the target node index.
0 1
0 2
0 3
1 28
1 29
2 30
2 32
3 31
3 33
4 5
4 6
4 8
5 7
5 26
6 7
6 27
7 15
8 9
8 10
9 11
9 13
10 12
10 14
11 12
11 16
12 17
13 14
13 17
14 16
15 18
15 19
16 25
17 25
18 20
18 23
19 21
19 24
20 22
20 24
21 22
21 23
22 28
23 29
24 29
25 28
26 30
26 31
27 32
27 33
30 33
31 32
