# First value is number of nodes (N)
34 
# Next N numbers describe the node locations
248 307
224 340
220 297
257 238
146 164
102 193
150 102
55 64
210 72
175 296
42 322
23 252
20 279
112 120
186 37
215 22
157 54
123 20
54 271
35 301
25 222
144 49
169 54
65 168
73 309
99 347
186 124
187 199
226 179
194 242
163 353
102 346
237 280
226 313
# Remaining lines are the edges.
# The first value is the source node index.
# The second value is the target node index.
0 1
0 2
0 3
1 30
1 33
2 29
2 31
3 28
3 32
4 5
4 6
4 27
5 23
5 24
6 21
6 22
7 13
7 16
7 17
8 14
8 15
8 26
9 11
9 18
9 25
10 12
10 19
10 25
11 19
11 20
12 18
12 20
13 23
13 26
14 16
14 21
15 17
15 22
16 22
17 21
18 24
19 24
20 23
25 30
26 28
27 28
27 29
29 33
30 31
31 32
32 33
