# First value is number of nodes (N)
38 
# Next N numbers describe the node locations
135 199
148 214
137 201
118 185
239 93
75 97
150 105
109 28
27 44
24 42
58 106
94 60
172 35
289 97
151 35
276 154
114 33
129 12
169 168
13 103
94 169
258 209
306 201
290 262
254 251
280 177
127 73
236 163
272 205
232 264
25 169
107 185
121 132
211 185
155 237
80 232
124 227
148 240
# Remaining lines are the edges.
# The first value is the source node index.
# The second value is the target node index.
0 1
0 2
0 3
1 33
1 36
2 34
2 35
3 32
3 37
4 6
4 12
4 15
5 6
5 10
5 11
6 14
7 8
7 9
7 17
8 11
8 20
9 10
9 19
10 20
11 19
12 13
12 16
13 17
13 18
14 16
14 18
15 21
15 22
16 26
17 26
18 27
19 30
20 31
21 24
21 29
22 23
22 28
23 25
23 29
24 25
24 28
25 27
26 32
27 33
28 33
29 34
30 31
30 35
31 32
34 37
35 36
36 37
