# First value is number of nodes (N)
38 
# Next N numbers describe the node locations
172 192
193 225
134 226
134 192
291 84
297 47
98 227
37 88
11 144
11 210
45 225
22 261
15 60
137 61
162 41
140 60
136 8
181 73
224 72
300 100
311 154
242 106
271 111
322 136
322 88
279 119
48 136
129 158
29 190
46 217
206 184
117 263
183 254
114 196
89 69
211 188
120 236
181 206
# Remaining lines are the edges.
# The first value is the source node index.
# The second value is the target node index.
0 1
0 2
0 3
1 32
1 37
2 34
2 36
3 33
3 35
4 22
4 23
4 30
5 21
5 24
5 30
6 9
6 11
6 31
7 8
7 12
7 26
8 9
8 28
9 29
10 11
10 26
10 29
11 28
12 15
12 16
13 16
13 17
13 27
14 15
14 18
14 27
15 17
16 18
17 21
18 22
19 22
19 24
19 25
20 21
20 23
20 25
23 24
25 32
26 34
27 34
28 33
29 33
30 35
31 32
31 36
35 37
36 37
