# First value is number of nodes (N)
30 
# Next N numbers describe the node locations
148 222
209 221
167 175
130 211
156 160
197 166
156 24
80 182
52 56
11 67
43 12
51 51
73 50
107 8
182 155
205 98
94 216
92 89
72 120
94 59
147 117
14 101
156 104
228 176
228 64
123 128
65 146
77 158
212 174
218 153
# Remaining lines are the edges.
# The first value is the source node index.
# The second value is the target node index.
0 1
0 2
0 3
1 24
1 29
2 25
2 28
3 26
3 27
4 16
4 17
4 23
5 14
5 15
5 22
6 13
6 15
6 17
7 16
7 20
7 22
8 11
8 12
8 21
9 10
9 18
9 21
10 12
10 13
11 13
11 18
12 19
14 19
14 20
15 29
16 26
17 27
18 25
19 27
20 24
21 26
22 25
23 24
23 28
28 29
