# First value is number of nodes (N)
30 
# Next N numbers describe the node locations
57 290
40 237
73 231
87 319
166 173
161 108
25 86
48 29
46 93
194 14
147 110
104 8
100 49
118 74
84 31
204 226
225 318
198 251
195 303
146 285
221 323
177 310
155 213
72 136
182 343
109 284
19 257
8 202
35 341
88 103
# Remaining lines are the edges.
# The first value is the source node index.
# The second value is the target node index.
0 1
0 2
0 3
1 26
1 28
2 27
2 29
3 24
3 25
4 5
4 15
4 22
5 9
5 10
6 7
6 8
6 23
7 11
7 14
8 12
8 13
9 11
9 13
10 12
10 14
11 12
13 14
15 16
15 17
16 18
16 20
17 19
17 21
18 19
18 24
19 25
20 21
20 25
21 24
22 28
22 29
23 26
23 27
26 29
27 28
