# First value is number of nodes (N)
34 
# Next N numbers describe the node locations
178 195
240 111
123 246
112 257
211 82
183 12
52 68
180 53
107 31
181 45
253 73
223 30
51 117
9 116
194 48
43 143
27 149
270 218
212 36
51 140
247 144
74 87
8 180
236 224
263 250
192 196
214 245
238 247
227 110
220 156
237 253
114 138
101 256
88 167
# Remaining lines are the edges.
# The first value is the source node index.
# The second value is the target node index.
0 1
0 2
0 3
1 28
1 29
2 31
2 33
3 30
3 32
4 7
4 10
4 14
5 8
5 11
5 14
6 8
6 12
6 13
7 8
7 9
9 11
9 18
10 17
10 20
11 20
12 16
12 21
13 15
13 22
14 18
15 19
15 21
16 19
16 22
17 23
17 24
18 28
19 28
20 29
21 32
22 33
23 27
23 31
24 26
24 30
25 26
25 27
25 29
26 31
27 30
32 33
