# First value is number of nodes (N)
32 
# Next N numbers describe the node locations
106 189
66 205
15 213
131 214
192 67
114 87
198 22
160 47
147 8
221 56
146 65
183 118
232 113
129 46
204 186
118 149
251 218
37 113
34 144
189 280
18 175
220 201
42 92
213 171
45 266
99 295
122 256
52 213
103 182
12 127
93 256
16 246
# Remaining lines are the edges.
# The first value is the source node index.
# The second value is the target node index.
0 1
0 2
0 3
1 26
1 27
2 29
2 31
3 28
3 30
4 6
4 10
4 14
5 7
5 11
5 15
6 8
6 9
7 8
7 9
8 13
9 12
10 11
10 13
11 12
12 23
13 22
14 19
14 21
15 18
15 20
16 19
16 21
16 23
17 18
17 20
17 22
18 27
19 26
20 29
21 28
22 29
23 28
24 25
24 27
24 31
25 26
25 30
30 31
