# First value is number of nodes (N)
38 
# Next N numbers describe the node locations
45 278
106 304
31 315
11 233
179 34
165 52
164 100
167 8
196 121
55 33
216 115
121 122
127 77
136 32
99 170
224 161
118 29
80 110
124 180
96 127
240 182
56 140
183 224
248 245
241 309
241 324
21 98
205 235
151 180
27 36
165 316
136 276
8 164
148 274
96 172
82 323
25 300
39 305
# Remaining lines are the edges.
# The first value is the source node index.
# The second value is the target node index.
0 1
0 2
0 3
1 33
1 37
2 34
2 35
3 32
3 36
4 7
4 10
4 13
5 6
5 11
5 13
6 7
6 12
7 9
8 10
8 12
8 19
9 11
9 16
10 20
11 18
12 17
13 16
14 15
14 17
14 21
15 18
15 22
16 26
17 29
18 31
19 21
19 29
20 23
20 27
21 26
22 24
22 28
23 25
23 28
24 25
24 27
25 30
26 32
27 33
28 33
29 32
30 31
30 35
31 34
34 37
35 36
36 37
