# First value is number of nodes (N)
30 
# Next N numbers describe the node locations
203 229
147 241
197 191
224 200
159 69
165 91
143 115
146 122
213 54
21 95
13 173
169 8
178 66
40 141
40 165
121 60
220 130
30 52
117 9
58 204
176 147
162 162
48 79
82 51
145 192
65 103
110 216
130 187
191 112
166 109
# Remaining lines are the edges.
# The first value is the source node index.
# The second value is the target node index.
0 1
0 2
0 3
1 26
1 27
2 3
2 29
3 28
4 5
4 12
4 28
5 13
5 28
6 7
6 15
6 29
7 14
7 29
8 11
8 12
8 16
9 10
9 13
9 17
10 14
10 19
11 15
11 18
12 16
13 17
14 19
15 18
16 20
17 22
18 23
19 21
20 21
20 24
21 24
22 23
22 25
23 25
24 27
25 26
26 27
