# First value is number of nodes (N)
32 
# Next N numbers describe the node locations
213 330
218 289
254 310
170 311
144 190
175 152
85 154
112 77
77 102
54 47
102 21
49 8
10 85
157 64
250 165
162 119
272 63
19 64
68 89
38 128
55 299
58 187
139 162
47 97
214 125
274 218
201 177
225 207
199 176
244 259
150 274
268 280
# Remaining lines are the edges.
# The first value is the source node index.
# The second value is the target node index.
0 1
0 2
0 3
1 30
1 31
2 29
2 31
3 28
3 30
4 5
4 6
4 27
5 22
5 24
6 21
6 23
7 8
7 9
7 16
8 18
8 19
9 11
9 12
10 11
10 13
10 18
11 17
12 17
12 19
13 15
13 16
14 24
14 25
14 26
15 22
15 26
16 24
17 23
18 23
19 21
20 21
20 22
20 30
25 29
25 31
26 28
27 28
27 29
