# First value is number of nodes (N)
32 
# Next N numbers describe the node locations
109 228
116 226
242 152
113 242
237 59
83 39
63 36
27 43
64 54
268 39
237 75
36 19
41 117
161 30
286 118
249 134
212 117
174 140
296 125
238 75
43 81
8 78
269 240
40 133
173 139
114 176
84 183
212 205
243 261
210 266
154 284
199 254
# Remaining lines are the edges.
# The first value is the source node index.
# The second value is the target node index.
0 1
0 2
0 3
1 28
1 31
2 27
2 29
3 26
3 30
4 9
4 10
4 13
5 11
5 12
5 13
6 7
6 8
6 16
7 11
7 20
8 12
8 21
9 14
9 18
10 15
10 19
11 21
12 20
13 16
14 17
14 19
15 17
15 18
16 24
17 25
18 22
19 22
20 23
21 23
22 28
23 26
24 25
24 27
25 26
27 31
28 29
29 30
30 31
