# First value is number of nodes (N)
28 
# Next N numbers describe the node locations
328 187
402 209
377 183
293 186
460 118
458 82
461 59
422 79
378 95
431 28
30 196
20 224
38 204
64 171
368 11
346 39
333 8
263 55
126 22
77 213
255 57
134 200
174 156
180 68
224 134
219 156
444 157
376 144
# Remaining lines are the edges.
# The first value is the source node index.
# The second value is the target node index.
0 1
0 2
0 3
1 26
1 27
2 26
2 27
3 24
3 25
4 5
4 6
4 26
5 7
5 9
6 7
6 9
7 8
8 15
8 27
9 14
10 11
10 12
10 18
11 13
11 19
12 13
12 19
13 18
14 16
14 17
15 16
15 17
16 20
17 20
18 21
19 21
20 23
21 22
22 24
22 25
23 24
23 25
