# First value is number of nodes (N)
34 
# Next N numbers describe the node locations
148 182
157 141
77 210
143 231
249 51
96 47
263 97
229 62
54 114
214 57
74 43
194 29
276 163
231 68
176 235
35 143
237 177
130 156
201 147
135 25
272 227
88 148
164 233
43 212
192 164
59 118
49 127
234 222
195 135
123 114
212 245
48 166
88 248
62 222
# Remaining lines are the edges.
# The first value is the source node index.
# The second value is the target node index.
0 1
0 2
0 3
1 28
1 29
2 31
2 33
3 30
3 32
4 6
4 11
4 13
5 7
5 10
5 13
6 7
6 12
7 9
8 10
8 15
8 21
9 11
9 18
10 19
11 19
12 14
12 20
13 18
14 22
14 27
15 23
15 26
16 20
16 22
16 24
17 21
17 23
17 25
18 28
19 29
20 30
21 31
22 33
23 32
24 27
24 28
25 26
25 29
26 31
27 30
32 33
