# First value is number of nodes (N)
32 
# Next N numbers describe the node locations
239 275
97 272
133 246
192 240
199 134
90 63
22 131
39 100
28 40
149 68
181 77
177 64
25 73
26 63
70 19
130 23
227 74
254 118
254 153
78 63
98 50
118 158
123 32
213 189
282 169
27 188
243 209
170 195
116 241
59 255
94 197
119 235
# Remaining lines are the edges.
# The first value is the source node index.
# The second value is the target node index.
0 1
0 2
0 3
1 29
1 31
2 28
2 30
3 26
3 27
4 17
4 18
4 21
5 19
5 20
5 21
6 7
6 12
6 25
7 8
7 9
8 13
8 14
9 10
9 22
10 16
10 23
11 15
11 16
11 22
12 13
12 19
13 20
14 15
14 19
15 20
16 17
17 24
18 23
18 24
21 30
22 27
23 26
24 26
25 28
25 29
27 31
28 31
29 30
