# First value is number of nodes (N)
34 
# Next N numbers describe the node locations
234 245
204 235
281 242
227 247
174 65
110 77
104 8
170 21
233 52
80 45
42 17
60 79
69 53
191 55
248 58
132 31
37 78
25 33
161 167
11 128
30 192
144 130
90 226
99 229
83 253
72 223
263 52
275 148
104 185
148 212
209 225
231 202
280 147
176 156
# Remaining lines are the edges.
# The first value is the source node index.
# The second value is the target node index.
0 1
0 2
0 3
1 30
1 32
2 31
2 33
3 28
3 29
4 5
4 13
4 27
5 11
5 12
6 7
6 9
6 10
7 8
7 15
8 14
8 26
9 11
9 16
10 12
10 17
11 17
12 16
13 14
13 15
14 18
15 18
16 19
17 19
18 21
19 20
20 24
20 25
21 22
21 23
22 24
22 28
23 25
23 29
24 29
25 28
26 32
26 33
27 30
27 31
30 33
31 32
