# First value is number of nodes (N)
34 
# Next N numbers describe the node locations
78 151
59 288
24 161
175 169
33 276
50 323
84 307
68 42
79 78
118 35
243 122
258 178
239 133
212 64
132 34
210 152
123 43
145 69
242 231
243 170
96 109
64 276
170 325
172 334
91 229
76 280
126 274
106 335
99 310
35 97
173 138
202 213
100 84
8 220
# Remaining lines are the edges.
# The first value is the source node index.
# The second value is the target node index.
0 1
0 2
0 3
1 32
1 33
2 29
2 33
3 30
3 31
4 5
4 6
4 33
5 25
5 27
6 26
6 28
7 8
7 9
7 29
8 14
8 16
9 15
9 17
10 11
10 12
10 13
11 18
11 30
12 19
12 31
13 14
13 15
14 17
15 16
16 20
17 20
18 22
18 31
19 22
19 30
20 21
21 24
21 32
22 23
23 27
23 28
24 25
24 26
25 28
26 27
29 32
