# First value is number of nodes (N)
30 
# Next N numbers describe the node locations
256 338
262 277
297 367
292 381
292 236
317 321
101 152
8 126
46 124
159 71
81 16
43 137
67 18
61 94
124 39
288 49
93 150
179 141
126 163
142 99
248 216
339 217
132 250
47 323
328 239
372 225
211 239
327 258
295 345
329 351
# Remaining lines are the edges.
# The first value is the source node index.
# The second value is the target node index.
0 1
0 2
0 3
1 26
1 27
2 3
2 28
3 29
4 5
4 6
4 21
5 28
5 29
6 19
6 20
7 8
7 11
7 13
8 11
8 13
9 10
9 12
9 14
10 12
10 14
11 16
12 16
13 15
14 15
15 17
16 18
17 19
17 22
18 20
18 23
19 23
20 22
21 24
21 25
22 26
23 26
24 25
24 27
25 27
28 29
