# First value is number of nodes (N)
34 
# Next N numbers describe the node locations
211 362
245 330
228 318
133 355
140 186
129 146
130 245
61 15
44 39
8 50
39 54
148 8
69 45
55 73
16 101
45 157
179 173
81 164
71 87
49 213
136 384
43 279
75 381
63 317
78 378
82 354
203 229
146 242
99 336
104 334
142 294
203 235
253 329
208 276
# Remaining lines are the edges.
# The first value is the source node index.
# The second value is the target node index.
0 1
0 2
0 3
1 30
1 32
2 31
2 33
3 28
3 29
4 5
4 6
4 26
5 15
5 18
6 16
6 17
7 9
7 11
7 12
8 10
8 11
8 13
9 13
9 14
10 12
10 14
11 18
12 16
13 16
14 15
15 19
17 18
17 19
19 21
20 24
20 25
20 27
21 22
21 23
22 24
22 28
23 25
23 29
24 29
25 28
26 32
26 33
27 30
27 31
30 33
31 32
