# First value is number of nodes (N)
34 
# Next N numbers describe the node locations
155 318
178 289
81 320
120 237
193 36
202 235
32 39
47 18
36 33
183 171
54 19
268 62
155 24
120 84
84 83
16 16
116 47
109 80
258 75
215 107
275 115
245 176
48 115
160 139
266 189
224 221
206 242
86 201
28 200
251 249
119 237
204 275
140 304
48 262
# Remaining lines are the edges.
# The first value is the source node index.
# The second value is the target node index.
0 1
0 2
0 3
1 29
1 32
2 30
2 33
3 28
3 31
4 11
4 12
4 13
5 6
5 9
5 14
6 10
6 15
7 8
7 9
7 15
8 10
8 14
9 17
10 16
11 18
11 20
12 19
12 21
13 16
13 17
14 22
15 22
16 25
17 25
18 21
18 23
19 20
19 23
20 24
21 24
22 27
23 27
24 26
25 26
26 29
27 28
28 33
29 30
30 31
31 32
32 33
