# First value is number of nodes (N)
38 
# Next N numbers describe the node locations
227 228
286 174
222 254
268 254
325 98
233 77
257 41
165 83
97 148
114 103
280 148
54 202
68 88
206 217
136 237
213 148
82 21
80 73
84 235
141 40
269 112
148 150
170 43
263 168
118 9
186 205
278 178
155 244
176 255
143 43
120 81
331 93
313 217
94 169
147 264
118 154
317 220
340 180
# Remaining lines are the edges.
# The first value is the source node index.
# The second value is the target node index.
0 1
0 2
0 3
1 32
1 37
2 33
2 35
3 34
3 36
4 5
4 23
4 31
5 6
5 7
6 19
6 22
7 20
7 21
8 10
8 11
8 18
9 10
9 12
9 30
10 17
11 14
11 28
12 16
12 24
13 15
13 25
13 28
14 15
14 27
15 26
16 19
16 29
17 20
17 24
18 19
18 21
20 30
21 22
22 29
23 26
23 37
24 33
25 27
25 35
26 32
27 34
28 34
29 35
30 33
31 32
31 36
36 37
