# First value is number of nodes (N)
34 
# Next N numbers describe the node locations
104 246
175 226
76 196
50 285
257 117
215 35
35 71
65 44
62 23
113 30
118 8
193 101
294 186
310 144
146 123
31 136
115 45
57 45
181 147
312 195
278 230
260 281
57 168
116 111
288 192
306 242
189 181
8 193
151 179
226 215
20 187
53 253
99 226
60 252
# Remaining lines are the edges.
# The first value is the source node index.
# The second value is the target node index.
0 1
0 2
0 3
1 28
1 29
2 30
2 32
3 31
3 33
4 11
4 12
4 13
5 9
5 10
5 11
6 7
6 8
6 15
7 9
7 16
8 10
8 17
9 17
10 16
11 14
12 18
12 20
13 19
13 21
14 22
14 26
15 22
15 27
16 23
17 23
18 19
18 24
19 25
20 21
20 25
21 24
22 28
23 28
24 29
25 29
26 32
26 33
27 30
27 31
30 33
31 32
