# First value is number of nodes (N)
32 
# Next N numbers describe the node locations
85 254
32 177
83 150
111 217
184 121
134 42
224 60
128 18
150 97
201 32
171 83
71 8
93 97
134 28
140 70
63 38
104 41
211 146
37 47
70 120
214 166
160 208
143 165
126 187
134 194
176 194
155 266
207 114
126 130
79 166
89 113
16 111
# Remaining lines are the edges.
# The first value is the source node index.
# The second value is the target node index.
0 1
0 2
0 3
1 29
1 31
2 28
2 30
3 26
3 27
4 5
4 6
4 17
5 15
5 16
6 9
6 10
7 9
7 11
7 13
8 10
8 12
8 14
9 14
10 13
11 15
11 18
12 16
12 19
13 23
14 22
15 19
16 18
17 20
17 21
18 31
19 30
20 25
20 27
21 24
21 26
22 25
22 29
23 24
23 28
24 27
25 26
28 31
29 30
