# First value is number of nodes (N)
38 
# Next N numbers describe the node locations
115 136
101 131
16 269
229 194
150 120
86 103
90 30
114 61
173 24
112 125
178 83
145 88
56 69
107 95
217 76
26 147
154 247
109 208
81 75
234 77
36 116
108 102
165 123
62 71
14 246
45 268
195 244
258 270
225 248
161 269
193 285
246 302
21 30
50 157
109 267
201 319
241 159
195 296
# Remaining lines are the edges.
# The first value is the source node index.
# The second value is the target node index.
0 1
0 2
0 3
1 32
1 33
2 34
2 35
3 36
3 37
4 10
4 11
4 17
5 9
5 12
5 15
6 8
6 12
6 18
7 8
7 9
7 11
8 14
9 13
10 13
10 14
11 23
12 23
13 21
14 22
15 20
15 24
16 19
16 25
16 29
17 26
17 28
18 20
18 21
19 22
19 27
20 32
21 33
22 36
23 32
24 25
24 33
25 34
26 30
26 34
27 31
27 37
28 31
28 36
29 30
29 35
30 37
31 35
