# First value is number of nodes (N)
34 
# Next N numbers describe the node locations
187 316
156 271
209 251
234 325
238 166
118 75
277 84
209 91
47 105
43 122
8 133
71 141
57 117
34 109
49 164
180 16
158 30
240 76
224 64
169 37
238 8
102 116
280 44
259 59
139 58
155 235
166 147
262 186
231 214
279 264
249 264
216 291
214 257
267 304
# Remaining lines are the edges.
# The first value is the source node index.
# The second value is the target node index.
0 1
0 2
0 3
1 28
1 31
2 29
2 32
3 30
3 33
4 5
4 6
4 27
5 21
5 24
6 22
6 23
7 17
7 18
7 26
8 10
8 12
8 25
9 11
9 13
9 25
10 13
10 14
11 12
11 14
12 16
13 16
14 21
15 19
15 20
15 24
16 24
17 19
17 22
18 20
18 23
19 23
20 22
21 26
25 28
26 28
27 29
27 30
29 33
30 32
31 32
31 33
