# First value is number of nodes (N)
34 
# Next N numbers describe the node locations
169 300
123 269
286 282
174 255
237 94
330 72
281 56
60 157
45 103
55 153
18 112
275 77
188 46
301 32
274 8
330 35
288 45
16 165
31 146
73 50
106 114
223 93
289 134
208 142
256 182
128 16
168 129
40 195
95 166
136 213
326 101
218 279
218 271
247 283
# Remaining lines are the edges.
# The first value is the source node index.
# The second value is the target node index.
0 1
0 2
0 3
1 28
1 31
2 30
2 33
3 29
3 32
4 5
4 6
4 23
5 13
5 15
6 14
6 16
7 9
7 17
7 20
8 10
8 18
8 20
9 18
9 19
10 17
10 19
11 15
11 16
11 22
12 13
12 14
12 21
13 16
14 15
17 27
18 27
19 25
20 26
21 22
21 26
22 24
23 24
23 25
24 30
25 28
26 29
27 28
29 33
30 32
31 32
31 33
