# First value is number of nodes (N)
34 
# Next N numbers describe the node locations
85 215
129 119
88 222
105 215
372 71
303 98
359 24
316 30
303 9
333 112
268 150
8 118
179 18
113 8
280 144
248 14
189 99
36 94
24 59
203 70
74 37
50 11
165 52
48 57
53 69
236 101
16 173
175 223
202 154
175 141
115 216
113 253
56 239
98 211
# Remaining lines are the edges.
# The first value is the source node index.
# The second value is the target node index.
0 1
0 2
0 3
1 28
1 29
2 30
2 32
3 31
3 33
4 6
4 7
4 9
5 6
5 7
5 9
6 8
7 8
8 15
9 14
10 14
10 16
10 27
11 17
11 18
11 26
12 13
12 15
12 19
13 20
13 21
14 25
15 22
16 19
16 22
17 20
17 23
18 21
18 24
19 25
20 24
21 23
22 28
23 29
24 29
25 28
26 32
26 33
27 30
27 31
30 33
31 32
