# First value is number of nodes (N)
34 
# Next N numbers describe the node locations
170 295
133 292
136 227
198 270
243 37
151 49
106 91
54 23
49 88
37 80
86 81
47 179
99 55
182 21
239 41
204 95
195 75
210 18
144 53
14 172
83 135
240 107
163 152
196 191
125 187
228 201
178 134
23 265
102 236
169 265
239 234
240 314
181 333
187 287
# Remaining lines are the edges.
# The first value is the source node index.
# The second value is the target node index.
0 1
0 2
0 3
1 28
1 32
2 30
2 33
3 29
3 31
4 15
4 17
4 21
5 16
5 18
5 21
6 8
6 10
6 12
7 9
7 11
7 12
8 11
8 19
9 10
9 19
10 20
11 20
12 13
13 17
13 18
14 15
14 16
14 22
15 18
16 17
19 27
20 24
21 25
22 26
22 27
23 24
23 25
23 26
24 28
25 30
26 29
27 28
29 33
30 31
31 32
32 33
