# First value is number of nodes (N)
34 
# Next N numbers describe the node locations
243 184
200 206
216 204
294 251
313 74
269 79
13 22
27 41
14 72
27 119
13 182
37 88
276 30
270 56
28 92
48 64
293 64
259 63
257 103
70 107
21 268
144 168
200 22
131 43
252 260
209 288
208 261
323 130
153 208
252 287
135 58
301 276
226 207
257 225
# Remaining lines are the edges.
# The first value is the source node index.
# The second value is the target node index.
0 1
0 2
0 3
1 28
1 33
2 30
2 32
3 29
3 31
4 12
4 16
4 27
5 13
5 17
5 27
6 7
6 10
6 14
7 11
7 15
8 9
8 10
8 15
9 11
9 14
10 23
11 23
12 17
12 22
13 16
13 22
14 19
15 19
16 18
17 18
18 21
19 21
20 24
20 25
20 28
21 28
22 30
23 30
24 26
24 29
25 26
25 29
26 32
27 31
31 33
32 33
