# First value is number of nodes (N)
38 
# Next N numbers describe the node locations
140 204
68 271
74 300
173 250
278 164
300 142
187 137
215 97
48 120
159 81
151 24
71 157
103 8
47 34
58 123
117 45
78 190
32 181
240 65
213 49
206 219
262 151
266 130
277 48
232 128
220 261
37 210
36 213
204 222
118 158
284 204
134 309
204 304
157 202
81 271
57 306
31 284
50 233
# Remaining lines are the edges.
# The first value is the source node index.
# The second value is the target node index.
0 1
0 2
0 3
1 35
1 37
2 34
2 36
3 32
3 33
4 22
4 24
4 30
5 21
5 23
5 30
6 9
6 18
6 29
7 13
7 15
7 17
8 14
8 16
8 17
9 11
9 13
10 12
10 15
10 19
11 14
11 15
12 13
12 14
16 27
16 29
17 26
18 19
18 24
19 23
20 21
20 22
20 28
21 24
22 23
25 28
25 31
25 32
26 27
26 37
27 36
28 33
29 33
30 32
31 34
31 35
34 37
35 36
