# First value is number of nodes (N)
36 
# Next N numbers describe the node locations
110 262
108 254
107 205
151 284
197 155
266 184
135 45
48 136
77 46
37 195
74 41
132 105
65 43
232 54
266 111
278 177
232 154
187 41
181 8
120 8
117 80
284 200
223 240
164 53
117 15
21 181
55 138
206 217
222 242
137 195
204 252
106 191
178 249
34 240
90 293
99 252
# Remaining lines are the edges.
# The first value is the source node index.
# The second value is the target node index.
0 1
0 2
0 3
1 32
1 33
2 31
2 35
3 30
3 34
4 5
4 6
4 29
5 21
5 22
6 23
6 24
7 10
7 25
7 26
8 9
8 12
8 26
9 11
9 25
10 11
10 12
11 20
12 19
13 14
13 17
13 18
14 15
14 16
15 22
15 28
16 21
16 27
17 20
17 24
18 19
18 23
19 24
20 23
21 28
22 27
25 33
26 31
27 32
28 30
29 30
29 31
32 35
33 34
34 35
