# First value is number of nodes (N)
38 
# Next N numbers describe the node locations
142 280
184 234
236 251
116 206
227 26
131 107
192 62
186 32
295 59
238 38
163 24
121 82
75 90
106 93
22 26
89 73
43 180
11 173
300 124
259 107
64 290
61 219
88 259
25 233
30 214
138 119
241 180
316 187
297 259
285 240
266 291
269 241
216 151
287 229
187 152
270 249
139 294
201 290
# Remaining lines are the edges.
# The first value is the source node index.
# The second value is the target node index.
0 1
0 2
0 3
1 32
1 37
2 33
2 35
3 34
3 36
4 7
4 8
4 10
5 6
5 8
5 11
6 9
6 10
7 9
7 11
8 18
9 19
10 14
11 15
12 13
12 15
12 17
13 14
13 16
14 25
15 25
16 21
16 24
17 20
17 23
18 19
18 27
19 26
20 22
20 24
21 22
21 23
22 36
23 34
24 34
25 32
26 31
26 32
27 28
27 33
28 30
28 35
29 30
29 31
29 33
30 37
31 35
36 37
