# First value is number of nodes (N)
34 
# Next N numbers describe the node locations
177 192
161 147
139 229
181 188
254 48
233 36
53 96
71 108
220 114
107 41
234 155
227 47
8 119
25 133
214 19
14 111
18 55
187 57
57 189
214 113
27 135
126 59
100 26
246 305
158 273
236 271
187 304
18 253
128 311
248 162
184 283
182 141
130 84
112 164
# Remaining lines are the edges.
# The first value is the source node index.
# The second value is the target node index.
0 1
0 2
0 3
1 31
1 32
2 28
2 33
3 29
3 30
4 8
4 10
4 14
5 8
5 11
5 17
6 9
6 12
6 15
7 9
7 13
7 16
8 18
9 18
10 17
10 19
11 14
11 19
12 16
12 20
13 15
13 20
14 21
15 22
16 22
17 21
18 31
19 33
20 33
21 32
22 32
23 25
23 26
23 29
24 25
24 27
24 30
25 31
26 28
26 30
27 28
27 29
