# First value is number of nodes (N)
36 
# Next N numbers describe the node locations
108 279
178 273
54 235
118 242
183 90
106 79
202 43
163 121
114 135
103 20
262 107
170 73
144 98
78 40
265 147
183 238
14 77
59 52
281 164
94 78
188 123
229 175
50 113
180 250
120 152
178 173
244 194
63 133
280 168
11 97
22 173
239 240
94 223
155 212
167 261
84 237
# Remaining lines are the edges.
# The first value is the source node index.
# The second value is the target node index.
0 1
0 2
0 3
1 31
1 34
2 30
2 35
3 32
3 33
4 5
4 6
4 23
5 9
5 12
6 10
6 11
7 8
7 11
7 20
8 12
8 19
9 11
9 17
10 12
10 18
13 19
13 22
13 29
14 20
14 21
14 28
15 18
15 21
15 26
16 17
16 22
16 27
17 29
18 28
19 27
20 26
21 25
22 24
23 24
23 25
24 33
25 32
26 31
27 30
28 31
29 30
32 35
33 34
34 35
