# First value is number of nodes (N)
250
# Next N numbers describe the node locations
1559 792
1598 978
911 889
1364 1272
1283 1405
1305 1187
1249 644
859 1344
907 524
2124 1097
1115 1454
956 1265
562 751
1051 1595
1463 1764
605 974
664 1017
2059 796
2087 372
1891 1399
1501 1094
1935 1056
1520 1475
1530 1046
1858 1031
471 1127
1638 716
1507 1811
1469 472
835 818
1316 566
398 1092
617 1666
1688 699
691 928
820 1226
335 1283
987 1635
957 987
2576 1240
1521 538
2125 748
1147 762
1983 28
1343 797
1393 1910
1863 1541
785 532
314 1503
1057 1396
1478 1014
1657 1313
442 959
1514 1726
1347 1076
1787 1315
1664 1160
1004 738
568 1412
996 1380
697 802
774 474
1600 1191
895 671
2457 895
1334 1480
895 1448
869 722
1165 1665
1209 1964
228 1099
581 928
1461 938
1256 1136
1733 799
2239 713
1983 548
1955 630
1767 1235
2121 1256
1300 845
1569 904
891 1517
599 1245
1808 834
1447 1132
1751 1024
1730 1476
1475 807
1230 1539
1834 628
1367 1649
2007 1305
713 582
2183 1358
1460 1263
1638 1030
359 967
1179 1333
923 1219
1921 856
1175 1444
1665 1586
570 891
1464 681
1895 1212
1353 1009
833 578
1582 612
1882 1063
461 1061
952 2057
1806 1003
1379 1511
1631 552
652 622
830 1565
1907 756
813 933
1758 672
823 1684
571 1613
855 1388
732 989
2273 1695
1375 318
2367 730
1096 1693
1708 423
1352 742
1816 498
1667 0
1295 982
922 1645
695 1540
1427 1178
1205 453
1699 1238
1381 443
1315 892
461 1012
1035 1274
653 720
1022 255
819 1183
659 1275
943 1408
795 1340
160 1162
212 1268
1674 863
1680 1082
923 1319
1397 1200
1764 1198
1230 1400
1423 1541
701 1115
1742 1139
1222 918
981 952
577 234
1339 636
1909 905
1126 852
1323 1438
1401 1396
1101 789
1305 1609
979 1492
1286 1550
1146 1286
333 1022
1200 831
1829 1297
1534 199
1192 1600
1737 1607
1080 898
655 891
504 1198
1676 1365
757 1251
1672 609
2577 676
2021 1856
1602 1661
898 1912
1581 473
1530 1362
1783 966
1661 1473
1216 1053
905 1248
2280 493
1200 1779
1128 953
1999 1168
561 1333
1480 629
1759 862
1521 2100
1325 371
898 1017
1473 1183
1226 997
314 1142
432 1194
1439 765
898 359
1570 738
1670 1790
1010 400
656 1335
639 1155
0 1478
1424 1615
1137 1247
2180 888
1074 1118
1040 961
2527 794
2108 638
1885 575
1611 115
2297 937
1415 866
1410 936
2012 922
1056 607
2277 151
1589 1358
1246 817
1508 1924
863 1040
1795 755
2099 1317
376 839
803 872
467 1476
288 827
1325 1800
1690 1671
1281 1287
1126 1073
1424 1085
1612 318
2319 622
787 1136
1863 724
# Remaining lines are the edges.
# The first value is the source node index.
# The second value is the target node index.
0 50
1 51
2 52
3 53
3 54
4 55
5 56
6 57
7 58
7 59
6 60
8 61
1 62
2 63
9 64
10 65
11 66
12 67
13 68
14 69
15 70
16 71
1 72
3 73
1 74
17 75
18 76
17 77
19 78
19 79
1 80
20 81
10 82
15 83
21 84
22 85
23 86
1 87
0 88
10 89
1 90
10 91
24 92
12 93
21 94
22 95
23 96
25 97
4 98
7 99
26 100
13 101
27 102
15 103
6 104
9 105
28 106
29 107
30 108
19 109
31 110
32 111
17 112
5 113
33 114
34 115
10 116
1 117
34 118
1 119
35 120
36 121
37 122
38 123
39 124
40 125
41 126
14 127
0 128
42 129
17 130
43 131
44 132
45 133
25 134
0 135
42 136
46 137
44 138
44 139
25 140
35 141
12 142
47 143
11 144
48 145
49 146
7 147
48 148
31 149
0 150
1 151
2 152
3 153
4 154
3 155
4 156
5 157
5 158
6 159
7 160
8 161
8 162
9 163
1 164
10 165
4 166
1 167
10 168
7 169
4 170
11 171
12 172
6 173
9 174
6 175
13 176
14 177
15 178
2 179
15 180
4 181
16 182
17 183
18 184
19 185
14 186
13 187
0 188
20 189
21 190
22 191
10 192
4 193
17 194
4 195
23 196
24 197
25 198
26 199
21 200
27 201
28 202
29 203
0 204
30 205
31 206
32 207
33 208
30 209
6 210
19 211
30 212
34 213
35 214
36 215
37 216
3 217
17 218
38 219
15 220
39 221
18 222
1 223
40 224
17 225
1 226
1 227
41 228
42 229
43 230
4 231
44 232
45 233
29 234
1 235
46 236
29 237
47 238
48 239
29 240
4 241
45 242
5 243
49 244
38 245
40 246
17 247
5 248
9 249
23 50
4 51
25 52
14 53
40 54
9 55
24 56
29 57
48 58
13 59
16 60
2 61
3 62
6 63
39 64
5 65
37 66
38 67
4 68
32 69
36 70
12 71
5 72
42 73
26 74
18 75
1 76
1 77
3 78
21 79
30 80
0 81
7 82
11 83
1 84
0 85
17 86
19 87
44 88
4 89
33 90
27 91
22 92
2 93
46 94
5 95
1 96
31 97
3 98
3 99
41 100
3 101
1 102
2 103
0 104
3 105
20 106
47 107
0 108
26 109
15 110
45 111
0 112
27 113
0 114
8 115
35 116
9 117
2 118
0 119
13 120
10 121
2 122
34 123
19 124
6 125
9 126
49 127
43 128
0 129
33 130
40 131
5 132
7 133
10 134
3 135
40 136
3 137
30 138
1 139
15 140
4 141
34 142
28 143
2 144
11 145
7 146
35 147
15 148
36 149
1 150
24 151
13 152
0 153
17 154
49 155
19 156
31 157
21 158
23 159
8 160
12 161
26 162
33 163
2 164
5 165
3 166
29 167
22 168
10 169
10 170
3 171
32 172
1 173
4 174
18 175
4 176
1 177
1 178
16 179
36 180
1 181
4 182
6 183
39 184
27 185
20 186
37 187
28 188
4 189
0 190
1 191
44 192
2 193
43 194
45 195
11 196
9 197
7 198
30 199
1 200
14 201
6 202
5 203
5 204
10 205
25 206
15 207
2 208
47 209
24 210
14 211
8 212
7 213
34 214
48 215
46 216
10 217
9 218
5 219
42 220
9 221
41 222
40 223
28 224
39 225
28 226
5 227
24 228
12 229
18 230
23 231
1 232
14 233
7 234
33 235
9 236
25 237
35 238
7 239
31 240
27 241
1 242
3 243
38 244
0 245
0 246
18 247
25 248
1 249
