# First value is number of nodes (N)
392
# Next N numbers describe the node locations
4358 6280
3431 4412
4468 5586
3599 5086
4638 3361
6573 6352
3415 6832
3654 6088
5404 5531
6641 4662
6904 6169
4199 4564
3049 5498
4256 3710
4732 6541
4515 4420
4440 3920
3382 6327
4043 5781
4882 5602
3143 7655
2175 7554
1921 5825
3381 8043
3128 9841
3907 9712
4523 7936
2958 7318
2506 8258
3440 7082
4744 4592
5469 6142
6213 6302
2512 6822
1411 7570
2270 7243
4994 5993
5678 5523
5948 6010
4607 5210
3171 6338
5151 5102
5202 3726
4434 7292
4538 7538
4293 5127
3974 4452
4488 4924
3653 7512
2724 7643
2897 6775
5758 6207
5958 5656
3573 3418
5513 5022
2349 4883
1187 3842
168 3212
907 3557
2058 5044
2580 6423
3089 8438
4284 8959
5328 7752
4538 3652
5675 3785
5429 4738
2246 2338
997 1686
767 2402
2179 3585
3081 1735
3569 274
4346 479
4582 1757
4341 5365
3413 2298
3897 1696
4339 3041
1343 4307
135 5364
1320 6376
4187 3438
4986 3874
3440 5409
6010 7008
7321 7441
3448 6048
4889 5347
6551 6897
8417 7007
9673 6307
8926 5206
6505 5186
8207 5065
9219 5573
8378 6263
6429 6116
7509 6273
7309 5415
6310 4901
2235 5596
654 6084
1030 5685
4601 6122
4063 6168
2478 5294
851 4995
1136 5417
2403 6049
4221 7186
4887 8297
5668 7025
1937 4400
2504 3522
6421 7434
8348 8391
3898 7120
4982 8732
5759 8934
5064 8052
3198 3145
1858 2048
1171 3077
1889 5243
4319 2703
5764 1220
7029 1402
7470 2684
4812 6226
6224 7418
7101 7287
3290 2915
3444 1924
3971 2891
1135 4496
580 3392
1889 3019
3831 6322
4099 6890
1426 4925
696 4334
2242 4021
2074 6059
2040 6704
4786 3650
5131 2191
4791 2720
4898 4198
2773 3521
1594 2630
1489 3482
2839 4721
5871 4689
4414 2332
4778 2990
4682 3970
3744 5417
4017 4129
3005 2378
2492 2723
3657 3970
6432 3427
7764 3078
8504 3221
8224 4566
2722 1975
2165 811
2842 917
3858 2520
3202 3399
2606 4032
5709 1570
6473 422
6897 855
5730 2174
4798 4814
6343 2967
6075 3341
5065 1244
5256 0
4616 23
4306 1459
2930 3261
2572 4661
3854 3444
3718 4625
5207 4132
5225 7040
7947 5839
7238 5136
5569 5811
6648 5803
8662 5832
9971 4857
9883 3953
8701 4143
8724 6829
9527 7905
8854 8375
8134 7475
6846 7178
6313 6812
5849 5223
3422 7467
930 7069
5 7176
1214 6905
7584 5392
6644 4298
7110 6002
6222 5292
7679 4797
7188 3333
5585 3067
5562 6832
4400 6884
7190 6549
6225 6576
1912 8405
1904 9211
3018 7946
2763 8127
3598 8277
4704 7044
3366 9118
4672 10108
6408 9103
7147 6887
3923 8751
5031 9541
6667 8296
3127 5313
3630 4256
2406 5749
2744 4318
3234 6602
3732 5879
1390 7906
200 7563
240 5990
2242 4368
4317 8557
5341 9673
5458 8735
4874 7161
4240 6537
4411 5947
5326 6508
6618 5516
4079 7717
5357 9117
6379 8392
2576 7251
1373 8671
707 8561
1531 7161
2533 5016
2303 3115
3436 2626
3938 8154
3418 9473
3442 8574
4028 5098
4151 4822
2866 6513
3108 7036
2830 6173
3177 5737
7292 5751
8819 6357
9413 6054
8500 5323
7639 5974
8956 7270
9022 8034
8013 7872
5040 4541
4242 5611
7169 4683
7633 4028
6633 3333
6253 5889
5911 6589
6255 3690
6436 2360
5231 2847
5234 7499
3861 9168
2449 9116
1999 7841
4704 5816
6334 4265
5935 4114
4597 4165
3316 4115
6215 2610
4952 2375
8679 4614
9356 4016
8523 3825
6833 5069
6970 3783
5770 3540
7080 2358
6326 1266
5071 1859
7697 6873
7142 8732
5846 9266
4303 7858
7462 3722
6496 3973
6060 4855
5938 7349
3862 6726
6122 4459
5802 4461
4329 4352
4068 5427
8000 4096
7844 2513
6015 2852
7136 4250
5837 3267
5166 6739
6125 8086
4810 9029
3838 7802
7678 7308
7187 7869
5691 7237
3112 4408
5120 5595
5003 6491
3231 3718
2870 2703
3783 3149
3928 3806
3369 4991
1853 4819
1071 6139
2215 6358
3467 4638
2630 3085
3193 1425
3542 885
4068 2062
2831 5865
1569 6053
1768 6587
3586 6527
1754 3977
464 5291
375 6581
2180 6986
5621 2707
6114 1811
5311 2487
1812 3394
149 3870
0 4731
1516 5604
2898 3854
3047 5001
5288 5347
5441 4422
5120 7255
5548 6389
4944 5050
7001 8353
7693 9782
6801 9913
5351 8153
6445 7980
7155 9276
6226 9652
4817 7966
5191 6303
5285 5959
3208 4698
2709 5526
3810 5019
3511 5640
5146 4740
3864 4812
5138 3304
5491 4034
3136 5983
4839 7576
5776 8418
5579 7487
# Remaining lines are the edges.
# The first value is the source node index.
# The second value is the target node index.
0 20
0 23
0 27
0 30
0 31
0 6
0 33
0 36
0 37
0 38
0 39
0 40
0 41
0 43
0 45
0 47
0 17
0 48
0 51
1 2
1 3
1 53
1 54
1 55
1 56
1 60
1 64
1 66
1 67
1 12
1 71
1 75
1 76
1 16
1 79
1 18
1 82
2 84
2 4
2 85
2 87
2 7
2 88
2 89
2 93
2 97
2 101
2 13
2 104
2 15
2 16
2 105
2 106
2 110
3 113
3 115
3 117
3 121
3 8
3 125
3 129
3 132
3 12
3 135
3 138
3 140
3 16
3 143
3 145
3 149
4 153
4 154
4 158
4 159
4 9
4 162
4 166
4 170
4 172
4 176
4 177
4 179
4 183
4 185
4 187
5 188
5 189
5 192
5 193
5 197
5 201
5 204
5 208
5 14
5 210
5 212
5 215
5 18
5 217
6 219
6 222
6 225
6 229
6 232
6 12
6 234
6 14
6 236
6 238
6 17
6 242
6 246
7 247
7 248
7 250
7 11
7 253
7 257
7 260
7 263
7 264
7 265
7 267
7 19
8 269
8 273
8 277
8 278
8 279
8 282
8 15
8 284
8 287
8 291
8 292
9 10
9 11
9 294
9 296
9 298
9 302
9 304
9 307
9 18
9 311
10 313
10 314
10 316
10 317
10 320
10 323
10 325
10 326
10 329
11 332
11 13
11 333
11 335
11 338
11 339
11 340
11 19
12 13
12 14
12 343
12 344
12 17
12 348
12 349
13 352
13 15
13 356
13 359
13 18
13 363
14 365
14 367
14 370
14 374
14 378
15 16
15 380
15 382
15 384
16 385
16 18
16 386
17 388
17 19
18 389
20 21
21 22
1 22
23 24
24 25
25 26
2 26
27 28
28 29
3 29
4 30
31 32
5 32
33 34
34 35
7 35
8 36
9 37
10 38
11 39
12 40
41 42
13 42
43 44
14 44
45 46
15 46
16 47
48 49
49 50
18 50
51 52
19 52
4 53
5 54
6 55
56 57
57 58
58 59
7 59
60 61
61 62
62 63
8 63
64 65
9 65
10 66
67 68
68 69
69 70
11 70
71 72
72 73
73 74
13 74
14 75
76 77
77 78
15 78
79 80
80 81
17 81
82 83
19 83
3 84
85 86
5 86
6 87
8 88
89 90
90 91
91 92
9 92
93 94
94 95
95 96
10 96
97 98
98 99
99 100
11 100
101 102
102 103
12 103
14 104
17 105
106 107
107 108
108 109
18 109
110 111
111 112
19 112
113 114
4 114
115 116
5 116
117 118
118 119
119 120
6 120
121 122
122 123
123 124
7 124
125 126
126 127
127 128
9 128
129 130
130 131
10 131
132 133
133 134
11 134
135 136
136 137
13 137
138 139
14 139
140 141
141 142
15 142
143 144
17 144
145 146
146 147
147 148
18 148
149 150
150 151
151 152
19 152
5 153
154 155
155 156
156 157
6 157
7 158
159 160
160 161
8 161
162 163
163 164
164 165
10 165
166 167
167 168
168 169
11 169
170 171
12 171
172 173
173 174
174 175
13 175
14 176
177 178
15 178
179 180
180 181
181 182
16 182
183 184
17 184
185 186
18 186
19 187
6 188
189 190
190 191
7 191
8 192
193 194
194 195
195 196
9 196
197 198
198 199
199 200
10 200
201 202
202 203
11 203
204 205
205 206
206 207
12 207
208 209
13 209
210 211
15 211
212 213
213 214
16 214
215 216
17 216
217 218
19 218
219 220
220 221
7 221
222 223
223 224
8 224
225 226
226 227
227 228
9 228
229 230
230 231
10 231
232 233
11 233
234 235
13 235
236 237
15 237
238 239
239 240
240 241
16 241
242 243
243 244
244 245
18 245
19 246
8 247
248 249
9 249
250 251
251 252
10 252
253 254
254 255
255 256
12 256
257 258
258 259
13 259
260 261
261 262
14 262
15 263
16 264
265 266
17 266
267 268
18 268
269 270
270 271
271 272
9 272
273 274
274 275
275 276
10 276
11 277
12 278
279 280
280 281
13 281
282 283
14 283
284 285
285 286
16 286
287 288
288 289
289 290
17 290
18 291
292 293
19 293
294 295
12 295
296 297
13 297
298 299
299 300
300 301
14 301
302 303
15 303
304 305
305 306
16 306
307 308
308 309
309 310
17 310
311 312
19 312
11 313
314 315
12 315
13 316
317 318
318 319
14 319
320 321
321 322
15 322
323 324
16 324
17 325
326 327
327 328
18 328
329 330
330 331
19 331
12 332
333 334
14 334
335 336
336 337
15 337
16 338
17 339
340 341
341 342
18 342
15 343
344 345
345 346
346 347
16 347
18 348
349 350
350 351
19 351
352 353
353 354
354 355
14 355
356 357
357 358
16 358
359 360
360 361
361 362
17 362
363 364
19 364
365 366
15 366
367 368
368 369
16 369
370 371
371 372
372 373
17 373
374 375
375 376
376 377
18 377
378 379
19 379
380 381
17 381
382 383
18 383
19 384
17 385
386 387
19 387
18 388
389 390
390 391
19 391
