# First value is number of nodes (N)
510 
# Next N numbers describe the node locations
10550 7692
11194 7950
10758 8377
11796 7885
13026 6447
13155 4228
13893 3935
15371 3048
16018 4417
14990 5776
15509 6626
14770 8664
13198 9959
13575 11671
11614 12681
12989 12780
12009 10949
11643 8975
9969 7801
9921 6149
8747 4985
7914 5400
7206 6281
5336 5960
3731 5397
3820 3568
4668 1874
5715 1264
7692 1247
6988 2363
6546 4453
7655 5748
7748 7295
6735 8731
5884 8581
5299 8662
3843 9764
2071 10391
2512 11637
3879 13973
5621 14281
4731 13192
4285 12188
5933 11816
4351 11805
4029 11054
5531 11774
6252 13805
7131 14253
7554 13370
6804 14785
5552 15137
5154 14063
6964 13729
9635 11405
8534 11815
7838 11794
6550 12415
4707 13584
3650 12948
2868 12139
2340 10995
1948 9621
1916 8159
3153 7836
1892 7788
2156 8646
3686 8716
5433 9269
7210 8379
9261 6667
9804 5898
9627 5664
8860 6864
9140 7879
8386 7986
8614 6996
9138 5768
7459 4367
7463 3607
8400 3863
8949 4410
10443 4646
11631 5852
10975 7752
10119 8632
10103 7442
9253 5176
7881 3907
8481 2092
9955 1003
11398 1876
10690 2639
9564 4195
10136 6596
8503 7114
8890 8259
9875 9396
10880 10809
11237 10522
9722 7423
8207 7441
9332 9832
10616 9304
10645 7112
9158 7345
10829 8060
11696 7178
12388 8061
12257 7335
12042 5746
12631 5114
12311 5992
12009 5319
10721 6655
11704 5538
12339 3835
11663 4637
12836 4478
11314 4797
9078 6140
11134 5590
13420 5859
12458 6350
13600 8314
11308 9735
12071 7773
13137 7971
13951 9024
13858 9411
12462 9939
13035 10307
11238 10212
11194 8539
11944 10335
10426 12030
8065 13436
10815 11966
12075 11795
12020 11421
12736 10812
11989 9178
12762 10141
14178 10294
13406 11461
11251 11411
10507 10979
11029 9196
12907 9178
14740 7913
13422 7148
14350 7270
14921 6122
13029 5873
14414 5517
15596 4767
16553 5536
14664 4319
13705 3336
11747 4221
13055 2244
11824 2445
9822 650
11464 1084
11084 2506
11063 1727
9988 2226
10187 1380
9446 1719
9309 707
9019 1656
8542 914
9208 3899
8137 3563
8261 2794
9737 6438
10072 8314
7143 7284
7380 5974
8483 4258
9506 7044
8355 6164
8319 5461
8778 5636
10330 8816
11056 9636
9733 8669
9448 7422
10272 9797
11167 8927
9867 8960
9017 10720
8584 11514
8625 9854
8053 10376
7662 11104
7234 9248
7569 9055
7071 8893
7783 8012
6766 7810
6382 8500
6762 7054
5708 6931
5142 8966
5143 7578
5154 9890
3468 9189
4236 10004
4489 7983
6348 5728
6149 7521
7468 10638
8929 10170
6926 9451
7322 12520
6755 13403
6573 11625
6839 12237
5650 11449
6215 11307
8159 12014
9689 12402
8290 10715
7650 7677
7949 8567
6747 9848
7920 11375
7557 11291
7610 9911
7164 9920
7643 10319
8568 8456
9928 10202
9355 8936
7750 9354
7066 10882
9163 11179
6122 10851
5506 8336
6361 8898
6023 9397
4981 10947
4621 10072
3361 11486
5046 10529
3174 10293
2102 11511
2552 13394
1250 10896
1278 9129
2425 6360
839 8404
211 9041
0 8181
1264 7720
3120 7424
1362 6905
222 6576
364 5775
1152 6013
2668 6650
1677 5302
1114 3934
1601 3465
2440 3589
2687 2584
4254 4626
5659 5536
6708 4041
4832 2706
5358 4926
8123 6055
5968 4287
4544 4128
6157 4592
5518 4621
3664 4880
3616 6063
4619 5552
4680 5215
3800 5773
5015 6471
6826 5850
5963 4933
5289 6740
5999 5779
7026 6817
8987 7085
9226 8664
8676 7645
11128 6935
11582 6837
10819 7305
12787 7807
12445 6837
12242 5606
10717 6219
11358 7350
14031 8561
13368 8922
15845 9926
15359 9418
14188 9748
16115 11506
15059 12833
14775 11240
15175 10826
13126 10870
14637 10479
16461 9430
15705 9055
16536 7635
15325 7812
15734 6134
14565 6667
14601 5126
13348 2841
13823 5033
13987 5906
13196 7522
12552 5961
13003 4994
13202 5448
13216 6207
11079 6236
10637 5630
10907 6459
12066 4736
11514 4378
9587 5168
11388 3657
11024 3295
11491 2292
10265 3070
11777 3093
10777 2077
8481 2945
8939 2117
6621 2851
6843 1929
4754 3956
5902 2194
7417 3134
5399 2737
3274 5857
3114 8454
2047 7319
3106 4909
1846 6124
2182 7025
3965 7201
3027 5671
1909 4950
2517 4469
3089 5241
3920 4952
4213 6588
5358 5389
6851 6290
4764 6302
4680 8233
3580 10184
3150 9093
4379 7561
6197 7920
7528 6632
5533 7870
6166 9937
5410 9692
6330 11985
4434 12671
5261 11797
7795 12022
8217 10289
7431 11671
9137 13627
9849 13614
8755 13773
8444 13286
9336 12846
9147 14787
8168 12293
7056 10469
6875 13170
8254 14632
9887 13054
9536 13847
11473 11992
11724 10217
10251 10624
7803 10565
9036 12327
10952 12954
10440 11494
7865 11118
8569 9165
9391 10052
9935 12450
10521 14614
9650 13476
10427 14071
11689 14957
11081 15030
11836 13000
10139 11103
11168 13279
12620 12241
11524 10282
11987 12634
12838 12053
12082 10554
10906 9954
11813 8709
13320 6802
13338 4816
13727 4747
15132 3844
15330 4681
14788 6373
15705 7262
14547 9865
12589 11280
13337 12609
13016 13923
14460 13288
13401 11047
12348 9534
10387 7249
8825 6410
8293 4727
7284 4723
6638 4833
5173 4451
3515 4207
3363 2434
4272 1109
5880 387
7373 0
6492 1645
6412 3561
7651 5010
7976 6677
6890 8090
5621 7597
5005 7238
3603 7885
2707 9584
3314 10986
3992 13147
5593 13430
5100 12819
4786 11407
5881 10902
5433 10206
4585 9557
5193 11179
5603 12732
5958 13291
6690 12894
6505 14571
5551 15780
4303 15394
6663 15221
8436 14110
7709 12894
7868 14057
6611 13912
5316 13644
4669 12389
3894 11518
3124 10637
2600 9032
2470 7596
2987 6942
2593 7047
2787 8293
4355 8782
6573 9502
8037 8147
9829 6817
10137 5741
10474 6474
9763 8351
8963 9482
8000 9487
6256 8217
7172 8031
6326 6262
6853 5046
7398 5341
7880 6157
10098 5196
11274 6565
10263 8046
9279 8280
9316 6307
7963 4578
7090 3805
7982 1485
9299 101
11640 571
10588 1650
9744 3035
10685 5143
8540 6435
8658 8017
9572 9407
10796 11227
11521 12281
# Remaining lines are the edges.
# The first value is the source node index.
# The second value is the target node index.
0 1
0 100
1 2
100 104
2 3
104 107
3 4
107 110
4 5
110 113
5 6
113 116
6 7
116 118
7 8
118 122
8 9
122 124
9 10
124 128
10 11
128 130
11 12
130 132
12 13
132 135
13 14
135 138
14 15
138 140
15 16
140 143
16 17
143 149
17 18
149 152
18 19
152 155
19 20
155 158
20 21
158 161
21 22
161 164
22 23
164 166
23 24
166 168
24 25
168 170
25 26
170 172
26 27
172 175
27 28
175 180
28 29
180 184
29 30
184 188
30 31
188 191
31 32
191 194
32 33
194 198
33 34
198 201
34 35
201 204
35 36
204 206
36 37
206 212
37 38
212 215
38 39
215 218
39 40
218 221
40 41
221 227
41 42
227 231
42 43
231 236
43 44
236 242
44 45
242 244
45 46
244 247
46 47
247 250
47 48
250 253
48 49
253 255
49 50
255 258
50 51
258 260
51 52
260 263
52 53
263 265
53 54
265 267
54 55
267 271
55 56
271 274
56 57
274 277
57 58
277 280
58 59
280 283
59 60
283 288
60 61
288 291
61 62
291 294
62 63
294 299
63 64
299 301
64 65
301 304
65 66
304 307
66 67
307 310
67 68
310 312
68 69
312 314
69 70
314 316
70 71
316 319
71 72
319 323
72 73
323 329
73 74
329 332
74 75
332 334
75 76
334 337
76 77
337 339
77 78
339 341
78 79
341 345
79 80
345 349
80 81
349 353
81 82
353 355
82 83
355 357
83 84
357 361
84 85
361 365
85 86
365 368
86 87
368 370
87 88
370 373
88 89
373 376
89 90
376 379
90 91
379 382
91 92
382 386
92 93
386 388
93 94
388 393
94 95
393 399
95 96
399 402
96 97
402 404
97 98
404 407
98 99
407 410
100 101
101 102
1 292
292 295
295 320
320 389
102 103
389 411
104 105
2 213
105 106
213 412
107 108
3 189
108 109
189 413
110 111
111 112
4 414
5 335
113 114
114 115
335 415
6 111
111 119
119 296
116 117
296 416
118 119
119 120
120 121
7 417
122 123
8 418
124 125
9 324
125 126
126 127
324 419
10 156
128 129
156 420
11 302
130 131
302 421
12 185
132 133
185 390
390 394
133 134
394 422
13 144
135 136
136 137
144 423
14 222
222 377
138 139
377 424
140 141
15 305
141 142
305 425
143 144
144 145
16 145
145 237
145 146
237 308
146 147
147 148
308 426
17 108
108 141
141 176
149 150
176 408
150 151
408 427
18 232
232 272
272 297
152 153
153 154
297 428
155 156
19 330
330 366
156 157
366 429
158 159
159 160
20 430
161 162
162 163
21 431
22 101
101 181
164 165
181 432
23 358
166 167
358 433
24 251
251 281
168 169
281 434
170 171
25 435
172 173
173 174
26 436
175 176
176 177
27 342
177 178
178 179
342 437
28 162
180 181
181 182
182 183
162 438
184 185
185 186
186 187
29 439
188 189
30 284
189 190
284 440
31 182
191 192
192 193
182 441
32 105
194 195
195 196
196 197
105 442
198 199
33 383
199 200
383 443
201 202
202 203
34 444
35 177
177 268
204 205
268 445
206 207
36 207
207 208
207 261
261 278
208 209
209 210
210 211
278 446
212 213
213 214
37 447
215 216
38 362
216 217
362 448
218 219
39 371
219 220
371 449
40 136
221 222
222 223
223 224
224 225
225 226
136 450
227 228
228 229
229 230
41 451
231 232
42 208
232 233
233 234
234 235
208 452
236 237
237 238
238 239
239 240
43 395
240 241
395 453
44 219
242 243
219 454
244 245
45 346
245 246
346 455
46 238
247 248
248 249
238 456
250 251
47 384
251 252
384 457
48 216
253 254
216 458
49 192
192 223
223 228
255 256
256 257
228 459
258 259
50 460
260 261
261 262
51 461
52 248
263 264
248 462
265 266
53 463
54 125
267 268
125 233
268 269
233 380
269 270
380 464
271 272
55 195
272 273
195 465
56 102
102 146
274 275
146 400
275 276
400 466
277 278
278 279
57 467
280 281
281 282
58 468
283 284
284 285
285 286
286 287
59 469
288 289
289 290
60 470
291 292
292 293
61 471
294 295
295 296
296 297
62 363
297 298
363 472
63 347
299 300
347 473
301 302
64 239
239 285
302 303
285 474
304 305
65 350
305 306
350 475
307 308
308 309
66 476
67 209
310 311
209 477
68 245
245 391
312 313
391 478
69 196
196 240
314 315
240 479
70 325
316 317
317 318
325 480
319 320
71 326
320 321
321 322
326 481
323 324
72 159
324 325
325 326
326 327
327 328
159 482
329 330
73 199
199 396
330 331
396 483
74 186
186 289
289 405
332 333
405 484
334 335
75 229
335 336
229 485
76 120
120 202
202 256
256 351
337 338
351 486
77 114
114 147
147 397
339 340
397 487
341 342
78 275
275 286
342 343
343 344
286 488
345 346
346 347
347 348
79 489
349 350
350 351
351 352
80 490
81 178
178 224
353 354
224 491
355 356
82 492
83 153
357 358
358 359
359 360
153 493
361 362
84 234
362 363
363 364
234 494
365 366
85 374
366 367
374 495
86 133
133 327
368 369
327 496
87 173
370 371
173 269
371 372
269 497
88 210
373 374
374 375
210 498
376 377
377 378
89 499
379 380
380 381
90 500
382 383
383 384
91 317
384 385
317 501
386 387
92 502
388 389
389 390
390 391
93 343
391 392
343 503
94 126
393 394
126 150
394 395
150 321
395 396
396 397
397 398
321 504
399 400
95 359
400 401
359 505
96 225
402 403
225 506
404 405
405 406
97 507
407 408
408 409
98 508
410 411
99 103
411 412
103 106
412 413
106 109
413 414
109 112
414 415
112 115
415 416
115 117
416 417
117 121
417 418
121 123
418 419
123 127
419 420
127 129
420 421
129 131
421 422
131 134
422 423
134 137
423 424
137 139
424 425
139 142
425 426
142 148
426 427
148 151
427 428
151 154
428 429
154 157
429 430
157 160
430 431
160 163
431 432
163 165
432 433
165 167
433 434
167 169
434 435
169 171
435 436
171 174
436 437
174 179
437 438
179 183
438 439
183 187
439 440
187 190
440 441
190 193
441 442
193 197
442 443
197 200
443 444
200 203
444 445
203 205
445 446
205 211
446 447
211 214
447 448
214 217
448 449
217 220
449 450
220 226
450 451
226 230
451 452
230 235
452 453
235 241
453 454
241 243
454 455
243 246
455 456
246 249
456 457
249 252
457 458
252 254
458 459
254 257
459 460
257 259
460 461
259 262
461 462
262 264
462 463
264 266
463 464
266 270
464 465
270 273
465 466
273 276
466 467
276 279
467 468
279 282
468 469
282 287
469 470
287 290
470 471
290 293
471 472
293 298
472 473
298 300
473 474
300 303
474 475
303 306
475 476
306 309
476 477
309 311
477 478
311 313
478 479
313 315
479 480
315 318
480 481
318 322
481 482
322 328
482 483
328 331
483 484
331 333
484 485
333 336
485 486
336 338
486 487
338 340
487 488
340 344
488 489
344 348
489 490
348 352
490 491
352 354
491 492
354 356
492 493
356 360
493 494
360 364
494 495
364 367
495 496
367 369
496 497
369 372
497 498
372 375
498 499
375 378
499 500
378 381
500 501
381 385
501 502
385 387
502 503
387 392
503 504
392 398
504 505
398 401
505 506
401 403
506 507
403 406
507 508
406 409
508 509
409 509
