# First value is number of nodes (N)
998
# Next N numbers describe the node locations
22488 13344
19135 13905
14708 12458
16065 10768
18443 9060
21501 7054
24504 6879
25049 8088
25454 9568
26848 11519
27230 12028
28336 11174
29861 9393
31561 7501
32495 7947
31833 8790
32323 9516
32378 11141
30925 11763
29186 12501
26366 13457
25732 14736
23784 15293
22978 15423
23219 14390
23547 14422
24273 13787
24664 13376
22734 11271
21760 8211
21979 6459
22060 5272
22961 5480
23763 6708
23463 7925
21718 8527
20793 9513
19961 8369
19510 9536
19669 10294
20464 11158
22715 11900
22856 9585
22362 7691
22839 8247
25650 8166
29369 7596
30247 7313
31218 5659
32227 5394
33630 4417
33480 3775
31991 5165
31180 7397
32534 9161
34245 12653
34775 15424
34107 16982
32568 17140
32206 16048
31236 16666
30759 18049
28251 19519
30291 19260
33004 17544
34743 16866
32992 14801
29955 13784
28344 12742
27055 10722
25792 10639
25258 9303
24705 9539
23205 10616
22078 8885
20665 7912
19994 8674
17690 10303
17758 12671
18178 14061
16020 14390
14868 13814
16496 12823
16809 10948
15076 11612
14628 12864
14839 14206
15401 15314
16393 17064
16884 18217
19443 18058
20398 20580
22978 20588
25806 19475
27254 18814
30511 18225
31868 16763
32781 15675
33615 13685
33069 13131
36092 13306
37925 12784
38317 11647
36880 10818
34852 10693
32656 12266
30646 14033
28420 14305
26995 13689
26694 12083
26232 10165
25109 7302
26485 6892
26906 8116
27986 9798
27843 11487
27175 12523
28285 12418
27885 11992
27452 10796
28311 11423
28184 11623
27668 11478
26622 11565
25471 11303
24433 11492
25087 11138
26109 11830
27168 11120
28502 11525
29447 11933
29227 13427
28562 14030
28349 13387
26249 14828
26005 15394
26785 16929
27934 18217
28876 20592
29880 20436
29252 18736
28363 16156
29604 14288
29584 13360
27662 14193
27974 13781
27492 13918
25992 14112
24814 14211
23653 12829
22491 11453
21754 10514
21858 9030
21227 10328
19996 10801
19330 12375
20669 13327
22709 14324
24783 14976
26247 14570
27145 15893
27060 17616
26839 18718
27617 19311
28825 18603
24692 19497
23122 20352
22783 20937
22949 18906
24258 16739
25336 15367
26469 15325
27511 15029
25786 13784
24480 12635
23570 13753
23453 14812
24383 17417
23117 19888
22627 19519
21282 18068
20631 15652
20555 13798
21532 11074
22775 11539
22407 9333
22731 7916
25988 7214
28232 7187
27375 8293
25507 10091
26154 10769
27605 10517
29106 10874
29615 10231
28030 8574
27551 7746
26854 7470
26623 8308
26892 9688
24405 12922
23930 13977
24794 13838
25280 14330
26968 11385
26594 10704
25510 8380
26277 8201
27428 9610
28152 10658
29509 10604
30681 11286
30028 10905
31208 11784
32206 12785
30695 13560
31378 12360
31097 12310
30469 12960
29486 12963
27852 11762
27788 12184
28923 13597
29817 14554
29063 14844
30192 17027
31042 16856
26338 17103
28289 16527
29906 17501
31257 15884
31220 13189
29043 11789
27397 13003
28053 15604
26540 18779
24406 18946
27394 17552
25735 17504
26134 17095
26122 17644
24808 16406
25045 15906
25266 16227
24458 14796
24595 13251
24687 14668
24662 15471
24828 15742
25138 15653
25964 14795
25217 16002
24700 16831
24638 17139
24963 17104
23956 17410
26050 16321
26769 13904
25501 13992
24441 14973
23753 16410
25255 17639
24157 17918
24576 17735
24273 14913
25747 14242
25003 16308
24751 18259
24533 20051
24983 20553
25641 21803
26073 22119
26967 21494
28240 21808
27249 21227
27199 18567
27309 18181
27016 16772
26520 14740
27741 13319
27862 15116
26934 15237
27178 13095
26323 12834
26951 14480
25560 16444
25501 16183
25453 15863
26155 16029
24060 16805
23614 15207
24053 14113
25854 16709
25351 17051
23236 17149
23594 17521
23316 15072
24199 15057
23527 15425
23540 12986
24458 11866
25165 12027
23371 13264
23755 12180
24131 13735
21728 13410
22269 11768
24107 9857
24280 9228
23251 9024
23077 9393
24391 7361
27705 6962
26947 8641
24470 8546
24101 5175
24291 6088
25737 5349
25997 8433
24144 8028
24969 6878
28727 4298
29469 6635
28016 9439
27364 7154
29722 5296
28413 6835
28523 5557
32478 6585
31586 4999
33864 9079
33203 13334
32773 11729
30375 8254
31899 6045
33053 7923
31721 7970
33184 6536
32636 6928
32342 7358
30532 6923
28735 9512
30182 12021
31568 9590
30301 7640
30660 8221
29127 9048
29199 9444
27976 10081
27363 10988
27800 10117
27041 10110
27428 11440
27264 10136
27199 9584
25990 9380
25900 8938
26524 10089
26301 9287
24517 9076
24204 8258
24838 9216
22884 8919
21112 8744
22077 9522
23712 9385
23302 9933
23876 11094
25509 11918
24210 10606
23963 10081
25778 9975
24057 10323
22955 10870
22643 10619
22518 11779
23930 13209
23214 12986
22253 13122
21373 11960
20475 10893
19067 10380
19842 11569
21613 11984
22418 10977
21201 12356
22044 13982
20087 15868
21797 13991
24316 14464
25871 13123
24209 14025
25324 14635
25879 13948
25077 14659
25930 15630
27336 15345
25487 15637
25039 16609
24627 16271
25005 17323
25380 16859
25564 14887
25970 13484
23923 14302
23977 15785
24550 16631
23578 16910
23583 16154
24917 15475
26199 14023
25577 15316
24605 15770
24084 16303
22006 15243
24248 15399
24843 16118
25485 17426
25868 17106
27850 17224
27849 16667
29264 16075
28875 15984
29822 14151
29256 13005
29370 14136
30862 14164
30647 12499
29603 12191
29767 11762
30029 13586
30846 16463
30618 15722
30211 16663
31779 18999
31090 18799
30620 22308
30005 21834
27539 24115
26867 23811
25758 23964
25021 24215
22612 22609
22239 20832
21488 22441
20532 21363
20003 20714
20979 18386
22831 16681
20619 18188
19700 17571
19325 17504
19486 15893
20021 12386
19234 15495
20617 16113
21895 16491
20373 16008
21122 15854
21959 14774
20947 15476
21559 16348
21474 15806
22758 16349
22890 17025
22512 16097
24338 16055
24040 14547
23723 13590
24309 15639
26069 16606
25824 15989
28722 16389
27868 16044
31616 16119
30775 16173
32669 15355
32462 16099
31658 15345
33286 13001
31885 12892
31310 11129
28491 9332
25801 10287
29064 10341
31659 10449
31515 9914
30302 10284
29635 11199
27283 12793
28967 11495
28317 10932
28059 11147
27616 11091
25862 10951
24707 12184
25765 11172
24620 9804
24566 10526
24376 9933
22338 9689
22160 9883
20648 8674
19698 7990
17962 6405
17116 6476
18126 5949
18521 6730
17489 5283
19850 5468
18679 4648
21594 7594
22902 10238
20260 9932
21319 7612
20586 4579
21950 4757
21785 5731
21542 3225
23668 1999
23336 1336
25688 288
25261 0
27771 273
27137 817
29902 1531
29244 1974
31448 4288
30643 4253
32333 6306
30333 9247
27539 11595
28141 9936
30276 7099
33517 7696
32657 8402
33102 9672
30743 10636
32641 10095
35330 11416
34529 11697
35220 14337
34509 13943
33484 15849
32187 17062
33010 15556
32205 15191
31861 15097
30232 15228
31525 15041
30619 15170
30442 15314
28637 14784
28361 14594
27000 13311
26537 12811
26899 13021
25173 12440
24668 11197
25262 12210
24148 12143
24122 11900
22740 12483
18834 11458
20187 10886
23102 11791
23911 12820
24977 14175
24221 12991
24515 12152
26006 10605
24780 12491
23687 12564
24984 12184
24795 12927
23698 13302
21901 13377
22014 12144
19671 12851
21112 14010
21240 16846
20719 16986
20061 18947
21594 19369
20708 19008
18844 19201
19497 18685
23904 19594
21454 20297
21328 19180
20266 18795
22087 19801
22195 17216
19865 16567
20826 12039
23024 12093
22931 13090
23591 11955
22349 14106
20921 16510
23242 15509
21248 15180
17011 16798
17806 16053
15309 17423
12056 17635
15987 17847
19029 16894
19191 19666
18638 17550
21702 15971
22754 17702
21984 16789
23034 12761
24682 12022
24611 13994
23078 13923
23518 11593
23421 12077
24893 10224
24900 11035
25027 10648
25645 8969
25460 7390
26651 9377
26754 9962
26330 9711
26703 8898
26903 11173
27378 9339
27346 8056
28389 8948
27812 7897
26776 5504
27283 5254
23302 5828
22835 6686
23645 5581
22565 7115
23564 10846
24434 10240
23294 6970
21212 6263
21489 5928
18777 6505
18881 6020
17422 7298
17403 8052
17345 6675
17673 6734
17287 6011
17682 6044
18077 5567
17204 5409
17716 4965
17715 4455
18324 5094
19073 4594
20218 6408
23338 6291
19710 4976
17956 3071
18590 2901
18504 2465
18587 1908
19507 2706
20124 2778
21083 3760
21483 6589
20818 7545
22502 7553
22437 4666
21993 2946
21500 2482
22919 1899
22758 1432
23921 2482
24700 4566
24020 1645
24749 2107
25311 1974
25007 1788
26039 1788
25229 5330
26106 4121
25401 8161
26457 10906
27137 9234
26502 7367
24735 7985
23974 8493
25594 7682
25388 7910
23894 9176
25211 8466
26412 7874
27917 7444
29462 8732
31166 10795
28625 8180
28774 7817
27929 8905
29425 8028
30693 9677
29805 11548
31085 9443
31956 8469
32847 8760
32281 8557
32187 7488
33768 7717
32769 7376
29885 5955
30423 6006
27236 6229
24704 6930
24913 8260
25993 7717
27723 6741
28029 8130
26570 9617
28171 7956
29036 7652
29337 7350
30863 9067
30840 8706
31609 10635
31431 10375
30655 11875
29286 12701
30728 12070
32316 13554
30405 11282
30255 13520
31702 13767
32523 15609
32834 16280
31346 15393
31915 15459
33878 16649
32826 17906
33599 16687
34677 16156
34962 16414
33815 14931
31323 14370
34012 15193
35064 15162
34322 14806
33871 15596
33293 14112
30904 14594
28745 13051
29817 12396
32180 14164
32542 16271
31843 15762
30806 15198
30862 15411
28852 13362
28205 11759
29070 13946
27700 11887
27756 10821
27461 11868
27768 12616
26564 11800
25371 10538
26449 12143
26464 12522
26333 11645
25217 13364
25980 12931
26718 13675
26480 13799
27071 14705
27942 14176
26600 14367
26575 15923
26406 16237
25132 15216
24633 13710
25378 15008
25195 16726
24519 16088
23380 17278
24096 18285
23167 16661
21353 16177
22655 15165
22089 15789
16359 15410
20346 14512
9485 13439
18921 10002
19379 11544
22723 12792
21812 12286
0 14455
4169 15182
8753 12594
14646 10311
17199 7703
20992 6619
23995 6348
24974 7612
25498 9223
26732 10988
27008 11777
28007 10954
29962 8696
31230 7094
32653 7683
32277 8884
33586 9326
32265 10836
30550 11595
29105 12042
27302 12311
25869 12365
23647 14181
22837 14636
22914 15055
23110 14749
24375 14105
25432 12695
23798 10838
22817 7198
22308 6236
22579 5250
22901 6078
23863 7299
24041 9001
22071 9205
20653 9982
19851 8900
19901 10060
19564 10492
20842 10562
22950 10480
22721 8778
22311 7852
22335 8530
25283 8728
28239 9058
29859 8117
30954 6268
31766 5427
32985 4611
32731 3890
31405 5262
30943 7601
32872 9199
34699 12920
35289 15713
34464 16928
32761 16880
32624 15965
31577 16852
31028 18325
27746 20202
30996 19852
33664 18736
34400 17282
33145 14564
30755 13349
28837 11584
28405 10310
26257 10462
25508 8662
25288 7726
23480 7619
21641 7968
19956 6981
18083 8258
17034 9828
17338 12049
18068 13662
16442 14404
15557 13935
16435 13403
15934 12227
14385 11993
13808 13312
14290 14739
15083 15983
16106 17059
16729 17819
19696 17952
20594 19878
22810 20149
25268 19084
26831 18274
30252 17651
31641 16454
32525 14927
33080 12629
34316 12160
36436 12182
37594 11954
38104 10937
37048 10084
35317 10045
33042 11534
30478 13257
27996 13257
25107 11780
25143 10337
26370 8839
25814 6407
26657 6643
27110 8431
27475 10190
27187 11483
26900 12492
28081 12633
28070 12131
27847 10553
28698 11493
28612 11955
27778 11274
26495 11356
25372 11013
23980 11658
24830 10820
25961 11397
26738 10400
27761 9943
29075 11311
29003 13122
28794 14044
28324 15094
25784 14453
26171 15111
26824 17304
27958 18711
29055 21047
29394 20385
28398 16948
26701 14839
29195 13754
28752 12357
27626 12277
27752 13114
27225 13509
25412 13126
24046 13487
23081 12528
22245 11366
22019 10151
23512 9407
23713 10087
21103 10699
20152 12115
21424 13299
22769 13788
24548 14353
26298 13249
27347 14749
27336 16902
26840 16521
27644 18140
28553 19534
24953 19977
23121 20909
23538 21563
23015 19378
24129 17203
25646 16097
26724 15431
27323 14473
25645 13573
24275 12622
23228 13733
22429 14795
21818 17228
22124 18990
22489 18629
20808 17568
20247 15187
21355 12647
22357 10630
23268 11246
23318 9560
23303 7445
25832 6805
28735 6922
28301 8275
26835 9409
27435 10376
27524 9966
28791 10661
28835 10005
27730 8939
26870 7745
25864 7794
24750 8778
23200 10189
# Remaining lines are the edges.
# The first value is the source node index.
# The second value is the target node index.
0 1
0 200
1 2
200 205
2 3
205 210
3 4
210 213
4 5
213 217
5 6
217 219
6 7
219 223
7 8
223 225
8 9
225 229
9 10
229 235
10 11
235 238
11 12
238 241
12 13
241 244
13 14
244 247
14 15
247 249
15 16
249 252
16 17
252 254
17 18
254 256
18 19
256 261
19 20
261 263
20 21
263 268
21 22
268 270
22 23
270 272
23 24
272 275
24 25
275 277
25 26
277 281
26 27
281 285
27 28
285 289
28 29
289 294
29 30
294 296
30 31
296 299
31 32
299 303
32 33
303 307
33 34
307 311
34 35
311 315
35 36
315 317
36 37
317 321
37 38
321 325
38 39
325 328
39 40
328 330
40 41
330 335
41 42
335 338
42 43
338 340
43 44
340 344
44 45
344 346
45 46
346 348
46 47
348 351
47 48
351 355
48 49
355 359
49 50
359 362
50 51
362 366
51 52
366 370
52 53
370 373
53 54
373 375
54 55
375 380
55 56
380 383
56 57
383 386
57 58
386 389
58 59
389 392
59 60
392 395
60 61
395 398
61 62
398 400
62 63
400 406
63 64
406 409
64 65
409 413
65 66
413 417
66 67
417 419
67 68
419 421
68 69
421 423
69 70
423 426
70 71
426 431
71 72
431 434
72 73
434 436
73 74
436 438
74 75
438 440
75 76
440 442
76 77
442 445
77 78
445 447
78 79
447 450
79 80
450 452
80 81
452 455
81 82
455 458
82 83
458 461
83 84
461 463
84 85
463 466
85 86
466 470
86 87
470 472
87 88
472 474
88 89
474 476
89 90
476 479
90 91
479 481
91 92
481 485
92 93
485 488
93 94
488 491
94 95
491 494
95 96
494 497
96 97
497 500
97 98
500 502
98 99
502 504
99 100
504 506
100 101
506 509
101 102
509 511
102 103
511 516
103 104
516 519
104 105
519 521
105 106
521 523
106 107
523 525
107 108
525 527
108 109
527 529
109 110
529 534
110 111
534 536
111 112
536 539
112 113
539 541
113 114
541 543
114 115
543 546
115 116
546 550
116 117
550 552
117 118
552 554
118 119
554 557
119 120
557 560
120 121
560 562
121 122
562 566
122 123
566 569
123 124
569 572
124 125
572 576
125 126
576 580
126 127
580 582
127 128
582 585
128 129
585 590
129 130
590 593
130 131
593 599
131 132
599 602
132 133
602 604
133 134
604 607
134 135
607 610
135 136
610 613
136 137
613 617
137 138
617 619
138 139
619 622
139 140
622 627
140 141
627 630
141 142
630 633
142 143
633 635
143 144
635 638
144 145
638 642
145 146
642 644
146 147
644 646
147 148
646 649
148 149
649 651
149 150
651 653
150 151
653 655
151 152
655 657
152 153
657 661
153 154
661 663
154 155
663 665
155 156
665 667
156 157
667 672
157 158
672 674
158 159
674 676
159 160
676 679
160 161
679 681
161 162
681 683
162 163
683 685
163 164
685 689
164 165
689 692
165 166
692 696
166 167
696 700
167 168
700 703
168 169
703 706
169 170
706 709
170 171
709 712
171 172
712 714
172 173
714 719
173 174
719 722
174 175
722 724
175 176
724 726
176 177
726 728
177 178
728 731
178 179
731 735
179 180
735 739
180 181
739 742
181 182
742 744
182 183
744 747
183 184
747 749
184 185
749 755
185 186
755 757
186 187
757 759
187 188
759 762
188 189
762 766
189 190
766 769
190 191
769 773
191 192
773 775
192 193
775 778
193 194
778 783
194 195
783 785
195 196
785 788
196 197
788 791
197 198
791 793
198 199
793 798
200 201
1 586
586 605
201 202
202 203
203 204
605 799
205 206
206 207
207 208
208 209
2 800
210 211
3 563
211 212
563 801
4 381
213 214
214 215
381 647
215 216
647 802
217 218
5 803
219 220
220 221
6 623
623 677
221 222
677 804
7 206
223 224
206 805
8 308
225 226
226 227
227 228
308 806
9 220
229 230
230 231
231 232
232 233
233 234
220 807
10 410
235 236
236 237
410 808
238 239
239 240
11 809
241 242
12 697
242 243
697 810
13 322
244 245
245 246
322 811
247 248
14 812
249 250
15 530
250 251
530 813
16 707
252 253
707 814
17 427
254 255
427 815
18 211
256 257
257 258
258 259
259 260
211 816
261 262
19 817
263 264
20 300
300 512
512 558
264 265
558 720
265 266
720 770
266 267
770 818
21 278
278 393
393 531
268 269
531 819
22 459
270 271
459 820
272 273
273 274
23 821
24 201
201 264
275 276
264 822
277 278
25 290
290 448
278 279
279 280
448 823
281 282
282 283
283 284
26 824
27 250
250 489
285 286
286 287
287 288
489 825
289 290
290 291
291 292
28 577
292 293
577 826
29 517
517 668
294 295
668 827
296 297
297 298
30 828
299 300
300 301
301 302
31 829
303 304
304 305
305 306
32 830
307 308
33 715
308 309
309 310
715 831
34 360
311 312
312 313
360 716
716 767
313 314
767 832
315 316
35 833
36 453
317 318
318 319
319 320
453 834
321 322
322 323
37 669
323 324
669 835
38 564
325 326
326 327
564 836
328 329
39 837
330 331
331 332
40 594
332 333
333 334
594 838
41 291
335 336
291 495
336 337
495 839
42 690
338 339
690 840
340 341
341 342
43 636
342 343
636 841
44 794
344 345
794 842
346 347
45 843
46 336
336 486
486 732
348 349
349 350
732 844
351 352
352 353
353 354
47 845
355 356
356 357
357 358
48 846
359 360
360 361
49 847
362 363
363 364
364 365
50 848
366 367
367 368
368 369
51 849
370 371
371 372
52 850
53 312
373 374
312 851
375 376
376 377
377 378
378 379
54 852
380 381
55 750
381 382
750 853
383 384
384 385
56 854
386 387
387 388
57 855
58 226
389 390
390 391
226 856
392 393
59 331
393 394
331 857
395 396
60 751
396 397
751 858
398 399
61 859
400 401
401 402
402 403
62 587
403 404
404 405
587 860
406 407
407 408
63 861
409 410
64 477
410 411
477 736
411 412
736 862
413 414
414 415
415 416
65 863
417 418
66 864
419 420
67 865
68 257
257 352
421 422
352 866
69 313
313 341
423 424
424 425
341 867
426 427
427 428
70 614
428 429
429 430
614 868
431 432
432 433
71 869
72 356
356 717
434 435
717 870
73 245
245 367
367 670
436 437
670 871
438 439
74 872
75 658
440 441
658 873
76 363
363 507
442 443
443 444
507 874
445 446
77 875
447 448
448 449
78 876
79 414
450 451
414 877
452 453
453 454
80 878
455 456
456 457
81 879
458 459
82 578
459 460
578 880
83 513
513 795
461 462
795 881
463 464
464 465
84 882
466 467
467 468
468 469
85 883
470 471
86 884
472 473
87 885
474 475
88 886
476 477
477 478
89 887
90 387
479 480
387 888
481 482
91 588
588 608
482 483
483 484
608 889
485 486
486 487
92 890
488 489
93 401
489 490
401 891
94 292
491 492
492 493
292 892
494 495
495 496
95 893
96 230
497 498
498 499
230 894
97 547
500 501
547 895
98 214
214 698
502 503
698 896
99 231
231 332
504 505
332 897
506 507
507 508
100 898
509 510
101 899
511 512
512 513
513 514
514 515
102 900
516 517
517 518
103 901
104 710
519 520
710 902
521 522
105 903
106 432
432 737
523 524
737 904
525 526
107 905
108 402
402 789
789 796
527 528
796 906
529 530
530 531
531 532
109 555
555 573
573 620
532 533
620 907
110 353
353 532
532 701
534 535
701 908
536 537
111 659
537 538
659 909
539 540
112 910
541 542
113 911
114 482
482 631
543 544
631 763
544 545
763 912
115 282
546 547
547 548
282 764
548 549
764 913
116 403
550 551
403 914
117 428
552 553
428 915
118 279
554 555
555 556
279 916
557 558
119 318
318 624
558 559
624 917
120 424
560 561
424 918
562 563
121 221
563 564
221 368
368 390
390 752
564 565
752 919
122 492
566 567
567 568
492 920
569 570
570 571
123 921
572 573
573 574
574 575
124 922
576 577
577 578
125 595
578 579
595 923
126 498
580 581
498 924
127 283
582 583
583 584
283 925
585 586
128 357
586 587
587 588
588 589
357 926
129 232
232 323
323 570
570 625
590 591
591 592
625 927
593 594
130 537
594 595
595 596
596 597
597 598
537 928
599 600
131 776
600 601
776 929
132 396
602 603
396 930
604 605
133 342
342 745
605 606
745 931
134 297
297 304
607 608
608 609
304 932
135 202
202 376
610 611
376 771
611 612
771 933
613 614
614 615
136 779
615 616
779 934
617 618
137 935
138 273
619 620
620 621
273 936
622 623
623 624
624 625
625 626
139 937
627 628
628 629
140 938
141 286
630 631
286 600
600 615
631 632
615 939
142 215
633 634
215 940
635 636
143 704
636 637
704 941
144 265
265 686
638 639
639 640
640 641
686 942
642 643
145 943
146 729
644 645
729 944
646 647
147 258
258 574
647 648
574 945
148 259
259 467
649 650
467 946
149 377
651 652
377 947
653 654
150 948
655 656
151 949
152 319
657 658
658 659
659 660
319 950
153 384
384 483
661 662
483 951
663 664
154 952
665 666
155 953
667 668
156 305
668 669
669 670
670 671
305 954
157 378
672 673
378 955
158 242
242 287
674 675
287 956
676 677
159 233
233 628
677 678
628 957
679 680
160 958
681 682
161 959
162 239
239 411
411 567
683 684
567 960
685 686
686 687
687 688
163 961
689 690
164 544
544 740
690 691
740 962
165 611
692 693
611 786
693 694
694 695
786 963
696 697
697 698
166 591
698 699
591 964
700 701
701 702
167 965
168 583
703 704
704 705
583 966
706 707
169 407
407 464
707 708
464 967
170 203
203 415
709 710
415 780
710 711
780 968
712 713
171 969
714 715
715 716
716 717
172 548
548 733
717 718
733 970
719 720
720 721
173 971
174 639
722 723
639 972
175 404
724 725
404 973
176 596
726 727
596 974
177 227
227 266
266 456
728 729
729 730
456 975
731 732
178 443
732 733
733 734
443 976
179 236
735 736
736 737
737 738
236 977
739 740
740 741
180 978
742 743
181 979
744 745
745 746
182 980
183 364
364 693
747 748
693 981
749 750
750 751
184 468
751 752
752 753
468 781
753 754
781 982
185 309
755 756
309 983
186 514
757 758
514 984
187 207
759 760
760 761
207 985
188 333
762 763
763 764
764 765
333 986
766 767
189 326
767 768
326 987
769 770
190 597
770 771
597 640
771 772
640 988
191 301
301 349
349 760
773 774
760 989
192 208
208 371
775 776
776 777
371 990
778 779
779 780
780 781
193 753
781 782
753 991
194 429
783 784
429 992
195 687
785 786
786 787
687 993
788 789
789 790
196 994
791 792
197 995
793 794
794 795
795 796
198 694
796 797
694 996
798 799
199 204
799 800
204 209
800 801
209 212
801 802
212 216
802 803
216 218
803 804
218 222
804 805
222 224
805 806
224 228
806 807
228 234
807 808
234 237
808 809
237 240
809 810
240 243
810 811
243 246
811 812
246 248
812 813
248 251
813 814
251 253
814 815
253 255
815 816
255 260
816 817
260 262
817 818
262 267
818 819
267 269
819 820
269 271
820 821
271 274
821 822
274 276
822 823
276 280
823 824
280 284
824 825
284 288
825 826
288 293
826 827
293 295
827 828
295 298
828 829
298 302
829 830
302 306
830 831
306 310
831 832
310 314
832 833
314 316
833 834
316 320
834 835
320 324
835 836
324 327
836 837
327 329
837 838
329 334
838 839
334 337
839 840
337 339
840 841
339 343
841 842
343 345
842 843
345 347
843 844
347 350
844 845
350 354
845 846
354 358
846 847
358 361
847 848
361 365
848 849
365 369
849 850
369 372
850 851
372 374
851 852
374 379
852 853
379 382
853 854
382 385
854 855
385 388
855 856
388 391
856 857
391 394
857 858
394 397
858 859
397 399
859 860
399 405
860 861
405 408
861 862
408 412
862 863
412 416
863 864
416 418
864 865
418 420
865 866
420 422
866 867
422 425
867 868
425 430
868 869
430 433
869 870
433 435
870 871
435 437
871 872
437 439
872 873
439 441
873 874
441 444
874 875
444 446
875 876
446 449
876 877
449 451
877 878
451 454
878 879
454 457
879 880
457 460
880 881
460 462
881 882
462 465
882 883
465 469
883 884
469 471
884 885
471 473
885 886
473 475
886 887
475 478
887 888
478 480
888 889
480 484
889 890
484 487
890 891
487 490
891 892
490 493
892 893
493 496
893 894
496 499
894 895
499 501
895 896
501 503
896 897
503 505
897 898
505 508
898 899
508 510
899 900
510 515
900 901
515 518
901 902
518 520
902 903
520 522
903 904
522 524
904 905
524 526
905 906
526 528
906 907
528 533
907 908
533 535
908 909
535 538
909 910
538 540
910 911
540 542
911 912
542 545
912 913
545 549
913 914
549 551
914 915
551 553
915 916
553 556
916 917
556 559
917 918
559 561
918 919
561 565
919 920
565 568
920 921
568 571
921 922
571 575
922 923
575 579
923 924
579 581
924 925
581 584
925 926
584 589
926 927
589 592
927 928
592 598
928 929
598 601
929 930
601 603
930 931
603 606
931 932
606 609
932 933
609 612
933 934
612 616
934 935
616 618
935 936
618 621
936 937
621 626
937 938
626 629
938 939
629 632
939 940
632 634
940 941
634 637
941 942
637 641
942 943
641 643
943 944
643 645
944 945
645 648
945 946
648 650
946 947
650 652
947 948
652 654
948 949
654 656
949 950
656 660
950 951
660 662
951 952
662 664
952 953
664 666
953 954
666 671
954 955
671 673
955 956
673 675
956 957
675 678
957 958
678 680
958 959
680 682
959 960
682 684
960 961
684 688
961 962
688 691
962 963
691 695
963 964
695 699
964 965
699 702
965 966
702 705
966 967
705 708
967 968
708 711
968 969
711 713
969 970
713 718
970 971
718 721
971 972
721 723
972 973
723 725
973 974
725 727
974 975
727 730
975 976
730 734
976 977
734 738
977 978
738 741
978 979
741 743
979 980
743 746
980 981
746 748
981 982
748 754
982 983
754 756
983 984
756 758
984 985
758 761
985 986
761 765
986 987
765 768
987 988
768 772
988 989
772 774
989 990
774 777
990 991
777 782
991 992
782 784
992 993
784 787
993 994
787 790
994 995
790 792
995 996
792 797
996 997
797 997
