# First value is number of nodes (N)
80 
# Next N numbers describe the node locations
3632 3091
3001 1526
2578 2714
1782 2853
4050 2524
4438 2696
5181 4119
1008 1913
1973 2055
4053 2011
1459 1353
634 1223
4152 4128
1482 3912
1062 881
5157 4866
7502 5094
2366 3707
4878 2550
650 2832
4749 3780
4692 4615
2072 3481
4074 1289
1243 2991
3147 2878
1540 3379
136 855
5299 2724
1832 1536
4803 4337
940 3032
4783 2070
4382 4797
2934 2258
5137 3186
3785 1952
3711 3722
736 3642
4556 3426
383 3354
2141 1153
1051 3316
1946 794
3853 1686
6252 4872
3195 2672
1174 3673
1054 2659
3482 2832
3879 771
98 2862
2209 1743
2130 129
3445 2409
551 511
6572 4260
3171 3331
2660 564
4426 1075
4150 5350
4840 1433
4294 3169
4778 409
2579 3293
3007 0
7533 4065
2322 2100
5669 4062
506 1584
1975 4173
4682 2998
6273 3686
4233 1837
3200 2206
0 1438
1488 328
3551 2094
5840 4433
3240 1871
# Remaining lines are the edges.
# The first value is the source node index.
# The second value is the target node index.
0 37
1 67
2 25
3 8
4 5
5 18
0 5
4 36
4 6
2 7
8 10
0 62
0 4
0 3
9 59
2 17
3 34
1 41
4 9
1 8
3 19
10 14
1 10
11 27
12 20
3 13
3 10
3 42
0 9
2 4
14 75
2 3
4 12
0 20
15 68
16 66
12 30
7 10
1 43
6 15
17 70
10 69
7 55
1 52
9 18
7 19
15 20
2 22
6 21
13 22
6 12
0 39
9 32
23 50
24 26
20 68
1 9
17 22
15 21
7 31
25 49
6 20
2 26
25 46
3 22
2 64
15 60
3 26
17 26
7 27
7 26
4 20
7 11
14 27
23 73
18 28
13 26
13 42
0 71
0 18
3 7
7 29
2 29
21 30
14 29
15 30
31 38
19 31
26 31
5 32
12 33
20 33
18 32
12 15
4 32
34 54
12 21
0 34
1 34
28 35
0 28
18 35
1 36
1 73
1 44
12 37
0 12
3 38
3 47
37 62
38 40
35 39
0 35
39 71
19 40
19 38
29 41
1 29
19 51
14 41
42 48
14 43
3 24
4 44
26 42
10 53
4 74
41 43
16 45
36 44
6 45
6 72
4 46
31 47
38 47
24 48
49 57
1 50
38 51
9 50
40 51
0 25
3 48
3 31
31 51
2 52
1 2
1 23
53 58
53 76
2 57
9 54
54 77
4 25
1 53
0 54
2 46
29 52
24 42
14 55
7 14
27 55
6 56
45 56
0 57
43 58
66 72
43 53
58 65
25 57
0 49
59 61
50 59
9 23
33 60
15 33
61 63
12 60
4 62
5 62
23 59
9 61
12 62
23 63
59 63
0 64
3 64
0 2
1 65
23 61
53 65
1 58
56 66
16 56
45 66
3 67
1 3
8 67
45 68
6 68
11 69
13 70
22 70
26 70
15 45
14 69
10 11
18 71
45 72
6 78
35 71
4 73
1 74
2 74
5 71
11 75
69 75
36 73
14 76
1 4
11 14
9 73
1 77
45 78
56 72
10 76
68 78
72 78
34 79
77 79
34 77
1 79
43 76
9 77
46 57
50 61
29 43
22 64
41 58
3 17
7 51
5 9
0 77
6 30
3 40
41 52
4 49
61 73
50 63
22 26
68 72
10 43
27 75
54 79
