# First value is number of nodes (N)
149
# Next N numbers describe the node locations
2785 3957
2021 3792
1655 3504
1425 3229
2135 3195
2780 3348
3386 3280
3975 2831
4284 2345
4351 1719
4267 1202
4174 746
3934 1280
3794 1752
3659 1188
3561 1226
3563 827
3622 383
4116 309
4671 583
3415 3506
3364 2815
3422 2227
3386 1230
3840 989
4478 1184
3241 3096
2875 2781
3190 2031
3164 1495
3166 1042
3156 789
3458 1412
4005 1503
3346 2684
3653 2216
3650 1611
3633 1066
3525 641
3281 930
3532 1326
2748 2885
2003 2893
2408 2572
2857 2462
2999 2046
3042 1556
2965 978
3174 1246
2736 2626
2811 2178
2906 1636
2826 1262
2455 2718
2289 2200
2550 1826
2414 1517
2474 1024
2294 3038
1820 3131
2005 2629
2198 2078
2247 1499
2647 1399
2641 1069
2685 570
2470 410
2140 2562
1668 2547
1942 2144
2322 1818
2536 1623
2948 1160
3097 657
2538 0
2345 2000
2483 1363
2531 905
2297 1053
2170 513
1951 410
1945 2335
1632 1994
1865 1291
1778 734
1398 430
1440 2772
1466 2364
1655 1805
1581 1150
1091 938
744 2710
1121 2102
1199 2635
1580 2329
1687 1643
1041 1490
342 2324
752 2259
1097 1966
508 1570
1136 1397
1989 1427
2258 947
2810 737
2206 719
1973 884
1953 1689
1555 1861
700 1094
1457 1139
1642 622
1796 1024
1583 1409
328 775
993 790
1418 830
1363 1366
0 1413
533 1724
1195 1622
1230 1017
1151 1170
899 1357
352 1765
1276 1763
1510 914
791 797
510 1342
440 1227
855 1250
995 1978
536 2230
970 2470
1191 2219
1389 2109
1785 2027
1777 1557
1676 1235
2093 1101
1973 555
2553 227
2075 67
1539 30
976 235
1184 769
1343 1152
1310 1631
768 1759
# Remaining lines are the edges.
# The first value is the source node index.
# The second value is the target node index.
0 1
0 20
1 2
20 26
2 3
26 34
3 4
34 41
4 5
41 49
5 6
49 53
6 7
53 58
7 8
58 67
8 9
67 75
9 10
75 81
10 11
81 86
11 12
86 91
12 13
91 97
13 14
97 100
14 15
100 109
15 16
109 114
16 17
114 118
17 18
118 124
18 19
124 129
20 21
21 22
1 59
59 68
68 82
22 23
82 92
92 101
101 115
23 24
24 25
115 130
2 42
26 27
42 87
27 28
28 29
29 30
30 31
31 32
32 33
87 131
34 35
35 36
36 37
37 38
3 93
93 98
38 39
98 119
39 40
119 132
41 42
42 43
43 44
4 60
44 45
45 46
46 47
60 94
47 48
94 133
5 27
27 43
49 50
43 69
50 51
69 125
51 52
125 134
6 21
21 44
53 54
44 54
54 88
54 55
88 120
55 56
56 57
120 135
58 59
7 22
59 60
22 50
60 61
50 61
61 62
62 63
63 64
64 65
65 66
61 136
67 68
8 35
35 45
68 69
69 70
45 70
70 71
71 72
72 73
70 102
73 74
102 137
9 36
36 46
46 71
75 76
71 95
76 77
77 78
95 110
78 79
79 80
110 138
81 82
10 37
37 72
72 76
82 83
83 84
84 85
76 139
86 87
11 38
38 47
87 88
47 103
88 89
103 126
89 90
126 140
91 92
12 23
92 93
93 94
94 95
23 104
95 96
104 141
13 28
97 98
28 55
55 62
62 105
98 99
105 142
100 101
101 102
14 73
73 77
102 103
103 104
104 105
105 106
77 106
106 111
106 107
107 108
111 143
15 29
29 63
109 110
63 78
110 111
111 112
78 112
112 116
116 121
121 127
112 113
127 144
114 115
16 30
30 39
39 64
64 83
115 116
83 122
116 117
122 145
17 31
118 119
119 120
31 65
65 79
79 84
84 89
120 121
121 122
122 123
89 146
18 24
24 32
124 125
32 51
51 56
125 126
56 107
126 127
127 128
107 147
129 130
19 25
130 131
25 33
131 132
33 40
132 133
40 48
133 134
48 52
134 135
52 57
135 136
57 66
136 137
66 74
137 138
74 80
138 139
80 85
139 140
85 90
140 141
90 96
141 142
96 99
142 143
99 108
143 144
108 113
144 145
113 117
145 146
117 123
146 147
123 128
147 148
128 148
