# category: automatic
# problem: 15
# Lines starting with # are comments and ignored
# First value is the number of nodes(N)
650
# Next N numbers describe the node locations.
10001 1
10121 12
10441 23
10961 34
11681 45
12601 56
13721 67
15041 78
16561 89
18281 100
20201 111
22321 122
24641 133
27161 144
29881 155
32801 166
35921 177
39241 188
42761 199
46481 210
50401 221
54521 232
58841 243
63361 254
68081 265
73001 276
78121 287
83441 298
88961 309
94681 320
100601 331
106721 342
113041 353
119561 364
126281 375
133201 386
140321 397
147641 408
155161 419
162881 430
170801 441
178921 452
187241 463
195761 474
204481 485
213401 496
222521 507
231841 518
241361 529
251081 540
261001 551
271121 562
281441 573
291961 584
302681 595
313601 606
324721 617
336041 628
347561 639
359281 650
371201 661
383321 672
395641 683
408161 694
420881 705
433801 716
446921 727
460241 738
473761 749
487481 760
501401 771
515521 782
529841 793
544361 804
559081 815
574001 826
589121 837
604441 848
619961 859
635681 870
651601 881
667721 892
684041 903
700561 914
717281 925
734201 936
751321 947
768641 958
786161 969
803881 980
821801 991
839921 1002
858241 1013
876761 1024
895481 1035
914401 1046
933521 1057
952841 1068
972361 1079
992081 1090
10001 2102
10121 2113
10441 2124
10961 2135
11681 2146
12601 2157
13721 2168
15041 2179
16561 2190
18281 2201
20201 2212
22321 2223
24641 2234
27161 2245
29881 2256
32801 2267
35921 2278
39241 2289
42761 2300
46481 2311
50401 2322
54521 2333
58841 2344
63361 2355
68081 2366
73001 2377
78121 2388
83441 2399
88961 2410
94681 2421
100601 2432
106721 2443
113041 2454
119561 2465
126281 2476
133201 2487
140321 2498
147641 2509
155161 2520
162881 2531
170801 2542
178921 2553
187241 2564
195761 2575
204481 2586
213401 2597
222521 2608
231841 2619
241361 2630
251081 2641
261001 2652
271121 2663
281441 2674
291961 2685
302681 2696
313601 2707
324721 2718
336041 2729
347561 2740
359281 2751
371201 2762
383321 2773
395641 2784
408161 2795
420881 2806
433801 2817
446921 2828
460241 2839
473761 2850
487481 2861
501401 2872
515521 2883
529841 2894
544361 2905
559081 2916
574001 2927
589121 2938
604441 2949
619961 2960
635681 2971
651601 2982
667721 2993
684041 3004
700561 3015
717281 3026
734201 3037
751321 3048
768641 3059
786161 3070
803881 3081
821801 3092
839921 3103
858241 3114
876761 3125
895481 3136
914401 3147
933521 3158
952841 3169
972361 3180
992081 3191
10001 4203
10121 4214
10441 4225
10961 4236
11681 4247
12601 4258
13721 4269
15041 4280
16561 4291
18281 4302
20201 4313
22321 4324
24641 4335
27161 4346
29881 4357
32801 4368
35921 4379
39241 4390
42761 4401
46481 4412
50401 4423
54521 4434
58841 4445
63361 4456
68081 4467
73001 4478
78121 4489
83441 4500
88961 4511
94681 4522
100601 4533
106721 4544
113041 4555
119561 4566
126281 4577
133201 4588
140321 4599
147641 4610
155161 4621
162881 4632
170801 4643
178921 4654
187241 4665
195761 4676
204481 4687
213401 4698
222521 4709
231841 4720
241361 4731
251081 4742
261001 4753
271121 4764
281441 4775
291961 4786
302681 4797
313601 4808
324721 4819
336041 4830
347561 4841
359281 4852
371201 4863
383321 4874
395641 4885
408161 4896
420881 4907
433801 4918
446921 4929
460241 4940
473761 4951
487481 4962
501401 4973
515521 4984
529841 4995
544361 5006
559081 5017
574001 5028
589121 5039
604441 5050
619961 5061
635681 5072
651601 5083
667721 5094
684041 5105
700561 5116
717281 5127
734201 5138
751321 5149
768641 5160
786161 5171
803881 5182
821801 5193
839921 5204
858241 5215
876761 5226
895481 5237
914401 5248
933521 5259
952841 5270
972361 5281
992081 5292
10001 6304
10121 6315
10441 6326
10961 6337
11681 6348
12601 6359
13721 6370
15041 6381
16561 6392
18281 6403
20201 6414
22321 6425
24641 6436
27161 6447
29881 6458
32801 6469
35921 6480
39241 6491
42761 6502
46481 6513
50401 6524
54521 6535
58841 6546
63361 6557
68081 6568
73001 6579
78121 6590
83441 6601
88961 6612
94681 6623
100601 6634
106721 6645
113041 6656
119561 6667
126281 6678
133201 6689
140321 6700
147641 6711
155161 6722
162881 6733
170801 6744
178921 6755
187241 6766
195761 6777
204481 6788
213401 6799
222521 6810
231841 6821
241361 6832
251081 6843
261001 6854
271121 6865
281441 6876
291961 6887
302681 6898
313601 6909
324721 6920
336041 6931
347561 6942
359281 6953
371201 6964
383321 6975
395641 6986
408161 6997
420881 7008
433801 7019
446921 7030
460241 7041
473761 7052
487481 7063
501401 7074
515521 7085
529841 7096
544361 7107
559081 7118
574001 7129
589121 7140
604441 7151
619961 7162
635681 7173
651601 7184
667721 7195
684041 7206
700561 7217
717281 7228
734201 7239
751321 7250
768641 7261
786161 7272
803881 7283
821801 7294
839921 7305
858241 7316
876761 7327
895481 7338
914401 7349
933521 7360
952841 7371
972361 7382
992081 7393
10001 8405
10121 8416
10441 8427
10961 8438
11681 8449
12601 8460
13721 8471
15041 8482
16561 8493
18281 8504
20201 8515
22321 8526
24641 8537
27161 8548
29881 8559
32801 8570
35921 8581
39241 8592
42761 8603
46481 8614
50401 8625
54521 8636
58841 8647
63361 8658
68081 8669
73001 8680
78121 8691
83441 8702
88961 8713
94681 8724
100601 8735
106721 8746
113041 8757
119561 8768
126281 8779
133201 8790
140321 8801
147641 8812
155161 8823
162881 8834
170801 8845
178921 8856
187241 8867
195761 8878
204481 8889
213401 8900
222521 8911
231841 8922
241361 8933
251081 8944
261001 8955
271121 8966
281441 8977
291961 8988
302681 8999
313601 9010
324721 9021
336041 9032
347561 9043
359281 9054
371201 9065
383321 9076
395641 9087
408161 9098
420881 9109
433801 9120
446921 9131
460241 9142
473761 9153
487481 9164
501401 9175
515521 9186
529841 9197
544361 9208
559081 9219
574001 9230
589121 9241
604441 9252
619961 9263
635681 9274
651601 9285
667721 9296
684041 9307
700561 9318
717281 9329
734201 9340
751321 9351
768641 9362
786161 9373
803881 9384
821801 9395
839921 9406
858241 9417
876761 9428
895481 9439
914401 9450
933521 9461
952841 9472
972361 9483
992081 9494
10001 10506
10121 10517
10441 10528
10961 10539
11681 10550
12601 10561
13721 10572
15041 10583
16561 10594
18281 10605
20201 10616
22321 10627
24641 10638
27161 10649
29881 10660
32801 10671
35921 10682
39241 10693
42761 10704
46481 10715
50401 10726
54521 10737
58841 10748
63361 10759
68081 10770
73001 10781
78121 10792
83441 10803
88961 10814
94681 10825
100601 10836
106721 10847
113041 10858
119561 10869
126281 10880
133201 10891
140321 10902
147641 10913
155161 10924
162881 10935
170801 10946
178921 10957
187241 10968
195761 10979
204481 10990
213401 11001
222521 11012
231841 11023
241361 11034
251081 11045
261001 11056
271121 11067
281441 11078
291961 11089
302681 11100
313601 11111
324721 11122
336041 11133
347561 11144
359281 11155
371201 11166
383321 11177
395641 11188
408161 11199
420881 11210
433801 11221
446921 11232
460241 11243
473761 11254
487481 11265
501401 11276
515521 11287
529841 11298
544361 11309
559081 11320
574001 11331
589121 11342
604441 11353
619961 11364
635681 11375
651601 11386
667721 11397
684041 11408
700561 11419
717281 11430
734201 11441
751321 11452
768641 11463
786161 11474
803881 11485
821801 11496
839921 11507
858241 11518
876761 11529
895481 11540
914401 11551
933521 11562
952841 11573
972361 11584
992081 11595
10001 12607
10121 12618
10441 12629
10961 12640
11681 12651
12601 12662
13721 12673
15041 12684
16561 12695
18281 12706
20201 12717
22321 12728
24641 12739
27161 12750
29881 12761
32801 12772
35921 12783
39241 12794
42761 12805
46481 12816
50401 12827
54521 12838
58841 12849
63361 12860
68081 12871
73001 12882
78121 12893
83441 12904
88961 12915
94681 12926
100601 12937
106721 12948
113041 12959
119561 12970
126281 12981
133201 12992
140321 13003
147641 13014
155161 13025
162881 13036
170801 13047
178921 13058
187241 13069
195761 13080
204481 13091
213401 13102
222521 13113
231841 13124
241361 13135
251081 13146
# Remaining lines are the edges.
0 143
1 2
2 52
3 135
1 632
4 89
4 446
0 8
0 5
1 199
1 63
0 179
6 610
6 596
4 377
7 40
1 16
3 8
9 244
0 255
1 126
10 15
5 445
11 20
12 254
13 402
5 198
0 3
8 491
14 79
15 241
5 53
3 136
16 210
17 113
4 177
7 515
9 384
8 15
18 29
11 83
12 13
1 7
5 18
1 110
4 176
19 109
18 59
9 148
0 475
20 272
15 349
6 21
13 86
5 22
20 23
4 123
17 155
1 6
6 50
13 20
18 23
23 82
24 619
14 385
25 43
4 521
25 200
22 242
5 142
18 74
0 217
26 493
20 27
18 444
18 459
18 27
18 261
28 441
8 48
3 15
29 303
29 539
11 66
7 30
5 361
31 34
20 333
20 76
14 41
32 299
15 372
8 28
14 33
34 185
35 370
20 563
14 174
34 35
14 47
34 156
34 334
9 36
37 339
29 266
9 158
38 67
5 9
13 488
29 64
13 93
39 138
39 206
8 112
6 40
6 120
6 139
41 226
7 41
30 132
42 62
5 43
44 284
5 281
13 203
14 22
31 45
45 169
24 46
42 47
32 48
49 547
42 434
1 50
22 51
5 25
49 151
3 52
53 159
34 45
13 44
54 295
5 55
51 173
14 56
5 54
24 98
1 628
8 32
57 252
58 477
58 59
29 580
45 183
60 208
53 469
61 131
62 404
57 237
5 20
3 63
8 202
64 88
4 63
65 85
50 84
11 18
29 66
62 107
1 125
13 19
6 221
9 61
2 3
13 639
44 67
68 157
42 460
42 439
2 63
67 482
36 142
12 69
5 69
9 25
59 104
70 274
13 67
9 646
14 105
5 65
15 71
72 336
18 99
14 73
54 256
26 74
15 39
71 90
27 218
18 26
4 56
19 60
14 30
47 296
75 211
76 97
14 81
12 149
69 77
78 365
79 558
80 108
70 343
5 531
81 117
20 35
68 81
82 456
54 613
14 75
83 622
84 224
7 14
13 453
19 85
11 13
61 70
5 12
9 69
82 577
85 253
7 72
86 362
1 66
39 184
50 214
46 576
85 152
18 82
76 478
67 86
22 602
5 163
87 268
88 127
39 90
49 89
28 90
53 479
15 90
56 79
49 79
75 232
66 243
91 111
91 119
7 92
93 160
7 262
14 94
1 115
95 626
33 96
91 257
87 147
9 191
22 310
31 280
42 559
35 97
75 360
0 98
93 231
1 92
99 285
59 99
76 130
35 76
39 100
54 88
101 394
22 42
102 400
89 305
19 103
86 122
29 104
5 103
105 133
14 62
74 106
57 95
100 193
14 313
78 90
27 392
107 338
0 24
5 14
5 108
102 116
5 109
85 109
110 537
111 463
78 228
62 101
39 112
29 88
113 269
4 113
60 103
71 114
92 115
1 141
34 91
46 98
18 116
104 528
117 239
62 94
45 111
5 81
105 449
96 118
97 130
559 603
3 182
58 104
15 114
95 119
7 50
120 316
44 121
122 481
7 123
124 168
24 124
8 302
72 145
125 378
5 80
86 278
27 74
35 573
14 117
121 323
39 71
38 122
12 108
115 210
11 126
3 125
2 125
6 127
6 251
29 127
7 115
4 7
1 128
13 126
5 348
21 240
129 618
102 130
0 279
1 8
131 172
75 132
5 19
14 173
22 96
5 132
5 133
134 175
57 119
11 178
4 135
7 89
0 128
0 46
18 58
4 129
61 227
136 355
6 88
137 213
138 247
76 116
7 139
3 140
139 381
54 137
13 121
21 141
18 104
142 195
15 138
3 39
70 233
116 130
135 601
35 130
31 119
39 140
9 131
15 140
12 143
1 144
137 145
1 21
139 346
146 359
1 483
147 341
148 437
80 149
14 150
133 358
7 151
152 389
0 136
5 153
30 75
19 154
155 230
108 149
18 156
109 504
5 157
18 34
5 75
19 357
7 220
17 171
70 158
94 196
159 415
160 395
161 300
63 162
9 564
19 44
14 163
54 215
132 153
19 93
5 627
63 374
72 164
156 370
79 151
5 145
72 201
67 165
81 157
158 259
9 142
166 356
63 135
38 165
240 286
19 510
44 167
0 168
7 192
27 106
89 151
3 332
4 168
9 60
9 70
77 159
57 169
5 143
14 96
170 194
22 171
172 578
134 151
5 147
118 173
22 173
51 174
175 329
7 175
9 289
6 141
86 165
15 207
5 171
1 553
53 69
5 68
5 176
176 301
36 131
22 177
144 440
178 420
179 260
13 188
1 386
0 129
10 180
10 136
38 181
112 182
0 180
105 318
45 57
126 178
5 85
14 51
34 183
74 565
6 7
155 222
47 150
184 411
185 568
18 183
93 186
9 186
4 417
28 187
167 188
189 416
167 190
451 537
93 191
4 192
90 193
44 166
20 34
123 192
89 134
111 183
163 296
0 124
174 602
91 169
0 387
13 167
88 170
54 194
179 618
67 203
194 380
17 189
39 193
195 571
196 249
27 197
13 198
13 199
4 22
103 200
5 201
78 187
5 13
32 202
166 203
56 204
39 223
18 246
72 194
94 527
186 291
49 204
1 205
38 86
44 203
3 112
170 485
8 182
114 206
48 202
5 72
67 181
202 372
170 532
136 207
61 142
5 149
25 208
154 209
210 263
44 190
16 92
6 72
73 211
106 212
213 288
27 212
198 293
44 154
7 214
145 215
145 342
216 500
4 217
39 187
155 171
0 4
13 65
161 218
54 145
5 200
177 324
73 75
72 219
19 209
94 150
220 554
126 325
25 103
78 193
29 221
137 215
7 87
189 222
187 223
7 205
224 572
14 211
139 214
27 569
218 565
204 225
1 210
63 205
96 173
39 364
25 60
30 226
6 29
13 190
36 227
39 228
50 224
192 548
114 458
36 61
1 409
78 223
30 516
87 229
22 230
231 421
145 219
195 368
232 561
142 233
234 535
8 187
78 273
26 27
212 218
13 191
131 227
171 513
232 550
87 220
147 234
235 315
93 121
4 236
136 448
142 616
22 236
103 208
0 235
72 567
155 189
14 422
237 476
50 238
56 89
129 217
197 459
5 239
146 240
117 575
15 136
50 139
28 241
118 242
243 625
13 166
50 326
39 78
89 204
30 41
19 244
22 155
22 118
49 225
214 607
201 234
77 245
127 221
240 283
223 526
229 543
194 219
44 188
137 579
31 57
185 246
247 467
64 248
77 258
19 188
11 243
249 426
15 28
7 229
247 383
68 250
146 451
94 249
7 251
133 492
75 153
252 353
91 414
133 308
18 185
14 239
136 180
171 230
253 500
19 231
88 457
9 93
13 253
7 507
9 19
1 254
19 253
173 242
244 529
255 605
53 77
143 254
70 142
256 271
45 257
258 498
32 241
252 304
84 214
10 366
65 253
54 64
45 432
120 251
88 256
180 255
246 333
54 248
1 12
424 450
104 354
111 257
259 331
39 247
258 270
150 196
61 322
257 570
260 592
0 518
45 261
45 574
134 262
129 519
134 363
61 455
7 134
45 282
92 263
92 210
37 264
6 265
264 265
29 37
37 634
263 538
6 266
266 303
37 266
6 264
267 371
267 294
234 268
7 224
5 269
87 582
147 268
269 309
9 270
77 270
9 258
113 297
271 615
248 256
54 271
55 272
39 273
5 274
228 273
100 273
44 275
209 617
30 276
53 274
277 486
5 272
276 534
121 275
55 480
67 278
13 272
7 276
142 274
13 638
4 279
165 278
168 279
55 198
279 387
91 280
281 321
31 91
18 282
261 282
1 283
25 468
209 284
154 284
280 292
283 337
34 633
200 321
275 284
1 240
285 314
58 99
6 286
21 286
59 466
260 287
5 288
137 393
179 287
50 286
129 287
289 330
5 290
54 290
9 172
145 288
19 291
119 292
19 160
91 470
288 290
36 289
119 280
93 630
277 293
198 277
293 486
214 294
7 294
224 294
18 295
18 54
29 295
5 296
42 296
14 296
5 297
292 298
299 648
241 299
5 113
5 644
91 292
32 635
280 298
212 300
161 212
218 300
113 301
39 302
1 303
4 301
39 379
1 29
169 304
225 305
6 303
169 401
225 345
49 305
169 252
39 406
113 176
306 555
7 147
87 555
143 307
1 143
254 307
68 308
105 308
68 133
17 309
113 309
5 309
33 310
96 310
236 311
14 310
236 512
22 311
312 645
7 120
251 316
311 313
14 311
22 313
58 314
180 315
312 316
291 317
7 316
5 318
285 376
319 413
250 320
133 250
321 397
93 317
5 321
158 322
42 150
19 323
324 408
47 319
199 325
139 326
155 177
5 105
126 199
120 312
281 367
40 327
133 318
324 396
328 533
19 121
39 328
238 326
0 315
89 329
15 328
235 609
40 139
19 317
9 322
7 327
13 325
58 391
172 330
331 608
4 332
231 323
18 333
89 175
68 320
134 329
172 289
18 20
158 331
18 334
326 588
9 330
61 536
4 398
185 333
335 423
0 332
45 237
185 334
87 336
146 337
72 87
146 283
31 335
229 336
282 334
94 338
94 603
61 447
94 107
265 339
340 496
337 359
37 265
341 594
339 634
7 341
14 236
147 306
340 422
213 342
145 213
137 342
53 343
287 344
344 405
89 345
179 344
274 343
89 225
53 70
204 345
238 346
139 238
326 346
113 347
269 350
297 347
17 348
171 348
5 17
0 349
0 15
15 503
347 350
297 350
351 399
5 352
57 351
147 352
5 495
113 350
304 401
91 353
169 353
91 252
243 354
58 354
104 243
235 355
190 356
136 419
13 356
275 357
320 358
68 358
1 359
44 356
360 452
7 361
133 320
357 369
181 362
86 181
211 360
38 362
5 360
355 629
283 359
209 357
7 363
147 361
364 523
15 364
262 363
1 146
276 361
175 363
100 365
100 502
39 114
273 365
0 366
5 367
10 589
70 368
121 369
321 367
121 357
70 195
0 10
43 468
18 370
116 370
275 369
34 370
61 368
7 371
267 611
224 371
32 372
15 373
8 372
135 374
20 375
372 484
58 376
377 473
162 374
52 378
113 377
8 379
2 378
88 380
381 620
381 508
3 378
4 374
78 382
20 185
383 551
155 377
12 384
314 443
68 385
178 386
58 285
15 506
8 39
207 448
11 386
7 381
54 380
176 387
9 12
14 68
15 388
5 389
66 390
247 388
5 387
34 375
391 505
365 382
243 390
5 152
74 392
288 393
394 431
42 394
317 395
22 396
66 104
397 586
160 317
78 100
3 398
314 505
88 194
4 387
106 392
399 461
85 389
367 397
155 396
247 540
252 351
35 400
351 401
57 401
3 4
135 398
18 392
384 402
9 402
137 288
25 321
132 403
35 102
22 324
302 379
12 402
132 552
130 442
93 395
62 394
22 404
129 405
9 13
8 406
252 401
22 62
285 499
247 407
112 406
5 403
287 405
144 386
15 247
385 449
408 560
155 324
401 461
302 464
129 344
138 388
404 431
213 393
388 407
3 373
396 560
13 409
170 410
13 487
411 599
39 526
6 170
1 13
39 411
88 596
205 412
412 435
150 413
4 474
57 414
119 414
319 501
57 91
150 319
69 415
69 159
77 415
171 416
222 494
155 417
179 418
171 189
235 419
4 155
136 427
144 420
121 421
126 420
4 422
377 417
237 423
129 179
236 422
144 178
56 422
245 424
169 425
31 423
323 421
150 426
136 235
235 427
77 424
245 450
94 426
31 428
375 429
93 436
129 587
10 430
22 431
91 425
185 375
355 427
335 432
433 583
10 255
22 394
196 426
5 434
45 425
435 548
0 430
436 541
60 437
198 438
319 439
5 480
126 440
205 435
480 486
78 441
400 442
126 144
102 442
296 434
376 443
20 444
314 376
45 335
423 432
31 237
22 497
4 435
62 431
9 437
57 428
445 465
5 276
412 446
121 436
5 82
1 440
158 447
373 448
259 462
45 423
27 444
61 158
42 319
68 449
130 400
53 450
14 449
21 451
419 427
451 454
21 146
205 446
14 452
285 525
361 593
187 441
453 598
77 450
454 509
158 455
20 429
308 449
9 450
126 453
18 433
11 444
47 439
14 360
4 412
70 455
60 148
90 441
433 456
248 457
39 458
71 458
146 454
64 457
27 459
15 448
101 460
82 433
455 608
451 517
93 421
5 489
42 101
444 459
26 459
252 461
83 453
256 457
447 462
5 452
463 544
406 464
276 465
206 458
285 466
91 463
328 467
59 285
15 467
367 468
9 469
298 470
259 447
5 468
39 464
450 469
70 469
394 460
466 499
187 471
397 468
8 464
5 472
462 536
3 448
361 465
17 473
205 474
475 511
428 476
11 477
18 478
479 557
77 479
438 480
481 636
351 461
237 428
18 76
86 481
13 482
307 483
17 377
31 476
472 520
34 111
116 478
53 424
18 477
252 399
44 482
153 472
38 481
484 614
198 480
113 473
164 485
243 477
55 486
482 638
1 487
409 487
216 488
280 470
198 486
164 170
456 489
248 490
256 490
491 641
82 489
4 205
1 307
8 128
13 216
5 456
39 471
68 492
91 298
143 483
197 493
0 1
12 487
54 556
5 492
15 484
241 372
488 642
55 277
187 411
416 494
26 197
234 495
352 495
438 486
222 416
5 234
14 496
1 641
63 474
222 546
434 497
5 497
450 498
58 499
500 530
128 511
9 498
358 492
14 340
150 501
382 502
236 496
499 545
258 450
502 612
485 532
413 501
0 503
47 501
5 465
22 434
59 499
502 595
503 589
152 504
285 505
247 328
407 506
6 507
459 493
65 216
40 508
109 514
1 509
451 509
146 509
186 510
40 507
58 505
139 508
19 186
1 511
13 566
251 507
340 512
222 513
152 514
155 513
1 515
15 624
109 152
85 514
222 524
1 475
9 510
92 515
236 340
349 503
41 516
1 517
226 516
50 515
344 518
388 506
1 451
496 512
0 344
285 391
1 590
0 511
418 519
75 520
14 516
327 508
124 521
5 520
504 514
306 522
523 549
171 524
171 222
147 522
525 631
411 526
150 527
184 526
306 341
390 528
14 527
60 529
15 523
285 562
65 530
12 531
72 532
140 533
60 244
196 527
403 534
19 529
352 535
259 536
65 500
168 521
143 531
129 418
39 533
243 528
234 352
447 643
513 524
21 537
16 538
264 539
388 540
132 534
421 541
129 518
407 540
421 436
164 542
72 543
232 520
29 264
528 584
121 541
34 544
5 534
37 539
140 328
391 545
416 546
58 545
39 523
72 229
336 543
495 535
494 606
149 531
526 600
170 542
56 547
7 548
114 549
331 536
472 550
153 550
114 523
388 551
276 552
247 551
216 530
132 276
11 553
49 56
205 548
15 549
229 554
7 555
490 556
424 557
7 558
30 552
94 559
1 11
7 79
16 263
520 550
21 110
87 554
155 560
324 560
285 545
386 553
490 649
424 479
248 556
91 544
7 306
1 537
7 554
147 555
519 587
111 544
24 521
153 561
164 532
443 562
153 232
4 548
383 388
550 561
18 563
194 532
60 564
76 563
106 565
148 564
79 547
285 443
500 566
14 558
13 500
234 567
72 234
171 546
525 562
106 218
376 562
383 540
42 94
6 164
23 563
92 538
155 408
429 568
216 566
161 569
20 568
27 565
201 567
53 557
425 570
61 571
267 572
27 161
371 572
116 573
18 574
183 574
142 571
257 425
375 568
62 559
102 573
244 564
5 575
81 575
4 576
577 621
36 578
218 569
368 571
290 579
20 82
289 578
45 570
5 577
172 597
294 572
137 290
54 580
18 45
29 54
180 581
136 581
129 576
234 582
295 580
5 583
370 573
5 433
66 584
180 355
66 528
4 46
275 585
87 234
25 586
179 587
268 582
357 585
214 588
214 326
239 575
0 589
50 588
366 589
468 586
288 579
451 590
241 591
209 275
129 592
25 397
104 584
15 591
445 593
522 594
341 522
15 589
418 587
517 590
465 593
372 591
365 595
179 592
5 593
410 596
170 596
36 597
11 598
471 599
187 600
537 590
100 595
587 592
36 172
162 601
411 471
14 602
36 640
187 526
107 603
583 604
11 453
313 602
135 162
187 599
374 601
456 604
430 605
546 606
223 600
224 607
61 608
180 609
180 235
129 260
84 607
542 610
315 609
7 611
382 595
612 623
338 603
100 612
147 594
371 611
219 613
255 430
6 542
591 614
456 583
490 615
70 616
274 616
170 610
416 606
15 614
585 617
46 618
4 619
294 611
327 620
54 219
6 410
536 608
20 621
13 622
10 605
20 577
78 623
407 624
126 598
54 615
433 604
58 625
13 83
145 613
209 585
233 616
100 623
247 624
11 622
294 607
51 602
78 612
4 24
271 490
31 626
327 381
14 627
31 95
46 129
5 621
158 608
286 628
581 629
275 637
508 620
180 629
62 603
291 630
163 627
78 502
93 291
46 619
0 618
354 625
1 286
443 631
506 624
3 632
477 625
282 633
50 628
355 581
239 627
6 634
6 37
265 634
125 632
119 626
186 630
8 632
484 591
443 525
34 282
45 633
28 635
285 631
165 636
617 637
585 637
165 481
86 636
8 635
494 546
278 638
28 32
209 647
86 638
67 638
55 639
13 55
198 639
172 640
597 640
128 641
131 640
8 641
65 642
536 643
447 536
462 643
128 491
350 644
216 642
7 645
297 644
7 312
13 642
5 350
120 645
77 646
9 77
69 646
637 647
28 648
209 637
32 648
54 649
241 648
556 649
275 647
54 490
63 125
143 387
88 410
113 417
199 440
136 589
453 622
402 487
437 564
24 168
20 392
1 266
35 563
23 76
185 282
142 289
67 166
34 335
296 439
22 296
31 633
79 422
9 227
374 474
2 632
131 322
12 53
5 60
86 203
88 271
75 516
34 76
83 126
109 253
20 622
6 229
147 582
71 193
257 463
292 414
62 527
7 210
111 425
268 555
5 211
97 116
193 273
256 380
35 442
18 66
308 318
18 106
19 514
301 377
19 208
14 575
165 638
26 565
325 453
46 179
116 442
118 310
130 478
214 381
215 290
44 93
70 571
3 533
7 594
79 134
14 132
148 244
296 627
67 481
25 437
0 531
5 230
278 636
287 592
217 518
169 237
173 174
34 574
21 590
14 196
122 362
194 485
145 393
106 161
19 284
145 194
220 555
294 371
73 360
49 345
16 115
221 264
28 39
228 365
520 561
0 609
13 436
96 242
54 72
270 450
21 454
5 358
159 479
111 570
85 500
64 556
58 243
264 634
50 371
270 498
30 361
5 616
168 387
6 240
260 344
260 405
5 137
5 579
214 611
379 464
133 449
311 602
251 312
58 562
214 346
4 324
7 508
22 560
160 291
505 545
57 423
87 543
343 469
269 347
354 528
369 585
1 337
175 262
206 523
15 366
35 156
7 572
202 241
333 568
11 144
178 553
81 385
138 506
78 595
57 461
393 579
200 397
467 624
177 408
184 223
410 610
199 409
47 413
355 419
4 14
169 257
34 568
5 604
42 431
11 27
58 443
31 432
465 534
93 541
237 432
308 385
562 631
28 78
9 53
122 636
122 165
11 625
248 271
446 474
143 475
32 591
171 494
59 545
422 496
276 445
39 467
40 251
14 226
15 407
524 546
184 187
376 525
143 149
529 564
331 462
114 364
259 608
396 408
77 557
110 590
72 485
540 551
314 631
81 239
64 580
18 583
235 629
390 584
139 588
179 519
241 484
361 445
411 600
63 601
214 224
7 620
576 618
107 559
382 612
317 630
240 628
1 3
334 633
131 597
