# category: automatic
# problem: 13
# Lines starting with # are comments and ignored
# First value is the number of nodes(N)
392
# Next N numbers describe the node locations.
10001 1
10121 12
10441 23
10961 34
11681 45
12601 56
13721 67
15041 78
16561 89
18281 100
20201 111
22321 122
24641 133
27161 144
29881 155
32801 166
35921 177
39241 188
42761 199
46481 210
50401 221
54521 232
58841 243
63361 254
68081 265
73001 276
78121 287
83441 298
88961 309
94681 320
100601 331
106721 342
113041 353
119561 364
126281 375
133201 386
140321 397
147641 408
155161 419
162881 430
170801 441
178921 452
187241 463
195761 474
204481 485
213401 496
222521 507
231841 518
241361 529
251081 540
261001 551
271121 562
281441 573
291961 584
302681 595
313601 606
324721 617
336041 628
347561 639
359281 650
371201 661
383321 672
395641 683
408161 694
420881 705
433801 716
446921 727
460241 738
473761 749
487481 760
501401 771
515521 782
529841 793
544361 804
559081 815
574001 826
589121 837
604441 848
619961 859
635681 870
651601 881
667721 892
684041 903
700561 914
717281 925
734201 936
751321 947
768641 958
786161 969
803881 980
821801 991
839921 1002
858241 1013
876761 1024
895481 1035
914401 1046
933521 1057
952841 1068
972361 1079
992081 1090
10001 2102
10121 2113
10441 2124
10961 2135
11681 2146
12601 2157
13721 2168
15041 2179
16561 2190
18281 2201
20201 2212
22321 2223
24641 2234
27161 2245
29881 2256
32801 2267
35921 2278
39241 2289
42761 2300
46481 2311
50401 2322
54521 2333
58841 2344
63361 2355
68081 2366
73001 2377
78121 2388
83441 2399
88961 2410
94681 2421
100601 2432
106721 2443
113041 2454
119561 2465
126281 2476
133201 2487
140321 2498
147641 2509
155161 2520
162881 2531
170801 2542
178921 2553
187241 2564
195761 2575
204481 2586
213401 2597
222521 2608
231841 2619
241361 2630
251081 2641
261001 2652
271121 2663
281441 2674
291961 2685
302681 2696
313601 2707
324721 2718
336041 2729
347561 2740
359281 2751
371201 2762
383321 2773
395641 2784
408161 2795
420881 2806
433801 2817
446921 2828
460241 2839
473761 2850
487481 2861
501401 2872
515521 2883
529841 2894
544361 2905
559081 2916
574001 2927
589121 2938
604441 2949
619961 2960
635681 2971
651601 2982
667721 2993
684041 3004
700561 3015
717281 3026
734201 3037
751321 3048
768641 3059
786161 3070
803881 3081
821801 3092
839921 3103
858241 3114
876761 3125
895481 3136
914401 3147
933521 3158
952841 3169
972361 3180
992081 3191
10001 4203
10121 4214
10441 4225
10961 4236
11681 4247
12601 4258
13721 4269
15041 4280
16561 4291
18281 4302
20201 4313
22321 4324
24641 4335
27161 4346
29881 4357
32801 4368
35921 4379
39241 4390
42761 4401
46481 4412
50401 4423
54521 4434
58841 4445
63361 4456
68081 4467
73001 4478
78121 4489
83441 4500
88961 4511
94681 4522
100601 4533
106721 4544
113041 4555
119561 4566
126281 4577
133201 4588
140321 4599
147641 4610
155161 4621
162881 4632
170801 4643
178921 4654
187241 4665
195761 4676
204481 4687
213401 4698
222521 4709
231841 4720
241361 4731
251081 4742
261001 4753
271121 4764
281441 4775
291961 4786
302681 4797
313601 4808
324721 4819
336041 4830
347561 4841
359281 4852
371201 4863
383321 4874
395641 4885
408161 4896
420881 4907
433801 4918
446921 4929
460241 4940
473761 4951
487481 4962
501401 4973
515521 4984
529841 4995
544361 5006
559081 5017
574001 5028
589121 5039
604441 5050
619961 5061
635681 5072
651601 5083
667721 5094
684041 5105
700561 5116
717281 5127
734201 5138
751321 5149
768641 5160
786161 5171
803881 5182
821801 5193
839921 5204
858241 5215
876761 5226
895481 5237
914401 5248
933521 5259
952841 5270
972361 5281
992081 5292
10001 6304
10121 6315
10441 6326
10961 6337
11681 6348
12601 6359
13721 6370
15041 6381
16561 6392
18281 6403
20201 6414
22321 6425
24641 6436
27161 6447
29881 6458
32801 6469
35921 6480
39241 6491
42761 6502
46481 6513
50401 6524
54521 6535
58841 6546
63361 6557
68081 6568
73001 6579
78121 6590
83441 6601
88961 6612
94681 6623
100601 6634
106721 6645
113041 6656
119561 6667
126281 6678
133201 6689
140321 6700
147641 6711
155161 6722
162881 6733
170801 6744
178921 6755
187241 6766
195761 6777
204481 6788
213401 6799
222521 6810
231841 6821
241361 6832
251081 6843
261001 6854
271121 6865
281441 6876
291961 6887
302681 6898
313601 6909
324721 6920
336041 6931
347561 6942
359281 6953
371201 6964
383321 6975
395641 6986
408161 6997
420881 7008
433801 7019
446921 7030
460241 7041
473761 7052
487481 7063
501401 7074
515521 7085
529841 7096
544361 7107
559081 7118
574001 7129
589121 7140
604441 7151
619961 7162
635681 7173
651601 7184
667721 7195
684041 7206
700561 7217
717281 7228
734201 7239
751321 7250
768641 7261
786161 7272
803881 7283
821801 7294
839921 7305
# Remaining lines are the edges.
0 20
0 23
0 27
0 30
0 31
0 6
0 33
0 36
0 37
0 38
0 39
0 40
0 41
0 43
0 45
0 47
0 17
0 48
0 51
1 2
1 3
1 53
1 54
1 55
1 56
1 60
1 64
1 66
1 67
1 12
1 71
1 75
1 76
1 16
1 79
1 18
1 82
2 84
2 4
2 85
2 87
2 7
2 88
2 89
2 93
2 97
2 101
2 13
2 104
2 15
2 16
2 105
2 106
2 110
3 113
3 115
3 117
3 121
3 8
3 125
3 129
3 132
3 12
3 135
3 138
3 140
3 16
3 143
3 145
3 149
4 153
4 154
4 158
4 159
4 9
4 162
4 166
4 170
4 172
4 176
4 177
4 179
4 183
4 185
4 187
5 188
5 189
5 192
5 193
5 197
5 201
5 204
5 208
5 14
5 210
5 212
5 215
5 18
5 217
6 219
6 222
6 225
6 229
6 232
6 12
6 234
6 14
6 236
6 238
6 17
6 242
6 246
7 247
7 248
7 250
7 11
7 253
7 257
7 260
7 263
7 264
7 265
7 267
7 19
8 269
8 273
8 277
8 278
8 279
8 282
8 15
8 284
8 287
8 291
8 292
9 10
9 11
9 294
9 296
9 298
9 302
9 304
9 307
9 18
9 311
10 313
10 314
10 316
10 317
10 320
10 323
10 325
10 326
10 329
11 332
11 13
11 333
11 335
11 338
11 339
11 340
11 19
12 13
12 14
12 343
12 344
12 17
12 348
12 349
13 352
13 15
13 356
13 359
13 18
13 363
14 365
14 367
14 370
14 374
14 378
15 16
15 380
15 382
15 384
16 385
16 18
16 386
17 388
17 19
18 389
20 21
21 22
1 22
23 24
24 25
25 26
2 26
27 28
28 29
3 29
4 30
31 32
5 32
33 34
34 35
7 35
8 36
9 37
10 38
11 39
12 40
41 42
13 42
43 44
14 44
45 46
15 46
16 47
48 49
49 50
18 50
51 52
19 52
4 53
5 54
6 55
56 57
57 58
58 59
7 59
60 61
61 62
62 63
8 63
64 65
9 65
10 66
67 68
68 69
69 70
11 70
71 72
72 73
73 74
13 74
14 75
76 77
77 78
15 78
79 80
80 81
17 81
82 83
19 83
3 84
85 86
5 86
6 87
8 88
89 90
90 91
91 92
9 92
93 94
94 95
95 96
10 96
97 98
98 99
99 100
11 100
101 102
102 103
12 103
14 104
17 105
106 107
107 108
108 109
18 109
110 111
111 112
19 112
113 114
4 114
115 116
5 116
117 118
118 119
119 120
6 120
121 122
122 123
123 124
7 124
125 126
126 127
127 128
9 128
129 130
130 131
10 131
132 133
133 134
11 134
135 136
136 137
13 137
138 139
14 139
140 141
141 142
15 142
143 144
17 144
145 146
146 147
147 148
18 148
149 150
150 151
151 152
19 152
5 153
154 155
155 156
156 157
6 157
7 158
159 160
160 161
8 161
162 163
163 164
164 165
10 165
166 167
167 168
168 169
11 169
170 171
12 171
172 173
173 174
174 175
13 175
14 176
177 178
15 178
179 180
180 181
181 182
16 182
183 184
17 184
185 186
18 186
19 187
6 188
189 190
190 191
7 191
8 192
193 194
194 195
195 196
9 196
197 198
198 199
199 200
10 200
201 202
202 203
11 203
204 205
205 206
206 207
12 207
208 209
13 209
210 211
15 211
212 213
213 214
16 214
215 216
17 216
217 218
19 218
219 220
220 221
7 221
222 223
223 224
8 224
225 226
226 227
227 228
9 228
229 230
230 231
10 231
232 233
11 233
234 235
13 235
236 237
15 237
238 239
239 240
240 241
16 241
242 243
243 244
244 245
18 245
19 246
8 247
248 249
9 249
250 251
251 252
10 252
253 254
254 255
255 256
12 256
257 258
258 259
13 259
260 261
261 262
14 262
15 263
16 264
265 266
17 266
267 268
18 268
269 270
270 271
271 272
9 272
273 274
274 275
275 276
10 276
11 277
12 278
279 280
280 281
13 281
282 283
14 283
284 285
285 286
16 286
287 288
288 289
289 290
17 290
18 291
292 293
19 293
294 295
12 295
296 297
13 297
298 299
299 300
300 301
14 301
302 303
15 303
304 305
305 306
16 306
307 308
308 309
309 310
17 310
311 312
19 312
11 313
314 315
12 315
13 316
317 318
318 319
14 319
320 321
321 322
15 322
323 324
16 324
17 325
326 327
327 328
18 328
329 330
330 331
19 331
12 332
333 334
14 334
335 336
336 337
15 337
16 338
17 339
340 341
341 342
18 342
15 343
344 345
345 346
346 347
16 347
18 348
349 350
350 351
19 351
352 353
353 354
354 355
14 355
356 357
357 358
16 358
359 360
360 361
361 362
17 362
363 364
19 364
365 366
15 366
367 368
368 369
16 369
370 371
371 372
372 373
17 373
374 375
375 376
376 377
18 377
378 379
19 379
380 381
17 381
382 383
18 383
19 384
17 385
386 387
19 387
18 388
389 390
390 391
19 391
