# category: automatic
# problem: 9
# Lines starting with # are comments and ignored
# First value is the number of nodes (N)
149
# Next N numbers describe the node locations.
80 147
74 139
67 133
65 122
75 129
86 134
97 147
108 146
109 150
115 145
119 138
124 127
129 128
126 117
132 99
130 100
142 99
149 104
147 114
150 124
90 149
100 138
112 134
121 123
134 120
143 126
96 136
100 128
111 117
120 102
131 95
136 93
133 108
138 114
90 142
102 141
109 131
115 121
122 115
124 100
129 111
84 131
74 123
86 123
95 121
97 125
104 119
111 111
127 112
92 128
106 123
117 110
127 103
90 120
94 110
103 109
113 98
125 88
79 115
74 124
82 124
95 115
103 103
113 91
115 86
129 85
132 78
81 110
78 108
79 110
89 112
96 105
109 103
120 89
126 74
92 107
101 97
108 85
107 77
119 72
121 64
82 105
79 90
96 81
108 71
113 61
69 108
72 102
89 95
94 79
102 67
62 98
73 90
67 107
74 111
83 96
87 79
57 92
68 88
80 78
65 82
76 88
89 98
99 101
113 106
108 94
104 87
101 81
88 75
74 73
85 82
99 74
92 70
84 59
62 67
66 74
78 64
79 54
56 76
62 86
73 85
83 68
92 64
87 51
55 89
72 97
87 88
93 66
95 51
50 81
60 79
62 94
56 99
59 110
65 103
75 95
87 105
93 94
91 91
104 89
96 89
109 90
112 82
115 70
105 59
101 55
97 58
101 62
103 50
# Remaining lines are the edges.
# The first value is the source node index.
# The second value is the target node index.
0 1
0 20
1 2
20 26
2 3
26 34
3 4
34 41
4 5
41 49
5 6
49 53
6 7
53 58
7 8
58 67
8 9
67 75
9 10
75 81
10 11
81 86
11 12
86 91
12 13
91 97
13 14
97 100
14 15
100 109
15 16
109 114
16 17
114 118
17 18
118 124
18 19
124 129
20 21
21 22
1 59
59 68
68 82
22 23
82 92
92 101
101 115
23 24
24 25
115 130
2 42
26 27
42 87
27 28
28 29
29 30
30 31
31 32
32 33
87 131
34 35
35 36
36 37
37 38
3 93
93 98
38 39
98 119
39 40
119 132
41 42
42 43
43 44
4 60
44 45
45 46
46 47
60 94
47 48
94 133
5 27
27 43
49 50
43 69
50 51
69 125
51 52
125 134
6 21
21 44
53 54
44 54
54 88
54 55
88 120
55 56
56 57
120 135
58 59
7 22
59 60
22 50
60 61
50 61
61 62
62 63
63 64
64 65
65 66
61 136
67 68
8 35
35 45
68 69
69 70
45 70
70 71
71 72
72 73
70 102
73 74
102 137
9 36
36 46
46 71
75 76
71 95
76 77
77 78
95 110
78 79
79 80
110 138
81 82
10 37
37 72
72 76
82 83
83 84
84 85
76 139
86 87
11 38
38 47
87 88
47 103
88 89
103 126
89 90
126 140
91 92
12 23
92 93
93 94
94 95
23 104
95 96
104 141
13 28
97 98
28 55
55 62
62 105
98 99
105 142
100 101
101 102
14 73
73 77
102 103
103 104
104 105
105 106
77 106
106 111
106 107
107 108
111 143
15 29
29 63
109 110
63 78
110 111
111 112
78 112
112 116
116 121
121 127
112 113
127 144
114 115
16 30
30 39
39 64
64 83
115 116
83 122
116 117
122 145
17 31
118 119
119 120
31 65
65 79
79 84
84 89
120 121
121 122
122 123
89 146
18 24
24 32
124 125
32 51
51 56
125 126
56 107
126 127
127 128
107 147
129 130
19 25
130 131
25 33
131 132
33 40
132 133
40 48
133 134
48 52
134 135
52 57
135 136
57 66
136 137
66 74
137 138
74 80
138 139
80 85
139 140
85 90
140 141
90 96
141 142
96 99
142 143
99 108
143 144
108 113
144 145
113 117
145 146
117 123
146 147
123 128
147 148
128 148