# First value is number of nodes (N)
392 
# Next N numbers describe the node locations
4647 6345
2170 1674
7164 2265
3981 5799
5155 3496
7922 6786
3520 6986
3744 6211
5560 5365
6859 7851
8514 1299
4368 4574
1018 3512
3530 4286
5120 7097
4798 4673
4623 3992
3572 6540
4118 5476
5081 5518
2843 7331
552 3850
197 2842
3875 7885
2445 10202
8743 10173
9506 3086
3854 7892
1740 4896
2528 4194
3004 5045
5446 6936
6373 6311
3789 8024
3185 7497
2730 6897
5048 6767
6253 8255
5309 6827
4746 5118
3403 6819
4715 5419
4644 5398
4332 6636
4142 6721
4733 5172
4519 4999
3046 5081
7435 9659
7009 8680
5445 6693
4695 6118
4929 5859
5138 2959
5268 3373
340 2583
341 2814
1615 4425
1581 5322
2540 6781
4321 2251
1453 5853
2230 7405
4340 8654
5233 2916
7535 5662
1342 585
4191 2951
3756 3600
3061 4380
3629 5179
4059 2906
3925 3235
3468 3614
3753 3847
1128 3606
3232 2775
4235 4367
4571 4389
179 2734
533 6828
2095 8008
5908 3723
5447 4316
3223 4941
9534 3073
9486 6958
2245 5604
5476 4347
8130 2749
9496 3096
8893 8539
7599 8391
8036 2741
8103 2579
8435 2649
8808 2174
8040 2770
9248 3046
8489 4356
4998 4888
5920 1497
2544 956
420 2360
7996 2187
2585 5374
3291 1083
155 2672
1428 5109
2043 6042
7174 2632
8323 3143
8122 5259
2639 4278
3777 2834
4837 6254
6946 8600
3893 5923
4209 6279
4040 6430
4172 6807
3915 5862
3756 5813
3673 5914
3714 6011
2095 3877
3980 207
9471 1366
8482 9154
5334 6810
6218 5917
6962 4234
2658 4294
4388 2111
4403 1401
2920 4624
3260 4334
3162 4461
3831 6017
4254 6755
5065 4569
4455 434
4621 3337
3655 5439
3113 5749
2357 4009
2134 4247
2454 4594
549 6447
2910 4616
3863 3557
4924 2880
5271 4814
6709 5823
3846 2875
2419 4702
3254 5404
2782 5779
2852 5160
5161 3409
5981 4366
6200 5060
5736 4214
6353 3840
7061 2623
7774 2940
5135 2983
2854 1989
3006 1370
4435 1724
3764 2829
2776 3806
4903 1080
5005 299
7059 150
6599 2315
6691 5803
5635 4019
5212 4444
5273 3672
5357 3788
5573 4052
5368 3803
4009 4229
2799 5201
3510 4684
4018 5429
5893 5381
5944 8780
6804 8350
6229 8804
4032 7129
4760 7667
7426 7714
7950 6845
7741 7583
7308 8181
9863 7001
9976 3774
9998 4718
9982 1488
8851 6888
9078 5434
5345 5746
4899 10137
394 6792
336 6194
115 2109
7613 5681
5397 3045
7142 5842
5643 3886
7992 4203
8292 3340
6821 2501
5508 9271
2650 7205
7977 5663
5251 5813
3023 6328
3353 6108
3403 6239
2795 7718
2224 8690
4028 9560
5843 8702
5200 9625
4962 10019
6015 8530
5271 8079
4795 8649
6666 7177
2821 5824
3897 5018
2556 5370
1509 5887
2864 5705
4099 4481
2935 7583
2185 6666
1972 6008
1667 6124
3802 6891
3660 6504
4165 6315
4432 5978
4406 7522
4649 5620
4038 7115
6013 8634
1884 7512
5449 10149
7906 7625
3529 5835
1582 7180
169 9076
107 1858
3319 5562
3635 5262
3034 4574
4017 6806
4064 7070
5128 7520
4422 4556
2898 5242
3691 6286
3639 6310
3401 5653
3794 5342
6747 5331
6744 5829
6120 6479
6388 7220
6005 5162
5649 4361
6439 3811
7238 4199
5010 5032
4981 7041
6744 5327
7350 3838
5810 2827
5095 6657
5330 6824
6035 5013
5324 3773
5203 3840
4366 8633
4301 8610
2880 7762
2371 7364
4778 4862
5293 6040
4936 5991
5256 3755
3600 2966
5482 4358
4072 3758
6257 8404
6029 8534
5565 7916
5411 8157
7986 4420
5980 3620
3854 9984
5516 5030
5450 4330
5837 8805
5099 9846
2268 7718
2812 7120
5580 6160
5090 6228
4406 1252
1974 652
133 1892
6740 1542
7180 4314
7347 4942
6674 6476
9313 1659
8633 4027
6454 3081
7328 3767
6212 2914
5709 6061
9949 1543
9240 3896
8718 9694
9106 1899
8416 4017
8491 5230
3300 5459
5432 5360
5645 5624
4162 3575
5623 2496
6003 3594
4435 4349
3004 5668
4192 4597
3852 4904
4217 5161
3338 3953
1373 2642
294 776
2895 125
4379 887
2720 5859
3653 5565
4226 6116
4711 6677
1466 5915
1733 6821
2106 7469
7165 10174
4263 3447
4302 3483
4396 3482
1835 5623
1860 5600
2489 5106
2574 4898
4663 5627
4744 5635
6960 3938
6025 3571
6637 5831
6398 5482
5463 3968
6502 9216
5790 10133
4561 9059
1992 7473
5169 6967
4789 6795
5194 7011
5495 6704
5558 6509
5031 6259
3720 4238
2785 5204
4837 4721
4741 4886
4610 4916
2834 5288
5704 3311
7400 5323
4397 5877
1673 6144
3002 7780
4124 8356
# Remaining lines are the edges.
# The first value is the source node index.
# The second value is the target node index.
0 17
1 18
2 19
3 20
4 21
3 22
2 23
5 24
6 25
2 26
7 27
4 28
8 29
9 30
3 31
10 32
3 33
11 34
1 35
0 36
4 37
12 38
7 39
1 40
13 41
8 42
14 43
2 44
15 45
9 46
16 47
2 48
13 49
14 50
0 51
1 52
2 53
3 54
4 55
5 56
6 57
4 58
2 59
7 60
0 61
8 62
9 63
10 64
11 65
6 66
12 67
5 68
13 69
14 70
8 71
10 72
11 73
15 74
1 75
4 76
16 77
8 78
15 79
1 80
10 81
14 82
12 83
10 84
3 17
12 18
14 19
1 20
2 21
5 22
11 23
8 24
4 25
13 26
10 27
7 28
6 29
7 30
7 31
1 32
2 33
3 34
6 35
11 36
5 37
4 38
2 39
7 40
9 41
4 42
16 43
15 44
9 45
2 46
0 47
16 48
15 49
11 50
5 51
3 52
0 53
9 54
6 55
4 56
8 57
7 58
11 59
12 60
16 61
1 62
2 63
14 64
10 65
1 66
13 67
6 68
15 69
1 70
4 71
0 72
0 73
3 74
10 75
12 76
1 77
7 78
1 79
12 80
16 81
9 82
15 83
9 84
