# First value is number of nodes (N)
650 
# Next N numbers describe the node locations
10806 6511
8573 7589
10477 7399
13422 5758
9638 4317
6420 5227
8016 8010
9358 1774
12040 8290
4004 5266
11961 7070
7182 8727
6319 6610
5998 7741
7224 2885
12445 7844
8871 7261
8574 3021
5028 10246
4589 7466
4132 8156
8746 8410
6942 1788
3538 9136
11108 4638
4657 4941
3383 10764
6281 10424
12858 9173
7074 7916
7764 3719
329 7570
12731 9422
7511 2109
3150 6897
2751 9889
2988 4943
8179 8343
6915 9719
13184 7939
8618 5921
8196 2606
3847 3336
5254 3763
5197 8546
2682 7484
11306 4654
2402 1450
11618 8923
10243 2180
8135 6781
7475 1958
11437 6892
4003 4468
6690 7619
6177 6154
8652 3118
1225 6328
5784 11312
5764 11124
3311 6559
3127 4425
5382 927
10332 5777
6745 7477
5589 7717
5491 8133
6089 9495
5998 3161
4171 4537
2852 2908
13362 8410
7482 6359
6420 3069
4814 9634
6379 3424
2991 8985
4134 3214
13269 9419
10196 2108
7091 6128
6719 3891
5317 6985
6816 9408
7964 6082
5512 6343
6885 9803
8813 5429
4556 5879
10741 4285
12966 8774
1530 7012
8561 7183
4526 7640
5502 1243
1169 7664
7537 1910
2872 9008
10987 5524
5666 11235
13809 9396
3970 1417
2689 9420
4500 6076
5796 9387
5468 2810
4985 9624
4971 571
6923 6315
5367 4826
9416 8572
1999 7413
12591 6489
8069 4102
14704 7016
8565 7242
2705 9047
6922 3148
7538 1501
1137 7811
8985 6955
4808 7938
7130 10018
11591 1460
11033 4871
10552 7400
8397 12087
8040 8720
9724 6825
12039 4854
2188 8964
2643 5169
7795 3839
5692 3742
10359 2787
10461 5588
12967 7374
6683 6857
12528 8614
9171 6679
12636 7545
8494 8310
3561 4305
7976 6641
8075 8952
6860 6385
9113 8254
8372 4796
3562 5996
7329 5876
5319 1567
9925 2356
5376 4280
5301 3766
4584 8997
11911 3485
2742 9255
6116 3863
1930 4368
5310 3561
4391 7606
4342 10824
10262 5705
5525 2810
7449 7212
6226 9957
5709 8772
5423 7922
10659 4992
2061 6542
7464 7497
8390 2288
3052 5512
7673 1945
7533 1915
9759 3880
8354 4432
11857 1066
7562 8873
12087 3325
11622 6877
6985 9566
12626 6947
2629 7171
14209 8676
3158 7844
4226 7346
14513 8925
5461 7591
8911 2828
5569 7916
4492 7301
11635 1574
13298 8752
7244 7372
3444 4083
5383 1475
4173 10885
6319 6193
7401 8681
4798 4885
7816 5178
11425 8774
6431 8721
10722 3410
10981 5244
13257 7663
14107 7082
4403 5972
4580 9194
8428 7255
6554 3286
4353 10835
6460 6796
8413 6008
6733 6970
5621 7450
11561 4832
4365 10784
6855 7155
8527 5293
8090 8475
7787 132
13891 8388
8282 6021
10972 2894
7745 3516
2865 4813
13723 9267
8686 5535
8130 1917
4894 7635
4288 170
3437 3861
7836 4596
11254 7672
8189 2686
970 9028
8125 6652
7073 3225
8763 8707
11880 11205
7329 379
6604 9748
3184 6576
3286 3878
3491 7970
12516 8336
6973 8948
5433 1384
6278 3606
9579 6246
1815 6428
5547 7667
7707 6979
11687 5813
6777 8045
2234 6826
3624 4334
1370 5327
13231 3453
3254 7980
9710 3513
8804 7042
8273 8403
8253 8260
8151 8330
8175 5499
8122 4875
7859 4430
3538 4369
6725 8019
5661 8019
13786 9347
4471 4082
2546 10727
9371 6259
5774 5672
6432 9238
10177 5308
1334 7287
5333 4054
3030 7856
8812 8164
4602 9006
5662 11716
10537 9644
12718 5015
6461 6886
3236 4669
6589 6961
4183 7506
1402 7220
6338 6047
8168 5621
6634 8194
5589 2401
5850 3920
760 6852
12367 9889
4236 10772
8636 3982
12473 7251
7804 8188
1672 6191
10940 2997
8884 4788
7741 6986
5538 3164
7719 4338
7545 2075
7343 2081
8802 6936
7158 2533
5796 12762
11312 7248
10692 4996
4392 7533
5696 4153
140 1290
6089 3593
4871 4962
2805 4640
5054 7468
11882 970
7247 8580
8273 6770
8717 5837
12722 8269
10259 3080
3085 5039
2432 2790
10711 5590
3653 8215
3658 7748
1369 7360
10157 4621
8698 8179
5027 1093
8238 8284
7825 2286
8916 4659
6626 6646
3872 3990
12670 4115
10899 3062
8291 6673
7232 4074
8147 2473
11844 7679
7730 4438
216 6150
7915 4420
1755 6609
5919 9842
11407 7631
5909 8562
4617 8990
6096 3558
8895 8148
6567 3222
8517 4833
6843 9557
9724 3522
12704 7850
14512 8933
11853 7636
5337 3957
2906 4304
4640 9020
2730 9186
8380 5660
12465 8956
13028 7522
10250 5627
3859 7844
5815 11817
8408 3863
11453 6884
12518 7249
6715 8000
8659 6201
13804 9843
12527 8461
6208 6628
5993 3136
7251 8753
9616 5716
12564 8407
4869 5915
6218 8984
5578 11316
5433 9497
6430 6822
7005 297
4379 7614
11878 484
5172 4082
10563 5697
1452 6228
2696 9490
1263 5804
6189 6635
7477 3395
5730 1267
14765 5783
12492 7252
12567 8365
14082 1168
7304 7565
7328 7425
14108 8802
10312 5542
2392 1434
1368 7116
4673 4019
8449 1850
9830 5500
11947 4197
11391 7660
7966 10411
4866 7692
8297 2700
1670 7401
3861 3846
2145 6822
5471 1377
11414 7654
849 7031
3814 7944
11891 6226
5857 974
1525 7707
5348 6243
6949 376
10579 5323
5262 7734
3804 5955
6564 6258
2718 2172
8135 8956
13161 8691
1379 10822
5851 11846
5828 9764
7083 5622
10599 5364
739 3861
13211 7433
6505 2100
3556 4485
9313 8487
5899 3393
6598 9075
9185 8652
2045 4038
4827 6819
6826 7962
13629 8145
8406 12839
3861 120
1232 6269
216 3698
2154 7084
12545 7247
7335 5540
4720 11935
12741 8301
5237 3835
3525 4663
1360 7160
14123 8644
5505 3907
8133 3732
10621 5427
9799 6602
1041 7325
6388 9788
2940 9199
4038 3985
6003 6182
7299 9611
6602 8704
7775 7023
13134 9021
7342 7311
6519 6098
8033 7453
5641 7499
3946 6337
7110 7574
9901 7562
6107 3690
3465 12819
8191 1792
7324 4787
8369 2859
6824 2372
3401 4516
5598 11253
6560 6987
2423 1396
13634 9685
11865 7710
5232 4783
5553 11345
12595 8421
8586 6319
8440 6030
9866 7502
2619 6284
9476 6870
8199 2682
9065 449
4919 5848
8486 7259
7890 3343
9367 8354
11868 3941
12019 4220
4701 817
10981 4604
9514 4485
13238 7622
8190 1384
6589 12128
14274 8570
5172 1425
6374 9403
1399 5447
5599 7430
7405 5522
7259 7259
12642 7584
7572 3538
7755 4591
1641 3785
9359 8507
8700 7163
7438 8058
8017 12050
4691 7688
7628 7310
8213 5340
2669 8886
5044 11744
8321 1723
10495 3295
10002 4575
13239 7500
4410 586
12546 8423
7500 5648
7192 8809
8669 5352
8332 5083
6958 7416
3962 3999
9229 2697
5315 1060
12334 635
4186 681
7620 10378
3371 9303
3083 5972
4361 10772
5858 7383
7852 5075
3957 7746
4454 10800
2138 6998
3454 4128
8683 5754
2692 9364
3400 7261
6891 3118
10822 4357
3931 6143
3078 5029
6499 6831
6556 7509
11948 7041
8133 4801
3164 7194
6660 9424
572 8648
5149 4039
12000 4362
9439 7138
11937 7591
11684 8220
11792 8926
12378 4427
7353 5139
8917 4582
10782 12805
7379 7915
2983 5276
7439 8453
14279 8766
14249 8641
10109 5709
7469 1677
5040 1075
4155 6599
12110 6669
7581 1836
8211 6035
1996 4011
11263 7275
7901 7124
8180 5577
14687 10390
6753 7319
12891 9012
6262 7674
3842 3598
1250 12772
11325 4653
11203 4644
10340 4699
4015 6239
6354 8491
13595 9563
12739 8344
6810 10317
1210 7588
6778 2757
9245 7281
10541 9929
4190 7803
5543 11809
10530 7363
2884 7865
8236 8339
14791 11262
9143 9475
1700 12271
6470 9052
6259 6185
3000 5129
9967 7459
5627 7502
547 3798
7184 4099
8563 6568
4671 4115
2629 11169
12350 9732
7051 7507
# Remaining lines are the edges.
# The first value is the source node index.
# The second value is the target node index.
0 42
1 10
2 153
3 47
2 66
0 6
4 79
1 5
5 204
5 7
0 201
3 6
3 12
7 19
0 5
2 198
6 167
2 3
8 229
0 7
7 9
5 44
10 37
11 113
5 255
1 3
5 9
3 35
0 3
12 151
12 138
2 157
3 21
13 15
9 14
15 18
4 261
2 15
2 9
9 43
2 120
16 93
4 152
3 16
17 34
11 249
0 13
13 91
4 18
8 19
2 20
0 144
15 194
5 19
21 108
8 22
20 57
2 4
16 74
11 159
4 94
22 150
5 8
23 269
1 137
0 1
24 123
3 11
3 40
25 71
26 39
7 25
25 46
84 111
27 98
3 27
11 28
0 29
7 30
0 31
6 29
0 11
32 54
33 96
12 181
34 85
29 35
6 68
4 36
27 131
3 37
38 155
17 41
34 139
3 10
7 263
2 237
25 33
16 173
11 39
6 32
39 113
36 130
4 38
40 78
41 48
34 41
3 29
29 283
23 42
30 212
0 36
38 56
39 170
37 253
39 70
13 17
1 42
23 146
0 39
0 146
40 115
26 191
43 141
14 81
9 50
44 55
5 127
22 230
20 45
14 46
3 166
2 46
43 46
20 256
47 169
3 36
13 48
34 61
49 67
17 106
0 49
28 49
45 47
50 252
51 219
50 190
9 25
52 251
22 248
16 21
33 53
3 80
19 245
7 53
2 33
0 54
0 140
22 55
22 109
17 56
3 57
2 210
0 86
56 107
34 56
44 238
3 59
58 129
59 69
25 60
3 20
15 58
48 61
46 60
62 189
45 69
50 60
13 62
49 63
28 99
34 48
38 75
49 242
61 85
58 224
12 64
45 65
12 136
47 149
49 185
3 45
66 247
67 118
49 64
9 66
12 67
2 126
35 68
20 69
40 70
3 69
2 71
3 68
15 72
64 73
2 72
74 187
6 35
34 75
12 73
51 163
76 102
38 184
77 228
64 67
9 77
11 211
34 38
46 71
26 78
33 97
79 196
2 79
51 74
36 79
4 15
74 295
20 59
16 76
80 117
21 74
14 114
77 81
16 80
3 78
82 281
43 81
40 143
77 121
39 207
83 165
9 82
13 83
11 84
38 62
85 103
11 40
3 84
48 85
13 214
32 86
87 92
1 86
20 88
13 34
27 89
71 90
25 90
2 88
27 66
20 79
38 91
34 92
62 92
33 217
93 296
72 94
13 223
0 32
0 95
15 94
100 131
96 179
90 97
16 28
34 142
62 87
95 203
5 98
63 99
71 97
11 93
100 234
25 96
101 208
63 124
102 246
13 38
100 133
16 102
74 102
27 100
13 103
5 27
38 95
7 104
13 85
21 105
48 106
28 63
95 107
11 108
44 109
11 21
34 119
30 96
2 7
21 51
95 110
11 220
5 109
9 81
110 236
9 98
13 106
4 72
25 97
3 111
112 206
22 162
11 111
17 110
31 113
114 293
16 105
115 156
0 104
3 116
75 112
11 188
21 117
62 112
14 227
7 277
73 118
103 119
13 119
21 134
13 120
43 121
43 172
85 175
2 13
39 116
0 113
38 122
40 84
17 48
111 123
11 123
123 128
21 80
11 115
28 124
0 120
82 121
111 125
67 218
99 124
27 126
22 127
62 122
11 128
56 95
11 287
13 129
45 130
78 250
81 121
9 131
25 132
9 27
11 239
123 125
27 133
25 30
66 133
49 124
38 129
7 132
80 134
107 236
12 118
3 125
2 27
3 126
66 131
17 135
5 22
136 288
13 122
33 101
117 134
3 134
32 137
100 202
12 216
6 137
15 129
0 138
62 139
32 140
60 141
36 45
87 142
92 139
17 95
109 127
54 140
39 143
3 283
78 143
13 142
19 144
6 140
136 138
1 32
130 199
70 143
92 142
33 145
139 154
1 146
110 135
43 60
147 284
7 33
11 31
141 168
53 145
19 193
42 146
7 144
86 146
46 148
114 147
49 138
148 260
65 149
60 148
46 147
149 241
45 149
52 150
16 151
12 16
150 164
3 151
22 52
0 152
36 152
153 262
0 2
38 152
237 262
154 178
155 161
156 235
112 139
53 157
1 158
2 177
159 186
159 274
11 24
1 23
158 195
34 154
0 38
11 156
95 161
7 197
40 156
160 285
51 102
102 279
0 161
38 161
95 155
44 162
22 44
55 162
16 163
16 231
51 226
19 164
19 150
52 164
122 165
83 222
13 165
65 166
65 294
3 65
1 167
6 233
148 168
141 148
3 167
43 168
36 169
45 169
36 47
3 170
171 276
147 172
3 176
43 147
114 172
11 173
174 232
30 101
11 16
93 173
19 22
119 175
85 119
39 176
53 177
0 176
34 175
116 170
170 176
178 205
34 183
2 53
139 178
179 209
52 171
96 101
157 177
174 179
96 225
51 180
28 181
43 182
14 182
16 181
178 183
43 114
184 278
16 180
185 286
112 183
12 28
24 186
187 289
244 279
125 188
83 189
43 190
116 191
38 112
38 192
11 125
122 189
123 188
123 186
122 192
0 193
43 50
0 19
4 194
190 221
42 195
78 191
91 192
88 196
15 213
26 116
20 196
34 178
28 185
76 254
157 197
198 215
20 199
200 275
47 200
17 201
27 202
135 203
3 204
11 186
79 88
75 184
112 205
34 206
78 207
95 135
26 207
202 234
174 208
101 209
57 210
70 211
132 212
37 204
36 199
4 213
34 112
87 214
14 215
49 216
13 189
11 70
18 194
17 203
42 158
3 5
2 197
71 217
112 178
23 195
67 185
7 157
7 212
179 208
183 206
73 218
105 219
95 201
118 218
33 71
194 213
101 179
58 213
67 259
21 220
64 216
46 215
39 211
2 217
102 187
16 220
9 221
45 199
2 215
51 105
2 57
9 190
139 205
62 214
108 220
133 202
122 222
198 273
3 210
192 223
96 209
143 207
165 222
13 192
83 122
30 298
91 223
65 200
38 224
174 225
142 214
43 221
0 17
30 132
193 229
226 264
43 227
129 224
179 225
16 219
82 228
228 265
30 225
77 82
4 224
14 273
0 229
19 229
14 43
12 49
5 229
81 227
51 240
5 230
51 231
16 51
230 238
30 232
180 231
1 233
89 234
167 233
1 6
208 232
27 234
84 235
163 231
30 174
8 230
56 236
104 237
56 110
22 238
40 235
55 238
156 282
95 236
89 100
5 238
123 239
16 240
200 241
0 237
11 242
47 241
7 237
226 240
128 239
242 243
111 239
65 268
63 243
51 244
51 160
245 270
102 244
63 242
163 240
19 171
49 243
0 242
52 245
246 280
247 291
244 246
133 299
100 297
102 160
19 248
150 248
63 249
8 248
116 250
19 251
245 251
251 258
242 292
191 250
28 271
78 116
25 252
25 50
5 253
254 267
10 255
37 255
36 256
1 255
5 37
101 257
16 254
74 76
60 252
164 258
73 259
7 101
43 260
43 148
218 259
58 261
164 251
36 266
0 262
67 73
4 58
145 263
46 260
2 262
16 264
7 145
204 253
30 257
9 265
9 228
20 266
16 226
74 267
256 266
52 258
74 254
0 153
51 264
20 36
241 268
199 256
158 269
171 270
249 271
171 245
149 268
63 271
28 272
76 267
224 261
19 270
2 273
123 274
11 271
215 273
3 275
33 263
3 200
9 273
23 158
186 274
82 265
22 276
11 272
11 274
22 171
47 275
19 276
1 269
16 272
257 277
112 278
180 279
30 277
200 268
160 280
112 184
101 277
102 180
102 280
244 280
38 278
43 281
51 279
43 82
281 290
84 282
84 156
138 283
0 283
235 282
14 284
14 147
244 285
12 286
28 286
123 287
49 288
12 185
274 287
12 283
12 288
160 244
76 289
49 136
76 187
74 289
51 285
128 287
121 290
100 291
100 247
46 284
249 292
133 291
121 281
182 293
3 294
80 295
272 296
66 297
166 294
208 298
93 272
63 292
247 299
74 80
43 293
66 100
232 298
131 297
133 247
66 299
45 294
30 208
11 292
114 182
43 290
21 295
16 296
0 255
68 167
1 229
3 233
104 144
1 37
81 273
18 213
230 248
52 248
78 84
6 283
212 277
96 97
0 106
42 86
9 227
69 199
64 185
8 150
162 238
32 146
15 224
46 252
129 213
25 148
43 252
189 214
138 288
28 67
69 294
12 218
147 182
9 121
13 222
43 265
111 156
70 115
27 297
209 225
89 202
76 180
89 131
3 98
48 103
44 127
21 219
34 184
41 106
3 123
118 259
43 77
66 126
7 96
133 234
86 137
19 52
0 4
152 161
115 235
0 155
166 200
60 168
116 176
46 172
103 175
33 177
154 205
172 293
102 231
91 122
3 188
26 143
40 211
1 195
96 174
121 228
182 227
163 226
111 128
102 285
243 292
11 63
199 266
33 277
64 259
65 241
159 287
7 257
180 244
9 281
0 12
67 286
