# First value is number of nodes (N)
300 
# Next N numbers describe the node locations
6738 4276
5902 2656
6911 2826
5818 5533
7821 4848
4796 5190
6246 4468
2613 3548
8790 4271
4441 4123
5726 4560
6375 7029
8355 7264
7520 1838
2981 3985
9130 3454
6182 8018
8606 2922
8656 5310
7578 3515
4784 3159
5809 7672
8314 4504
4821 961
4968 7403
3308 2244
5383 6373
3711 5472
6731 8486
6428 5599
2684 192
6672 4800
5212 3431
4123 3062
8072 1272
6419 4736
5261 5500
5717 4605
5941 606
7012 5832
5804 6590
7868 1860
5437 3018
2203 3757
9307 4636
4235 5482
3385 4970
4716 6152
8284 1729
7949 6699
2648 1878
5840 8786
8198 2753
4230 3376
5085 2761
8600 5676
9486 87
4824 3100
8567 3841
4890 4944
1249 3010
8355 1121
7379 287
9020 9571
8351 6804
5090 6487
2594 5213
9786 7307
6385 4761
3926 7057
5265 6604
4565 2612
7407 4140
9810 5542
4933 8266
7103 833
5606 9658
3740 2924
5246 6052
5566 5130
5992 7807
3616 2894
2756 2794
7384 1313
5668 6609
8332 923
5930 3496
7335 723
5178 4791
3561 7643
4592 693
6970 1549
7542 708
7023 8041
7879 3908
9773 3034
3139 1672
4094 1230
5371 4437
6988 9455
595 5044
3801 217
3178 10116
9523 1273
5605 3780
6055 8146
7363 2778
9687 2458
6195 7635
8678 4714
9182 1249
5219 7309
7467 73
6792 6126
268 6158
5504 6901
5611 6129
6486 7714
9525 6543
8411 1530
7373 2182
2221 2332
7418 1265
5056 6887
7970 8296
5369 6970
2528 5451
8225 4789
5212 7584
9712 4783
3770 4696
3159 9972
3035 1815
3256 6662
5851 7333
8979 1884
8798 6830
6086 3504
8489 5225
7799 962
5368 3566
1751 4238
7560 780
5589 6565
5676 3747
4820 3437
4714 2380
2148 5911
2559 4184
4607 6222
7777 4044
7361 7001
7679 4919
6100 3268
7959 923
7198 2842
5469 6928
3907 3401
5665 2251
4801 7581
5465 9226
6481 2666
8909 5046
5346 8568
6996 2595
7860 1255
4606 6561
5622 4084
1624 4218
5123 5491
6659 5821
7681 2726
913 4140
6759 7727
824 1322
8450 1277
6387 5905
4240 3314
7998 867
1728 1989
5682 9272
7334 7048
2051 3038
8038 880
6582 181
7976 8157
4762 7491
5262 8951
5408 6971
7361 1010
2316 653
5056 5840
6221 2114
7092 3848
8740 4911
5950 948
5549 4935
3702 3396
4033 2730
5024 5426
2891 5716
8599 3219
2789 6839
9010 2288
5538 4732
7871 941
8200 1077
5433 6384
1102 154
1727 1412
5471 4235
5736 6714
3362 1631
8721 3793
6881 1358
3949 2776
8154 7031
4138 2935
9486 6514
6041 8141
6204 7752
2408 2421
7461 1289
7050 1481
9209 2644
1464 1403
5556 8204
3462 4350
4910 1953
7037 3876
8096 4771
7220 10056
964 791
5412 3689
2261 7589
5752 7408
9500 1728
6218 4050
8910 4651
5094 7043
5683 8224
4786 5798
9036 5549
9082 6756
5498 9109
7933 2529
4466 9570
2959 5852
7082 5919
7878 9003
5368 6029
8425 2409
344 3741
5531 4720
5836 9031
6049 4185
5180 5204
3099 1592
5633 2417
9166 6065
2513 4087
8531 3831
6166 3744
4464 3406
5237 8228
2776 2761
5203 5272
6081 9264
4622 6184
5747 1879
7687 2894
7300 8736
6809 8047
3830 3244
4746 7499
4878 7042
8152 3697
3351 1516
5455 130
5612 9214
4501 9584
2435 2550
5747 6942
8525 5633
2736 4380
5435 9098
8499 8151
5113 7419
8744 6826
4927 8302
263 1947
2751 5500
9409 8418
1715 3373
3430 8789
5940 7886
6851 8037
2475 6746
2657 194
3045 6002
# Remaining lines are the edges.
# The first value is the source node index.
# The second value is the target node index.
0 42
1 10
2 153
3 47
2 66
0 6
4 79
1 5
5 204
5 7
0 201
3 6
3 12
7 19
0 5
2 198
6 167
2 3
8 229
0 7
7 9
5 44
10 37
11 113
5 255
1 3
5 9
3 35
0 3
12 151
12 138
2 157
3 21
13 15
9 14
15 18
4 261
2 15
2 9
9 43
2 120
16 93
4 152
3 16
17 34
11 249
0 13
13 91
4 18
8 19
2 20
0 144
15 194
5 19
21 108
8 22
20 57
2 4
16 74
11 159
4 94
22 150
5 8
23 269
1 137
0 1
24 123
3 11
3 40
25 71
26 39
7 25
25 46
84 111
27 98
3 27
11 28
0 29
7 30
0 31
6 29
0 11
32 54
33 96
12 181
34 85
29 35
6 68
4 36
27 131
3 37
38 155
17 41
34 139
3 10
7 263
2 237
25 33
16 173
11 39
6 32
39 113
36 130
4 38
40 78
41 48
34 41
3 29
29 283
23 42
30 212
0 36
38 56
39 170
37 253
39 70
13 17
1 42
23 146
0 39
0 146
40 115
26 191
43 141
14 81
9 50
44 55
5 127
22 230
20 45
14 46
3 166
2 46
43 46
20 256
47 169
3 36
13 48
34 61
49 67
17 106
0 49
28 49
45 47
50 252
51 219
50 190
9 25
52 251
22 248
16 21
33 53
3 80
19 245
7 53
2 33
0 54
0 140
22 55
22 109
17 56
3 57
2 210
0 86
56 107
34 56
44 238
3 59
58 129
59 69
25 60
3 20
15 58
48 61
46 60
62 189
45 69
50 60
13 62
49 63
28 99
34 48
38 75
49 242
61 85
58 224
12 64
45 65
12 136
47 149
49 185
3 45
66 247
67 118
49 64
9 66
12 67
2 126
35 68
20 69
40 70
3 69
2 71
3 68
15 72
64 73
2 72
74 187
6 35
34 75
12 73
51 163
76 102
38 184
77 228
64 67
9 77
11 211
34 38
46 71
26 78
33 97
79 196
2 79
51 74
36 79
4 15
74 295
20 59
16 76
80 117
21 74
14 114
77 81
16 80
3 78
82 281
43 81
40 143
77 121
39 207
83 165
9 82
13 83
11 84
38 62
85 103
11 40
3 84
48 85
13 214
32 86
87 92
1 86
20 88
13 34
27 89
71 90
25 90
2 88
27 66
20 79
38 91
34 92
62 92
33 217
93 296
72 94
13 223
0 32
0 95
15 94
100 131
96 179
90 97
16 28
34 142
62 87
95 203
5 98
63 99
71 97
11 93
100 234
25 96
101 208
63 124
102 246
13 38
100 133
16 102
74 102
27 100
13 103
5 27
38 95
7 104
13 85
21 105
48 106
28 63
95 107
11 108
44 109
11 21
34 119
30 96
2 7
21 51
95 110
11 220
5 109
9 81
110 236
9 98
13 106
4 72
25 97
3 111
112 206
22 162
11 111
17 110
31 113
114 293
16 105
115 156
0 104
3 116
75 112
11 188
21 117
62 112
14 227
7 277
73 118
103 119
13 119
21 134
13 120
43 121
43 172
85 175
2 13
39 116
0 113
38 122
40 84
17 48
111 123
11 123
123 128
21 80
11 115
28 124
0 120
82 121
111 125
67 218
99 124
27 126
22 127
62 122
11 128
56 95
11 287
13 129
45 130
78 250
81 121
9 131
25 132
9 27
11 239
123 125
27 133
25 30
66 133
49 124
38 129
7 132
80 134
107 236
12 118
3 125
2 27
3 126
66 131
17 135
5 22
136 288
13 122
33 101
117 134
3 134
32 137
100 202
12 216
6 137
15 129
0 138
62 139
32 140
60 141
36 45
87 142
92 139
17 95
109 127
54 140
39 143
3 283
78 143
13 142
19 144
6 140
136 138
1 32
130 199
70 143
92 142
33 145
139 154
1 146
110 135
43 60
147 284
7 33
11 31
141 168
53 145
19 193
42 146
7 144
86 146
46 148
114 147
49 138
148 260
65 149
60 148
46 147
149 241
45 149
52 150
16 151
12 16
150 164
3 151
22 52
0 152
36 152
153 262
0 2
38 152
237 262
154 178
155 161
156 235
112 139
53 157
1 158
2 177
159 186
159 274
11 24
1 23
158 195
34 154
0 38
11 156
95 161
7 197
40 156
160 285
51 102
102 279
0 161
38 161
95 155
44 162
22 44
55 162
16 163
16 231
51 226
19 164
19 150
52 164
122 165
83 222
13 165
65 166
65 294
3 65
1 167
6 233
148 168
141 148
3 167
43 168
36 169
45 169
36 47
3 170
171 276
147 172
3 176
43 147
114 172
11 173
174 232
30 101
11 16
93 173
19 22
119 175
85 119
39 176
53 177
0 176
34 175
116 170
170 176
178 205
34 183
2 53
139 178
179 209
52 171
96 101
157 177
174 179
96 225
51 180
28 181
43 182
14 182
16 181
178 183
43 114
184 278
16 180
185 286
112 183
12 28
24 186
187 289
244 279
125 188
83 189
43 190
116 191
38 112
38 192
11 125
122 189
123 188
123 186
122 192
0 193
43 50
0 19
4 194
190 221
42 195
78 191
91 192
88 196
15 213
26 116
20 196
34 178
28 185
76 254
157 197
198 215
20 199
200 275
47 200
17 201
27 202
135 203
3 204
11 186
79 88
75 184
112 205
34 206
78 207
95 135
26 207
202 234
174 208
101 209
57 210
70 211
132 212
37 204
36 199
4 213
34 112
87 214
14 215
49 216
13 189
11 70
18 194
17 203
42 158
3 5
2 197
71 217
112 178
23 195
67 185
7 157
7 212
179 208
183 206
73 218
105 219
95 201
118 218
33 71
194 213
101 179
58 213
67 259
21 220
64 216
46 215
39 211
2 217
102 187
16 220
9 221
45 199
2 215
51 105
2 57
9 190
139 205
62 214
108 220
133 202
122 222
198 273
3 210
192 223
96 209
143 207
165 222
13 192
83 122
30 298
91 223
65 200
38 224
174 225
142 214
43 221
0 17
30 132
193 229
226 264
43 227
129 224
179 225
16 219
82 228
228 265
30 225
77 82
4 224
14 273
0 229
19 229
14 43
12 49
5 229
81 227
51 240
5 230
51 231
16 51
230 238
30 232
180 231
1 233
89 234
167 233
1 6
208 232
27 234
84 235
163 231
30 174
8 230
56 236
104 237
56 110
22 238
40 235
55 238
156 282
95 236
89 100
5 238
123 239
16 240
200 241
0 237
11 242
47 241
7 237
226 240
128 239
242 243
111 239
65 268
63 243
51 244
51 160
245 270
102 244
63 242
163 240
19 171
49 243
0 242
52 245
246 280
247 291
244 246
133 299
100 297
102 160
19 248
150 248
63 249
8 248
116 250
19 251
245 251
251 258
242 292
191 250
28 271
78 116
25 252
25 50
5 253
254 267
10 255
37 255
36 256
1 255
5 37
101 257
16 254
74 76
60 252
164 258
73 259
7 101
43 260
43 148
218 259
58 261
164 251
36 266
0 262
67 73
4 58
145 263
46 260
2 262
16 264
7 145
204 253
30 257
9 265
9 228
20 266
16 226
74 267
256 266
52 258
74 254
0 153
51 264
20 36
241 268
199 256
158 269
171 270
249 271
171 245
149 268
63 271
28 272
76 267
224 261
19 270
2 273
123 274
11 271
215 273
3 275
33 263
3 200
9 273
23 158
186 274
82 265
22 276
11 272
11 274
22 171
47 275
19 276
1 269
16 272
257 277
112 278
180 279
30 277
200 268
160 280
112 184
101 277
102 180
102 280
244 280
38 278
43 281
51 279
43 82
281 290
84 282
84 156
138 283
0 283
235 282
14 284
14 147
244 285
12 286
28 286
123 287
49 288
12 185
274 287
12 283
12 288
160 244
76 289
49 136
76 187
74 289
51 285
128 287
121 290
100 291
100 247
46 284
249 292
133 291
121 281
182 293
3 294
80 295
272 296
66 297
166 294
208 298
93 272
63 292
247 299
74 80
43 293
66 100
232 298
131 297
133 247
66 299
45 294
30 208
11 292
114 182
43 290
21 295
16 296
0 255
68 167
1 229
3 233
104 144
1 37
81 273
18 213
230 248
52 248
78 84
6 283
212 277
96 97
0 106
42 86
9 227
69 199
64 185
8 150
162 238
32 146
15 224
46 252
129 213
25 148
43 252
189 214
138 288
28 67
69 294
12 218
147 182
9 121
13 222
43 265
111 156
70 115
27 297
209 225
89 202
76 180
89 131
3 98
48 103
44 127
21 219
34 184
41 106
3 123
118 259
43 77
66 126
7 96
133 234
86 137
19 52
0 4
152 161
115 235
0 155
166 200
60 168
116 176
46 172
103 175
33 177
154 205
172 293
102 231
91 122
3 188
26 143
40 211
1 195
96 174
121 228
182 227
163 226
111 128
102 285
243 292
11 63
199 266
33 277
64 259
65 241
159 287
7 257
180 244
9 281
0 12
67 286
