# First value is number of nodes (N)
250 
# Next N numbers describe the node locations
7915 3308
6236 4151
611 2462
5325 5118
5186 2400
5061 4836
3873 2288
3344 5060
3543 39
8380 3764
3329 5747
5338 3157
296 300
4656 5564
5865 8000
1942 2964
201 2855
9172 2965
8463 159
10005 5843
5755 5434
7445 6429
6858 5464
7504 3922
7095 4157
714 4588
4672 685
5007 7737
5367 974
1794 2658
4526 1314
233 3965
1983 4671
6634 2881
3393 2637
2626 4979
249 5140
376 7146
4162 4614
8601 2179
6480 1217
8245 1234
4319 1795
6134 117
5742 3982
3107 6879
8915 8070
1291 3089
2762 4291
3629 5343
7829 3494
5854 3610
1669 3321
7513 6731
4979 3370
8369 2398
6108 6023
3241 3373
2718 4273
3845 4564
980 749
1778 651
9339 5757
2655 4139
8463 863
4419 4939
893 6685
3950 3212
4196 2638
3473 6849
824 4546
32 2257
6119 5067
4617 1665
6599 3746
9235 152
7883 1083
8117 4814
7746 7404
9195 5771
6354 3755
7014 6277
3515 5458
3690 4529
7988 4884
7156 5612
8372 4172
7991 4739
7296 4704
2306 4754
7298 3882
5195 7424
6501 5776
1675 1040
7971 7375
6239 6114
7221 3477
792 4237
4573 1449
4374 6257
4999 215
3927 6416
6846 4485
2028 3450
8060 2148
7670 5518
4727 2167
1457 3223
6550 1250
6974 4155
983 4257
1390 4025
7843 3013
6295 6166
7504 4213
2297 1823
2795 5157
7934 4759
1525 1187
7372 4642
3528 4257
1619 6890
84 3142
2812 3578
9888 2038
4442 1317
8327 3427
5569 7166
8078 1115
7823 1816
8575 2789
6623 461
8066 5468
569 7133
2279 6483
6687 6177
3698 1324
8180 7871
5070 4109
6168 4299
1296 3730
1624 5268
3619 2665
3731 165
3502 4577
4929 2524
3864 4951
2958 5325
3177 3679
560 4811
7409 4743
6966 4539
4006 4877
6856 6558
5638 3301
4422 6159
9467 2361
1844 6784
7066 7029
6554 2247
1277 3099
526 246
4876 385
8112 2831
1598 2554
2978 6006
6246 4056
2245 2784
5289 7393
3375 5471
2382 4651
5016 3392
3152 2535
4097 3415
8475 2224
9025 2173
4299 3228
7437 4728
2034 2693
486 2370
2191 3445
5804 3658
1807 5178
9261 2168
8536 772
6890 5464
4343 7066
3174 7223
8009 1526
6058 5431
7062 6380
7171 4565
3665 5483
3732 3576
9125 86
2128 4891
6725 2494
8065 4456
2044 5987
4763 1427
8045 4769
5660 7994
4180 1252
4929 3972
7596 5323
5011 4316
623 4228
2848 3513
5892 4450
3990 367
5786 2063
7393 7740
4435 662
2571 4090
2120 4446
510 6154
802 8111
3994 6573
8772 3458
4405 4951
2831 1606
8306 2181
8322 926
7566 1677
5601 1155
8586 2623
7215 3899
6181 5041
7964 4352
3066 1590
7363 740
6553 4118
5790 3811
5030 8061
1315 3478
6839 2934
7750 5769
881 4040
841 3468
2829 4388
876 3967
6688 4260
3070 7741
4713 5651
4301 4826
5530 3485
7693 1676
9138 175
1849 6779
7922 4742
# Remaining lines are the edges.
# The first value is the source node index.
# The second value is the target node index.
0 50
1 51
2 52
3 53
3 54
4 55
5 56
6 57
7 58
7 59
6 60
8 61
1 62
2 63
9 64
10 65
11 66
12 67
13 68
14 69
15 70
16 71
1 72
3 73
1 74
17 75
18 76
17 77
19 78
19 79
1 80
20 81
10 82
15 83
21 84
22 85
23 86
1 87
0 88
10 89
1 90
10 91
24 92
12 93
21 94
22 95
23 96
25 97
4 98
7 99
26 100
13 101
27 102
15 103
6 104
9 105
28 106
29 107
30 108
19 109
31 110
32 111
17 112
5 113
33 114
34 115
10 116
1 117
34 118
1 119
35 120
36 121
37 122
38 123
39 124
40 125
41 126
14 127
0 128
42 129
17 130
43 131
44 132
45 133
25 134
0 135
42 136
46 137
44 138
44 139
25 140
35 141
12 142
47 143
11 144
48 145
49 146
7 147
48 148
31 149
0 150
1 151
2 152
3 153
4 154
3 155
4 156
5 157
5 158
6 159
7 160
8 161
8 162
9 163
1 164
10 165
4 166
1 167
10 168
7 169
4 170
11 171
12 172
6 173
9 174
6 175
13 176
14 177
15 178
2 179
15 180
4 181
16 182
17 183
18 184
19 185
14 186
13 187
0 188
20 189
21 190
22 191
10 192
4 193
17 194
4 195
23 196
24 197
25 198
26 199
21 200
27 201
28 202
29 203
0 204
30 205
31 206
32 207
33 208
30 209
6 210
19 211
30 212
34 213
35 214
36 215
37 216
3 217
17 218
38 219
15 220
39 221
18 222
1 223
40 224
17 225
1 226
1 227
41 228
42 229
43 230
4 231
44 232
45 233
29 234
1 235
46 236
29 237
47 238
48 239
29 240
4 241
45 242
5 243
49 244
38 245
40 246
17 247
5 248
9 249
23 50
4 51
25 52
14 53
40 54
9 55
24 56
29 57
48 58
13 59
16 60
2 61
3 62
6 63
39 64
5 65
37 66
38 67
4 68
32 69
36 70
12 71
5 72
42 73
26 74
18 75
1 76
1 77
3 78
21 79
30 80
0 81
7 82
11 83
1 84
0 85
17 86
19 87
44 88
4 89
33 90
27 91
22 92
2 93
46 94
5 95
1 96
31 97
3 98
3 99
41 100
3 101
1 102
2 103
0 104
3 105
20 106
47 107
0 108
26 109
15 110
45 111
0 112
27 113
0 114
8 115
35 116
9 117
2 118
0 119
13 120
10 121
2 122
34 123
19 124
6 125
9 126
49 127
43 128
0 129
33 130
40 131
5 132
7 133
10 134
3 135
40 136
3 137
30 138
1 139
15 140
4 141
34 142
28 143
2 144
11 145
7 146
35 147
15 148
36 149
1 150
24 151
13 152
0 153
17 154
49 155
19 156
31 157
21 158
23 159
8 160
12 161
26 162
33 163
2 164
5 165
3 166
29 167
22 168
10 169
10 170
3 171
32 172
1 173
4 174
18 175
4 176
1 177
1 178
16 179
36 180
1 181
4 182
6 183
39 184
27 185
20 186
37 187
28 188
4 189
0 190
1 191
44 192
2 193
43 194
45 195
11 196
9 197
7 198
30 199
1 200
14 201
6 202
5 203
5 204
10 205
25 206
15 207
2 208
47 209
24 210
14 211
8 212
7 213
34 214
48 215
46 216
10 217
9 218
5 219
42 220
9 221
41 222
40 223
28 224
39 225
28 226
5 227
24 228
12 229
18 230
23 231
1 232
14 233
7 234
33 235
9 236
25 237
35 238
7 239
31 240
27 241
1 242
3 243
38 244
0 245
0 246
18 247
25 248
1 249
