# First value is number of nodes (N)
30 
# Next N numbers describe the node locations
2210 4842
3181 3200
1009 3989
4499 6026
2148 755
3080 2922
3168 3121
2730 5610
3164 3106
2113 765
2664 6015
763 6024
5382 2231
5135 2212
3195 2967
2146 5381
2265 4728
2119 809
3157 3243
5497 1749
2249 4895
2123 765
5472 1848
2268 4726
584 275
2976 2702
4462 2297
2131 780
2346 51
2160 763
# Remaining lines are the edges.
# The first value is the source node index.
# The second value is the target node index.
0 1
1 3
2 16
3 25
1 2
0 7
4 19
3 6
2 3
2 5
1 12
5 6
6 8
5 25
3 5
3 7
8 13
9 21
0 18
3 12
2 6
3 4
2 24
3 10
10 15
0 11
0 3
2 11
3 11
2 10
8 12
2 13
2 14
2 8
11 15
2 12
3 14
12 13
3 8
0 16
1 16
2 15
10 11
4 28
9 17
3 18
19 26
7 20
4 17
2 23
19 22
2 17
2 19
1 18
18 20
3 20
0 20
4 21
17 27
4 9
3 22
19 29
14 22
0 23
0 2
16 23
9 24
4 24
17 25
14 26
4 25
22 26
14 19
2 9
2 25
21 27
4 27
17 21
2 28
19 28
24 28
3 29
3 19
4 29
12 18
1 23
4 5
28 29
5 8
6 25
0 10
6 12
19 24
9 28
17 24
