# First value is number of nodes (N)
45 
# Next N numbers describe the node locations
6034 9939
5218 8863
4372 7366
4538 6309
5297 4559
6506 4054
6947 3570
8608 2481
9158 3471
9708 5000
7496 9200
8333 7530
9158 6694
6815 7607
7662 4503
9060 6451
6109 7933
5386 6726
6541 4020
5880 5583
3690 9300
3966 6496
4473 4977
1315 6177
2745 5714
3591 4823
940 3789
1953 3460
72 2690
642 585
1612 3339
2987 2712
4340 1237
3581 1326
2679 1579
2567 6284
3724 8881
3174 7244
3724 5583
3867 4769
5330 2943
6155 2029
7365 1975
6562 138
3933 72
# Remaining lines are the edges.
# The first value is the source node index.
# The second value is the target node index.
0 1
0 10
1 2
10 13
2 3
13 16
3 4
16 20
4 5
20 23
5 6
23 26
6 7
26 28
7 8
28 30
8 9
30 35
10 11
1 11
11 17
17 21
11 12
21 36
13 14
14 15
2 37
16 17
3 24
17 18
18 19
24 38
20 21
4 31
21 22
31 39
23 24
24 25
5 40
6 32
26 27
32 41
28 29
7 42
8 14
14 18
30 31
31 32
32 33
18 33
33 34
33 43
35 36
9 12
36 37
12 15
37 38
15 19
38 39
19 22
39 40
22 25
40 41
25 27
41 42
27 29
42 43
29 34
43 44
34 44
