# First value is number of nodes (N)
85 
# Next N numbers describe the node locations
4628 5972
7441 6600
2892 5089
3822 4803
5643 1989
5485 2618
8989 2437
3900 2801
7064 1030
2087 3900
3585 5314
4544 6559
3690 1282
47 3287
3794 5819
1814 2247
3711 7169
3403 5006
471 1173
3482 5778
4984 5720
5020 2339
5273 2933
2745 6301
7197 2136
8453 1651
1492 5244
4936 3599
4663 2129
8905 50
3046 2667
4810 3515
4431 4242
3060 4872
5133 5845
7911 4817
4159 6140
6217 2374
4411 1114
4215 3375
7229 5400
827 4194
6868 1184
3690 6574
3844 3830
820 4026
2381 4705
5860 6987
2666 6905
414 3053
3717 6426
5979 4255
6744 7109
2809 5742
2605 3872
8212 1680
6056 2388
8695 568
4845 1835
2752 6301
3487 2213
6014 7113
7581 5327
2500 5041
3627 5797
3416 6602
7638 6021
99 897
8261 2284
1408 2255
4802 4543
5930 1296
4054 5685
4565 6504
4082 4005
4432 4236
6021 351
6896 7183
5426 652
2199 2521
596 1267
3350 7059
107 5362
120 1072
2844 4747
# Remaining lines are the edges.
# The first value is the source node index.
# The second value is the target node index.
0 17
1 18
2 19
3 20
4 21
3 22
2 23
5 24
6 25
2 26
7 27
4 28
8 29
9 30
3 31
10 32
3 33
11 34
1 35
0 36
4 37
12 38
7 39
1 40
13 41
8 42
14 43
2 44
15 45
9 46
16 47
2 48
13 49
14 50
0 51
1 52
2 53
3 54
4 55
5 56
6 57
4 58
2 59
7 60
0 61
8 62
9 63
10 64
11 65
6 66
12 67
5 68
13 69
14 70
8 71
10 72
11 73
15 74
1 75
4 76
16 77
8 78
15 79
1 80
10 81
14 82
12 83
10 84
3 17
12 18
14 19
1 20
2 21
5 22
11 23
8 24
4 25
13 26
10 27
7 28
6 29
7 30
7 31
1 32
2 33
3 34
6 35
11 36
5 37
4 38
2 39
7 40
9 41
4 42
16 43
15 44
9 45
2 46
0 47
16 48
15 49
11 50
5 51
3 52
0 53
9 54
6 55
4 56
8 57
7 58
11 59
12 60
16 61
1 62
2 63
14 64
10 65
1 66
13 67
6 68
15 69
1 70
4 71
0 72
0 73
3 74
10 75
12 76
1 77
7 78
1 79
12 80
16 81
9 82
15 83
9 84
