# First value is number of nodes (N)
650 
# Next N numbers describe the node locations
11002 6629
9186 7921
12126 6828
11297 7599
10213 4686
6569 5375
8342 7190
8899 5084
12215 8031
4105 5656
10813 7288
6331 7459
6479 6552
5973 7892
7741 3045
11418 5955
9299 7361
8701 3957
4755 8712
4596 7442
4252 8292
11733 9712
8474 1998
4318 9142
10507 5404
4707 5770
338 12849
4025 10908
12781 9407
7339 8430
8244 4827
1221 9243
11171 12979
7660 2831
3195 9307
3448 9616
3116 5987
8293 7466
6805 11574
13930 7876
9066 6415
8051 3693
7529 1114
5057 5999
6311 9369
2464 8947
12243 6157
6985 1272
9942 10247
10371 3262
8659 6452
7781 2432
12914 6386
981 5779
5293 4967
4850 6655
10101 2948
2438 7987
5196 12275
4968 12971
3986 6784
3298 2747
7377 1527
13180 3754
5643 9087
8526 8662
5311 9576
6369 10489
8428 3173
3796 6162
2937 4375
12417 7890
8559 5931
7047 2830
4899 11971
6190 2677
5637 10010
4239 5217
14409 9337
9605 3007
7339 5890
7408 3415
4288 7478
6553 8731
9573 5608
4441 7745
8548 12417
10200 5944
7989 6629
10064 3308
13189 9372
2226 6969
9505 7141
3818 7406
5774 1665
1220 7478
7534 2487
3500 10231
10650 5346
2940 10458
13418 9716
7656 1210
2817 9881
4543 6247
6189 9967
7532 3612
2817 10352
6051 1813
7617 6065
4410 7356
9168 8743
3413 8192
11651 9292
8627 4432
12968 7313
9148 7317
3279 10058
7403 3218
7661 2387
740 6338
9473 7108
5071 8535
7127 11008
9487 4855
9798 6564
11662 7016
7077 8797
8221 7373
10516 7748
14486 5124
3087 9786
2988 5718
7909 4517
7682 3721
9653 3387
12946 6518
11696 7858
5813 6890
12846 8088
8575 6405
12615 7117
8596 8464
6515 1731
7766 7271
7379 8939
6566 6721
9591 8238
8873 4678
4252 6270
7455 6034
6168 1541
9737 3317
4382 7341
4142 672
5512 8550
9228 1682
4477 9795
7803 3688
1660 3228
3308 5234
3958 6914
3282 11611
12424 5893
7088 2420
8063 6527
6370 11400
6699 9434
6170 8465
9835 6408
3061 6882
8031 6560
9264 3217
3621 7221
7691 2473
7757 2548
9788 3536
7554 4259
9445 2247
7219 8682
12778 6020
10720 7315
7041 11628
11250 7789
3224 8697
15054 7538
3719 9373
4435 6626
14790 8635
5452 8549
10049 2265
6254 8657
4542 6880
9654 4774
13334 9681
7888 6278
3190 3340
6062 1864
4371 11269
4651 6572
6668 8090
4824 6218
8211 3976
9957 11008
6933 9597
10145 3301
10902 5273
13265 6715
13276 10660
4554 6474
4417 8626
9140 7283
7038 3025
3424 11550
5755 7034
8833 6543
6009 6854
7195 7367
10695 4695
3470 11597
7023 5066
9287 5289
8223 7383
10008 2205
15014 8235
7886 4695
10164 3309
8046 3792
3017 5671
13449 9421
9326 6117
8435 3386
3501 8101
5798 2906
4891 3226
8347 4890
10025 9000
8658 2861
1785 8231
8585 6492
7341 2775
9647 7490
14547 10318
7688 2461
5237 9726
3697 6435
3888 5092
3881 8948
13002 9002
6332 8288
6088 1482
7776 3596
9190 7254
770 7311
4542 7765
6845 7015
10839 7032
8355 9730
2906 8023
4207 5307
2189 2938
14754 6177
2698 10480
9802 3568
9410 7398
8690 8886
8448 7535
8006 7320
8453 5701
8952 3980
8188 3723
4309 5313
6952 7185
4291 7049
13424 9482
5669 2777
4899 9097
7879 4691
4866 6395
8134 9723
9414 6360
335 5818
5022 6273
1354 11637
9740 7609
5401 8560
5907 12925
9119 7470
13821 5543
5758 7032
3479 5816
5913 6703
3996 6950
1080 6174
4801 6342
8407 5648
5574 8537
7178 1943
6126 4196
1005 6275
13402 12864
3801 12982
8379 3261
12683 9397
7902 7496
1872 6290
10482 3323
9154 4876
7888 7340
7260 3510
8208 3634
7494 2458
8260 2996
9182 7187
7887 2487
6145 12207
10470 7086
9311 6913
3893 6889
7416 3722
7481 781
7677 3547
4820 6163
1925 3494
4019 7970
14599 414
6947 9574
8594 6566
9170 6344
13246 7755
9778 3407
3804 6354
2275 3146
10764 6831
3558 9010
3527 9566
2089 9143
9234 6061
9048 11507
5877 1197
8426 7396
8392 2984
9170 4928
5776 6949
3232 4594
13274 6185
10163 3294
8506 6677
7649 4332
8185 3917
10825 6262
7578 4308
1364 7310
6920 5605
2178 5996
5771 9841
11317 8425
6585 9266
3920 8497
7583 3694
9638 8162
7233 2181
8247 4564
7228 11216
9792 3552
12643 7987
13750 9735
10001 6054
5076 6331
2606 3126
3666 7827
3694 9632
8289 5677
9000 12837
11994 7363
12059 5607
3821 9246
6169 12272
9461 3109
11829 7193
12658 9429
6896 7115
8834 6260
13786 9736
12000 9317
5189 6318
6072 3794
7065 8140
8484 6098
12937 8767
4339 7261
5521 9569
5657 12220
4103 10664
6480 7372
7656 1228
3885 6852
9857 552
5037 4901
12849 6499
1491 7230
3098 9581
1861 7142
5331 7071
7309 4367
7621 1423
13622 1508
12665 9432
12639 8242
9703 969
6657 8070
8558 6732
14790 8189
10891 4870
6981 1191
926 6419
3213 5277
10044 2231
8697 3134
13705 5579
10831 9177
7233 8682
3519 7709
11955 2865
1525 7890
3439 4727
2564 8159
5941 585
11038 8541
1994 7695
3946 9184
10539 6854
7844 1123
1883 8675
5113 6816
6835 765
10379 5161
3460 7437
4410 6301
4838 6468
8505 433
6884 9220
13853 9315
3009 9685
6225 12233
5374 8991
7890 4760
11194 3919
6073 422
10642 8538
7938 3763
3950 5335
9534 8306
7185 2422
6580 8718
9393 8765
2327 3165
5160 6821
6981 7685
13045 6965
6995 10666
7755 1149
1503 7228
1042 473
3239 7855
13007 10031
7224 4467
5089 12642
13319 7310
5139 5980
3265 4524
958 6343
14493 8196
6191 2779
8788 3866
11751 4402
9673 6870
1624 8479
5248 8056
3400 9883
3951 4570
4757 6595
6978 11393
6782 9327
7813 7406
13390 10921
8157 6433
5425 6673
6428 7933
6991 7628
3776 7875
5840 5046
11506 7859
7635 3667
4455 11231
10075 2222
7801 6173
8007 2628
7146 2061
4286 5290
5131 12544
6308 7208
7003 1251
13856 9867
10576 6486
4131 7267
6085 12188
12824 8112
9191 7532
9162 6459
9551 8307
4464 6796
10119 7313
8307 2813
9333 2616
4342 7377
9650 7280
7983 3753
9383 8517
10548 2975
13727 5558
6138 2730
9773 5700
9207 4901
12648 8054
9253 2617
6169 11327
14823 8177
6069 1833
6190 9379
3366 6492
7124 7193
7417 7091
8123 6403
14107 6185
7476 5625
7966 5104
1223 579
9241 8876
9361 7390
8237 7271
12915 8815
2942 7388
8340 6606
9345 6040
3013 8255
5319 12062
10042 2163
10107 2982
9618 5012
12798 7726
5914 2890
12932 8837
8077 4391
6944 8156
9660 5450
9349 4673
5400 5785
3885 4479
9236 3958
5986 1645
8515 401
5813 2899
6754 12289
3863 8900
4175 6254
3774 12156
5688 7527
8345 4841
3393 8378
2765 11843
2876 7961
3194 3230
8379 5559
3937 10594
3537 9051
7243 3328
12341 5570
4158 7431
3417 6603
5213 6710
5603 8782
11262 8331
8795 4210
5143 7792
5633 9523
4501 8851
4984 4314
13685 5494
8704 6631
10382 7010
9282 8775
13420 11021
13977 6112
7731 4816
9295 4869
13688 9808
8082 6723
2884 6399
6500 8383
14760 8579
14856 8194
12385 5876
7936 2560
5954 1699
5137 6637
10867 7058
10436 2549
8901 5423
2265 2902
10428 7311
8416 6627
8825 5592
13918 9899
7002 5052
13286 9650
7232 5539
5654 2781
4321 8884
12691 5945
10452 5234
8917 6305
4080 7131
5317 8924
13900 9948
12892 8035
5794 8688
1168 7442
7027 2791
9133 7425
10641 8011
2932 7161
7274 11914
11619 7275
2184 9279
8456 7448
11773 9891
8216 10317
4314 8895
7398 10404
4667 6923
3309 6460
10828 7674
7559 7764
1312 545
6909 4054
9223 6878
3931 5684
4369 8919
11719 11119
5409 5430
# Remaining lines are the edges.
# The first value is the source node index.
# The second value is the target node index.
0 143
1 2
2 52
3 135
1 632
4 89
4 446
0 8
0 5
1 199
1 63
0 179
6 610
6 596
4 377
7 40
1 16
3 8
9 244
0 255
1 126
10 15
5 445
11 20
12 254
13 402
5 198
0 3
8 491
14 79
15 241
5 53
3 136
16 210
17 113
4 177
7 515
9 384
8 15
18 29
11 83
12 13
1 7
5 18
1 110
4 176
19 109
18 59
9 148
0 475
20 272
15 349
6 21
13 86
5 22
20 23
4 123
17 155
1 6
6 50
13 20
18 23
23 82
24 619
14 385
25 43
4 521
25 200
22 242
5 142
18 74
0 217
26 493
20 27
18 444
18 459
18 27
18 261
28 441
8 48
3 15
29 303
29 539
11 66
7 30
5 361
31 34
20 333
20 76
14 41
32 299
15 372
8 28
14 33
34 185
35 370
20 563
14 174
34 35
14 47
34 156
34 334
9 36
37 339
29 266
9 158
38 67
5 9
13 488
29 64
13 93
39 138
39 206
8 112
6 40
6 120
6 139
41 226
7 41
30 132
42 62
5 43
44 284
5 281
13 203
14 22
31 45
45 169
24 46
42 47
32 48
49 547
42 434
1 50
22 51
5 25
49 151
3 52
53 159
34 45
13 44
54 295
5 55
51 173
14 56
5 54
24 98
1 628
8 32
57 252
58 477
58 59
29 580
45 183
60 208
53 469
61 131
62 404
57 237
5 20
3 63
8 202
64 88
4 63
65 85
50 84
11 18
29 66
62 107
1 125
13 19
6 221
9 61
2 3
13 639
44 67
68 157
42 460
42 439
2 63
67 482
36 142
12 69
5 69
9 25
59 104
70 274
13 67
9 646
14 105
5 65
15 71
72 336
18 99
14 73
54 256
26 74
15 39
71 90
27 218
18 26
4 56
19 60
14 30
47 296
75 211
76 97
14 81
12 149
69 77
78 365
79 558
80 108
70 343
5 531
81 117
20 35
68 81
82 456
54 613
14 75
83 622
84 224
7 14
13 453
19 85
11 13
61 70
5 12
9 69
82 577
85 253
7 72
86 362
1 66
39 184
50 214
46 576
85 152
18 82
76 478
67 86
22 602
5 163
87 268
88 127
39 90
49 89
28 90
53 479
15 90
56 79
49 79
75 232
66 243
91 111
91 119
7 92
93 160
7 262
14 94
1 115
95 626
33 96
91 257
87 147
9 191
22 310
31 280
42 559
35 97
75 360
0 98
93 231
1 92
99 285
59 99
76 130
35 76
39 100
54 88
101 394
22 42
102 400
89 305
19 103
86 122
29 104
5 103
105 133
14 62
74 106
57 95
100 193
14 313
78 90
27 392
107 338
0 24
5 14
5 108
102 116
5 109
85 109
110 537
111 463
78 228
62 101
39 112
29 88
113 269
4 113
60 103
71 114
92 115
1 141
34 91
46 98
18 116
104 528
117 239
62 94
45 111
5 81
105 449
96 118
97 130
559 603
3 182
58 104
15 114
95 119
7 50
120 316
44 121
122 481
7 123
124 168
24 124
8 302
72 145
125 378
5 80
86 278
27 74
35 573
14 117
121 323
39 71
38 122
12 108
115 210
11 126
3 125
2 125
6 127
6 251
29 127
7 115
4 7
1 128
13 126
5 348
21 240
129 618
102 130
0 279
1 8
131 172
75 132
5 19
14 173
22 96
5 132
5 133
134 175
57 119
11 178
4 135
7 89
0 128
0 46
18 58
4 129
61 227
136 355
6 88
137 213
138 247
76 116
7 139
3 140
139 381
54 137
13 121
21 141
18 104
142 195
15 138
3 39
70 233
116 130
135 601
35 130
31 119
39 140
9 131
15 140
12 143
1 144
137 145
1 21
139 346
146 359
1 483
147 341
148 437
80 149
14 150
133 358
7 151
152 389
0 136
5 153
30 75
19 154
155 230
108 149
18 156
109 504
5 157
18 34
5 75
19 357
7 220
17 171
70 158
94 196
159 415
160 395
161 300
63 162
9 564
19 44
14 163
54 215
132 153
19 93
5 627
63 374
72 164
156 370
79 151
5 145
72 201
67 165
81 157
158 259
9 142
166 356
63 135
38 165
240 286
19 510
44 167
0 168
7 192
27 106
89 151
3 332
4 168
9 60
9 70
77 159
57 169
5 143
14 96
170 194
22 171
172 578
134 151
5 147
118 173
22 173
51 174
175 329
7 175
9 289
6 141
86 165
15 207
5 171
1 553
53 69
5 68
5 176
176 301
36 131
22 177
144 440
178 420
179 260
13 188
1 386
0 129
10 180
10 136
38 181
112 182
0 180
105 318
45 57
126 178
5 85
14 51
34 183
74 565
6 7
155 222
47 150
184 411
185 568
18 183
93 186
9 186
4 417
28 187
167 188
189 416
167 190
451 537
93 191
4 192
90 193
44 166
20 34
123 192
89 134
111 183
163 296
0 124
174 602
91 169
0 387
13 167
88 170
54 194
179 618
67 203
194 380
17 189
39 193
195 571
196 249
27 197
13 198
13 199
4 22
103 200
5 201
78 187
5 13
32 202
166 203
56 204
39 223
18 246
72 194
94 527
186 291
49 204
1 205
38 86
44 203
3 112
170 485
8 182
114 206
48 202
5 72
67 181
202 372
170 532
136 207
61 142
5 149
25 208
154 209
210 263
44 190
16 92
6 72
73 211
106 212
213 288
27 212
198 293
44 154
7 214
145 215
145 342
216 500
4 217
39 187
155 171
0 4
13 65
161 218
54 145
5 200
177 324
73 75
72 219
19 209
94 150
220 554
126 325
25 103
78 193
29 221
137 215
7 87
189 222
187 223
7 205
224 572
14 211
139 214
27 569
218 565
204 225
1 210
63 205
96 173
39 364
25 60
30 226
6 29
13 190
36 227
39 228
50 224
192 548
114 458
36 61
1 409
78 223
30 516
87 229
22 230
231 421
145 219
195 368
232 561
142 233
234 535
8 187
78 273
26 27
212 218
13 191
131 227
171 513
232 550
87 220
147 234
235 315
93 121
4 236
136 448
142 616
22 236
103 208
0 235
72 567
155 189
14 422
237 476
50 238
56 89
129 217
197 459
5 239
146 240
117 575
15 136
50 139
28 241
118 242
243 625
13 166
50 326
39 78
89 204
30 41
19 244
22 155
22 118
49 225
214 607
201 234
77 245
127 221
240 283
223 526
229 543
194 219
44 188
137 579
31 57
185 246
247 467
64 248
77 258
19 188
11 243
249 426
15 28
7 229
247 383
68 250
146 451
94 249
7 251
133 492
75 153
252 353
91 414
133 308
18 185
14 239
136 180
171 230
253 500
19 231
88 457
9 93
13 253
7 507
9 19
1 254
19 253
173 242
244 529
255 605
53 77
143 254
70 142
256 271
45 257
258 498
32 241
252 304
84 214
10 366
65 253
54 64
45 432
120 251
88 256
180 255
246 333
54 248
1 12
424 450
104 354
111 257
259 331
39 247
258 270
150 196
61 322
257 570
260 592
0 518
45 261
45 574
134 262
129 519
134 363
61 455
7 134
45 282
92 263
92 210
37 264
6 265
264 265
29 37
37 634
263 538
6 266
266 303
37 266
6 264
267 371
267 294
234 268
7 224
5 269
87 582
147 268
269 309
9 270
77 270
9 258
113 297
271 615
248 256
54 271
55 272
39 273
5 274
228 273
100 273
44 275
209 617
30 276
53 274
277 486
5 272
276 534
121 275
55 480
67 278
13 272
7 276
142 274
13 638
4 279
165 278
168 279
55 198
279 387
91 280
281 321
31 91
18 282
261 282
1 283
25 468
209 284
154 284
280 292
283 337
34 633
200 321
275 284
1 240
285 314
58 99
6 286
21 286
59 466
260 287
5 288
137 393
179 287
50 286
129 287
289 330
5 290
54 290
9 172
145 288
19 291
119 292
19 160
91 470
288 290
36 289
119 280
93 630
277 293
198 277
293 486
214 294
7 294
224 294
18 295
18 54
29 295
5 296
42 296
14 296
5 297
292 298
299 648
241 299
5 113
5 644
91 292
32 635
280 298
212 300
161 212
218 300
113 301
39 302
1 303
4 301
39 379
1 29
169 304
225 305
6 303
169 401
225 345
49 305
169 252
39 406
113 176
306 555
7 147
87 555
143 307
1 143
254 307
68 308
105 308
68 133
17 309
113 309
5 309
33 310
96 310
236 311
14 310
236 512
22 311
312 645
7 120
251 316
311 313
14 311
22 313
58 314
180 315
312 316
291 317
7 316
5 318
285 376
319 413
250 320
133 250
321 397
93 317
5 321
158 322
42 150
19 323
324 408
47 319
199 325
139 326
155 177
5 105
126 199
120 312
281 367
40 327
133 318
324 396
328 533
19 121
39 328
238 326
0 315
89 329
15 328
235 609
40 139
19 317
9 322
7 327
13 325
58 391
172 330
331 608
4 332
231 323
18 333
89 175
68 320
134 329
172 289
18 20
158 331
18 334
326 588
9 330
61 536
4 398
185 333
335 423
0 332
45 237
185 334
87 336
146 337
72 87
146 283
31 335
229 336
282 334
94 338
94 603
61 447
94 107
265 339
340 496
337 359
37 265
341 594
339 634
7 341
14 236
147 306
340 422
213 342
145 213
137 342
53 343
287 344
344 405
89 345
179 344
274 343
89 225
53 70
204 345
238 346
139 238
326 346
113 347
269 350
297 347
17 348
171 348
5 17
0 349
0 15
15 503
347 350
297 350
351 399
5 352
57 351
147 352
5 495
113 350
304 401
91 353
169 353
91 252
243 354
58 354
104 243
235 355
190 356
136 419
13 356
275 357
320 358
68 358
1 359
44 356
360 452
7 361
133 320
357 369
181 362
86 181
211 360
38 362
5 360
355 629
283 359
209 357
7 363
147 361
364 523
15 364
262 363
1 146
276 361
175 363
100 365
100 502
39 114
273 365
0 366
5 367
10 589
70 368
121 369
321 367
121 357
70 195
0 10
43 468
18 370
116 370
275 369
34 370
61 368
7 371
267 611
224 371
32 372
15 373
8 372
135 374
20 375
372 484
58 376
377 473
162 374
52 378
113 377
8 379
2 378
88 380
381 620
381 508
3 378
4 374
78 382
20 185
383 551
155 377
12 384
314 443
68 385
178 386
58 285
15 506
8 39
207 448
11 386
7 381
54 380
176 387
9 12
14 68
15 388
5 389
66 390
247 388
5 387
34 375
391 505
365 382
243 390
5 152
74 392
288 393
394 431
42 394
317 395
22 396
66 104
397 586
160 317
78 100
3 398
314 505
88 194
4 387
106 392
399 461
85 389
367 397
155 396
247 540
252 351
35 400
351 401
57 401
3 4
135 398
18 392
384 402
9 402
137 288
25 321
132 403
35 102
22 324
302 379
12 402
132 552
130 442
93 395
62 394
22 404
129 405
9 13
8 406
252 401
22 62
285 499
247 407
112 406
5 403
287 405
144 386
15 247
385 449
408 560
155 324
401 461
302 464
129 344
138 388
404 431
213 393
388 407
3 373
396 560
13 409
170 410
13 487
411 599
39 526
6 170
1 13
39 411
88 596
205 412
412 435
150 413
4 474
57 414
119 414
319 501
57 91
150 319
69 415
69 159
77 415
171 416
222 494
155 417
179 418
171 189
235 419
4 155
136 427
144 420
121 421
126 420
4 422
377 417
237 423
129 179
236 422
144 178
56 422
245 424
169 425
31 423
323 421
150 426
136 235
235 427
77 424
245 450
94 426
31 428
375 429
93 436
129 587
10 430
22 431
91 425
185 375
355 427
335 432
433 583
10 255
22 394
196 426
5 434
45 425
435 548
0 430
436 541
60 437
198 438
319 439
5 480
126 440
205 435
480 486
78 441
400 442
126 144
102 442
296 434
376 443
20 444
314 376
45 335
423 432
31 237
22 497
4 435
62 431
9 437
57 428
445 465
5 276
412 446
121 436
5 82
1 440
158 447
373 448
259 462
45 423
27 444
61 158
42 319
68 449
130 400
53 450
14 449
21 451
419 427
451 454
21 146
205 446
14 452
285 525
361 593
187 441
453 598
77 450
454 509
158 455
20 429
308 449
9 450
126 453
18 433
11 444
47 439
14 360
4 412
70 455
60 148
90 441
433 456
248 457
39 458
71 458
146 454
64 457
27 459
15 448
101 460
82 433
455 608
451 517
93 421
5 489
42 101
444 459
26 459
252 461
83 453
256 457
447 462
5 452
463 544
406 464
276 465
206 458
285 466
91 463
328 467
59 285
15 467
367 468
9 469
298 470
259 447
5 468
39 464
450 469
70 469
394 460
466 499
187 471
397 468
8 464
5 472
462 536
3 448
361 465
17 473
205 474
475 511
428 476
11 477
18 478
479 557
77 479
438 480
481 636
351 461
237 428
18 76
86 481
13 482
307 483
17 377
31 476
472 520
34 111
116 478
53 424
18 477
252 399
44 482
153 472
38 481
484 614
198 480
113 473
164 485
243 477
55 486
482 638
1 487
409 487
216 488
280 470
198 486
164 170
456 489
248 490
256 490
491 641
82 489
4 205
1 307
8 128
13 216
5 456
39 471
68 492
91 298
143 483
197 493
0 1
12 487
54 556
5 492
15 484
241 372
488 642
55 277
187 411
416 494
26 197
234 495
352 495
438 486
222 416
5 234
14 496
1 641
63 474
222 546
434 497
5 497
450 498
58 499
500 530
128 511
9 498
358 492
14 340
150 501
382 502
236 496
499 545
258 450
502 612
485 532
413 501
0 503
47 501
5 465
22 434
59 499
502 595
503 589
152 504
285 505
247 328
407 506
6 507
459 493
65 216
40 508
109 514
1 509
451 509
146 509
186 510
40 507
58 505
139 508
19 186
1 511
13 566
251 507
340 512
222 513
152 514
155 513
1 515
15 624
109 152
85 514
222 524
1 475
9 510
92 515
236 340
349 503
41 516
1 517
226 516
50 515
344 518
388 506
1 451
496 512
0 344
285 391
1 590
0 511
418 519
75 520
14 516
327 508
124 521
5 520
504 514
306 522
523 549
171 524
171 222
147 522
525 631
411 526
150 527
184 526
306 341
390 528
14 527
60 529
15 523
285 562
65 530
12 531
72 532
140 533
60 244
196 527
403 534
19 529
352 535
259 536
65 500
168 521
143 531
129 418
39 533
243 528
234 352
447 643
513 524
21 537
16 538
264 539
388 540
132 534
421 541
129 518
407 540
421 436
164 542
72 543
232 520
29 264
528 584
121 541
34 544
5 534
37 539
140 328
391 545
416 546
58 545
39 523
72 229
336 543
495 535
494 606
149 531
526 600
170 542
56 547
7 548
114 549
331 536
472 550
153 550
114 523
388 551
276 552
247 551
216 530
132 276
11 553
49 56
205 548
15 549
229 554
7 555
490 556
424 557
7 558
30 552
94 559
1 11
7 79
16 263
520 550
21 110
87 554
155 560
324 560
285 545
386 553
490 649
424 479
248 556
91 544
7 306
1 537
7 554
147 555
519 587
111 544
24 521
153 561
164 532
443 562
153 232
4 548
383 388
550 561
18 563
194 532
60 564
76 563
106 565
148 564
79 547
285 443
500 566
14 558
13 500
234 567
72 234
171 546
525 562
106 218
376 562
383 540
42 94
6 164
23 563
92 538
155 408
429 568
216 566
161 569
20 568
27 565
201 567
53 557
425 570
61 571
267 572
27 161
371 572
116 573
18 574
183 574
142 571
257 425
375 568
62 559
102 573
244 564
5 575
81 575
4 576
577 621
36 578
218 569
368 571
290 579
20 82
289 578
45 570
5 577
172 597
294 572
137 290
54 580
18 45
29 54
180 581
136 581
129 576
234 582
295 580
5 583
370 573
5 433
66 584
180 355
66 528
4 46
275 585
87 234
25 586
179 587
268 582
357 585
214 588
214 326
239 575
0 589
50 588
366 589
468 586
288 579
451 590
241 591
209 275
129 592
25 397
104 584
15 591
445 593
522 594
341 522
15 589
418 587
517 590
465 593
372 591
365 595
179 592
5 593
410 596
170 596
36 597
11 598
471 599
187 600
537 590
100 595
587 592
36 172
162 601
411 471
14 602
36 640
187 526
107 603
583 604
11 453
313 602
135 162
187 599
374 601
456 604
430 605
546 606
223 600
224 607
61 608
180 609
180 235
129 260
84 607
542 610
315 609
7 611
382 595
612 623
338 603
100 612
147 594
371 611
219 613
255 430
6 542
591 614
456 583
490 615
70 616
274 616
170 610
416 606
15 614
585 617
46 618
4 619
294 611
327 620
54 219
6 410
536 608
20 621
13 622
10 605
20 577
78 623
407 624
126 598
54 615
433 604
58 625
13 83
145 613
209 585
233 616
100 623
247 624
11 622
294 607
51 602
78 612
4 24
271 490
31 626
327 381
14 627
31 95
46 129
5 621
158 608
286 628
581 629
275 637
508 620
180 629
62 603
291 630
163 627
78 502
93 291
46 619
0 618
354 625
1 286
443 631
506 624
3 632
477 625
282 633
50 628
355 581
239 627
6 634
6 37
265 634
125 632
119 626
186 630
8 632
484 591
443 525
34 282
45 633
28 635
285 631
165 636
617 637
585 637
165 481
86 636
8 635
494 546
278 638
28 32
209 647
86 638
67 638
55 639
13 55
198 639
172 640
597 640
128 641
131 640
8 641
65 642
536 643
447 536
462 643
128 491
350 644
216 642
7 645
297 644
7 312
13 642
5 350
120 645
77 646
9 77
69 646
637 647
28 648
209 637
32 648
54 649
241 648
556 649
275 647
54 490
63 125
143 387
88 410
113 417
199 440
136 589
453 622
402 487
437 564
24 168
20 392
1 266
35 563
23 76
185 282
142 289
67 166
34 335
296 439
22 296
31 633
79 422
9 227
374 474
2 632
131 322
12 53
5 60
86 203
88 271
75 516
34 76
83 126
109 253
20 622
6 229
147 582
71 193
257 463
292 414
62 527
7 210
111 425
268 555
5 211
97 116
193 273
256 380
35 442
18 66
308 318
18 106
19 514
301 377
19 208
14 575
165 638
26 565
325 453
46 179
116 442
118 310
130 478
214 381
215 290
44 93
70 571
3 533
7 594
79 134
14 132
148 244
296 627
67 481
25 437
0 531
5 230
278 636
287 592
217 518
169 237
173 174
34 574
21 590
14 196
122 362
194 485
145 393
106 161
19 284
145 194
220 555
294 371
73 360
49 345
16 115
221 264
28 39
228 365
520 561
0 609
13 436
96 242
54 72
270 450
21 454
5 358
159 479
111 570
85 500
64 556
58 243
264 634
50 371
270 498
30 361
5 616
168 387
6 240
260 344
260 405
5 137
5 579
214 611
379 464
133 449
311 602
251 312
58 562
214 346
4 324
7 508
22 560
160 291
505 545
57 423
87 543
343 469
269 347
354 528
369 585
1 337
175 262
206 523
15 366
35 156
7 572
202 241
333 568
11 144
178 553
81 385
138 506
78 595
57 461
393 579
200 397
467 624
177 408
184 223
410 610
199 409
47 413
355 419
4 14
169 257
34 568
5 604
42 431
11 27
58 443
31 432
465 534
93 541
237 432
308 385
562 631
28 78
9 53
122 636
122 165
11 625
248 271
446 474
143 475
32 591
171 494
59 545
422 496
276 445
39 467
40 251
14 226
15 407
524 546
184 187
376 525
143 149
529 564
331 462
114 364
259 608
396 408
77 557
110 590
72 485
540 551
314 631
81 239
64 580
18 583
235 629
390 584
139 588
179 519
241 484
361 445
411 600
63 601
214 224
7 620
576 618
107 559
382 612
317 630
240 628
1 3
334 633
131 597
