# First value is number of nodes (N)
85 
# Next N numbers describe the node locations
692 918
827 622
429 766
550 748
767 274
1070 742
1399 445
481 618
1015 145
342 643
473 780
691 958
366 252
2 433
558 874
366 458
557 1071
582 793
834 587
170 831
645 646
623 477
761 451
409 921
1119 255
1203 318
90 851
550 666
653 380
1292 50
377 591
428 666
566 852
473 698
719 939
1035 409
643 916
986 485
640 183
402 736
596 457
291 746
980 191
535 1028
547 588
56 485
410 761
772 1036
166 832
53 435
543 978
781 840
623 687
419 875
591 808
1150 313
881 560
1224 218
661 368
413 917
697 317
721 961
983 458
376 764
526 856
455 918
1031 408
179 266
1406 623
286 296
597 826
924 267
593 876
633 909
192 508
571 847
625 172
969 1041
891 47
584 448
778 547
448 967
396 854
314 275
547 779
# Remaining lines are the edges.
# The first value is the source node index.
# The second value is the target node index.
0 17
1 18
2 19
3 20
4 21
3 22
2 23
5 24
6 25
2 26
7 27
4 28
8 29
9 30
3 31
10 32
3 33
11 34
1 35
0 36
4 37
12 38
7 39
1 40
13 41
8 42
14 43
2 44
15 45
9 46
16 47
2 48
13 49
14 50
0 51
1 52
2 53
3 54
4 55
5 56
6 57
4 58
2 59
7 60
0 61
8 62
9 63
10 64
11 65
6 66
12 67
5 68
13 69
14 70
8 71
10 72
11 73
15 74
1 75
4 76
16 77
8 78
15 79
1 80
10 81
14 82
12 83
10 84
3 17
12 18
14 19
1 20
2 21
5 22
11 23
8 24
4 25
13 26
10 27
7 28
6 29
7 30
7 31
1 32
2 33
3 34
6 35
11 36
5 37
4 38
2 39
7 40
9 41
4 42
16 43
15 44
9 45
2 46
0 47
16 48
15 49
11 50
5 51
3 52
0 53
9 54
6 55
4 56
8 57
7 58
11 59
12 60
16 61
1 62
2 63
14 64
10 65
1 66
13 67
6 68
15 69
1 70
4 71
0 72
0 73
3 74
10 75
12 76
1 77
7 78
1 79
12 80
16 81
9 82
15 83
9 84
